500
0.749504 0.203497
0.084384 0.810053
0.736534 0.521439
0.605335 0.403088
0.840327 0.254524
0.806269 0.214454
0.912809 0.287454
0.793786 0.237251
0.123630 0.822687
0.221046 0.716117
0.837855 0.456282
0.220527 0.707450
0.165044 0.662221
0.720969 0.475448
0.821223 0.456557
0.213477 0.744835
0.791986 0.422773
0.740928 0.573473
0.013092 0.694266
0.115513 0.706687
0.188177 0.794031
0.775964 0.490493
0.620563 0.421827
0.256661 0.731407
0.915952 0.379406
0.101413 0.696921
0.864193 0.370495
0.595416 0.500931
0.201209 0.888241
0.847743 0.254891
0.611133 0.513596
0.809778 0.239479
0.633442 0.269051
0.862819 0.237892
0.110233 0.719901
0.882748 0.414014
0.048799 0.848628
0.795953 0.497421
0.883602 0.327860
0.235206 0.649129
0.892697 0.331400
0.205390 0.784814
0.796014 0.400403
0.805811 0.293313
0.829615 0.249458
0.808069 0.492294
0.634022 0.484481
0.029481 0.835108
0.119785 0.778802
0.188543 0.614216
0.574664 0.453200
0.745537 0.219306
0.656209 0.534928
0.258553 0.812586
0.063234 0.810755
0.148930 0.717032
0.857509 0.525773
0.136937 0.783380
0.840480 0.568285
0.567553 0.404065
0.865291 0.406507
0.182775 0.696341
0.804590 0.273293
0.814844 0.459670
0.624561 0.447310
0.692892 0.520646
0.552904 0.378124
0.222571 0.645405
0.873440 0.406629
0.177007 0.616382
0.769036 0.505295
0.787500 0.523057
0.166417 0.719565
0.158574 0.788507
0.889676 0.380993
0.827143 0.548235
0.832606 0.393933
0.037477 0.846431
0.241371 0.655965
0.745720 0.530045
0.782128 0.561174
0.263588 0.669607
0.829585 0.335643
0.803797 0.236366
0.758904 0.221900
0.803247 0.589190
0.818690 0.336436
0.727683 0.211432
0.603168 0.515671
0.164830 0.607654
0.784967 0.216559
0.793909 0.533097
0.903562 0.445112
0.763665 0.483474
0.047914 0.771874
0.849513 0.421064
0.857692 0.413770
0.720969 0.482009
0.824366 0.400769
0.105136 0.867916
0.135166 0.760552
0.796319 0.300302
0.215461 0.678854
0.108951 0.760338
0.859737 0.354076
0.777612 0.529008
0.946287 0.390393
0.710685 0.493942
0.167638 0.887417
0.942839 0.353404
0.132115 0.716483
0.872890 0.425092
0.768883 0.491348
0.840144 0.428541
0.834468 0.536454
0.871822 0.439497
0.821406 0.502396
0.063662 0.692587
0.240242 0.719260
0.226142 0.738975
0.716971 0.532853
0.898068 0.472854
0.076174 0.783715
0.882199 0.304331
0.659505 0.570696
0.896573 0.476882
0.664235 0.443922
0.267373 0.696432
0.187048 0.877071
0.908322 0.399915
0.081759 0.686483
0.661519 0.455550
0.817713 0.404523
0.115268 0.629048
0.905210 0.482681
0.931608 0.442701
0.630299 0.521470
0.597491 0.509842
0.209174 0.619312
0.657308 0.555132
0.181738 0.671804
0.078219 0.793939
0.764855 0.211127
0.022492 0.746544
0.773217 0.576952
0.064394 0.699667
0.853603 0.249245
0.169652 0.727287
0.148045 0.890225
0.621296 0.272530
0.836268 0.240181
0.822840 0.216010
0.066012 0.657277
0.296365 0.754295
0.614551 0.431623
0.026368 0.689047
0.124393 0.864254
0.197638 0.717948
0.112980 0.833888
0.871059 0.241066
0.917142 0.306314
0.868007 0.246162
0.777398 0.221229
0.173193 0.778832
0.842219 0.235755
0.188726 0.812891
0.145146 0.659841
0.642598 0.558885
0.773125 0.518571
0.190191 0.712516
0.250282 0.673971
0.206763 0.867306
0.826716 0.472427
0.665548 0.233985
0.596606 0.438307
0.679464 0.242531
0.212836 0.882015
0.184637 0.622059
0.185186 0.826441
0.681478 0.558580
0.866756 0.459975
0.062258 0.773705
0.234993 0.781304
0.085879 0.781671
0.230323 0.803339
0.859066 0.240547
0.015076 0.712851
0.786187 0.273782
0.815058 0.339854
0.894711 0.390667
0.784845 0.274239
0.050508 0.808679
0.582507 0.442579
0.851924 0.267220
0.254341 0.758110
0.290078 0.718131
0.119022 0.604114
0.139225 0.621174
0.261605 0.799982
0.092532 0.615040
0.684530 0.487350
0.118564 0.751152
0.692862 0.577013
0.731590 0.227332
0.921873 0.404950
0.198859 0.700888
0.756340 0.547685
0.158940 0.837794
0.275643 0.725333
0.641682 0.498520
0.791223 0.215674
0.862636 0.412793
0.133732 0.660604
0.293863 0.721091
0.862880 0.488876
0.730522 0.228217
0.124699 0.755394
0.945982 0.436323
0.253334 0.759606
0.164434 0.740471
0.222571 0.864040
0.021485 0.768059
0.267800 0.748131
0.232826 0.774712
0.842799 0.570818
0.259621 0.796594
0.864711 0.435774
0.644215 0.453536
0.242103 0.816156
0.928800 0.367504
0.834834 0.516648
0.751885 0.517289
0.586932 0.335826
0.204108 0.672811
0.588183 0.330271
0.781304 0.469893
0.068239 0.776147
0.059420 0.811090
0.594684 0.444197
0.114780 0.714164
0.165807 0.664571
0.084384 0.832270
0.675710 0.583453
0.644826 0.449812
0.031526 0.768883
0.186438 0.811853
0.754936 0.582263
0.597095 0.297769
0.815851 0.430311
0.611438 0.500443
0.174200 0.742973
0.701834 0.219886
0.832789 0.418195
0.898953 0.432783
0.735435 0.594470
0.099551 0.679189
0.110843 0.803613
0.204016 0.773370
0.030427 0.822413
0.805780 0.487472
0.189764 0.650410
0.150639 0.728324
0.789911 0.459151
0.675893 0.492416
0.703787 0.565935
0.222571 0.877743
0.010651 0.788354
0.011261 0.723319
0.603015 0.397412
0.873989 0.430616
0.256203 0.743095
0.281381 0.820063
0.584399 0.302286
0.050020 0.739006
0.244636 0.835139
0.605609 0.486190
0.609485 0.406110
0.606220 0.422956
0.660695 0.566729
0.837245 0.543596
0.842860 0.431837
0.757073 0.517685
0.803278 0.245064
0.612506 0.482070
0.831050 0.271584
0.750420 0.439528
0.264565 0.789941
0.226630 0.734672
0.850124 0.299600
0.707175 0.503037
0.120701 0.657460
0.854671 0.280435
0.592181 0.322825
0.764183 0.499191
0.768792 0.270180
0.742241 0.539415
0.217811 0.649464
0.076235 0.841914
0.672811 0.249947
0.823817 0.444929
0.732658 0.450941
0.053529 0.752892
0.226356 0.797815
0.278756 0.695029
0.845576 0.398541
0.237617 0.734031
0.089358 0.625111
0.109226 0.875027
0.206458 0.810724
0.708243 0.462508
0.806177 0.342509
0.833766 0.495804
0.092563 0.711966
0.917631 0.319742
0.780053 0.268960
0.251503 0.713248
0.143132 0.809046
0.567888 0.415906
0.790735 0.494369
0.829524 0.499771
0.789666 0.204566
0.120731 0.657521
0.826106 0.568896
0.817438 0.526292
0.201971 0.663503
0.839106 0.343944
0.697531 0.464705
0.572863 0.400403
0.156926 0.739799
0.855831 0.517563
0.777612 0.596301
0.063662 0.742180
0.897763 0.462844
0.005493 0.723075
0.131901 0.698508
0.694510 0.588397
0.032624 0.673299
0.940519 0.434248
0.028504 0.813929
0.793664 0.477432
0.043672 0.709525
0.821162 0.294076
0.170110 0.817011
0.096072 0.782891
0.101108 0.658376
0.006806 0.732261
0.914640 0.490188
0.598956 0.421827
0.846736 0.389569
0.169744 0.608509
0.587451 0.467269
0.850154 0.504593
0.275338 0.720847
0.724052 0.235328
0.149052 0.689749
0.211402 0.749809
0.873562 0.539415
0.645405 0.484207
0.127995 0.625019
0.076998 0.691275
0.849422 0.434339
0.685568 0.468093
0.817621 0.375683
0.663472 0.506912
0.680502 0.574877
0.191076 0.877255
0.728263 0.214881
0.221503 0.835505
0.270577 0.830927
0.236030 0.866237
0.655354 0.227638
0.813807 0.358165
0.206824 0.834193
0.675588 0.549272
0.596179 0.500656
0.145848 0.738365
0.888302 0.471053
0.220008 0.677236
0.668508 0.573260
0.292459 0.796350
0.207678 0.850459
0.203772 0.762627
0.666128 0.527024
0.217597 0.670705
0.860164 0.378613
0.218818 0.762597
0.894375 0.383801
0.928709 0.474258
0.147343 0.746910
0.088748 0.807794
0.278237 0.701590
0.776055 0.590716
0.783105 0.560015
0.079531 0.692129
0.004364 0.724296
0.063448 0.642201
0.668874 0.252663
0.582385 0.322306
0.738762 0.224616
0.145543 0.791498
0.806055 0.308908
0.577380 0.314707
0.747429 0.212165
0.258889 0.672384
0.084536 0.696036
0.196875 0.653310
0.085208 0.745842
0.147099 0.705191
0.868557 0.470840
0.739891 0.482833
0.103916 0.632862
0.083010 0.660146
0.683493 0.452071
0.859432 0.388409
0.878201 0.344462
0.205878 0.864864
0.250038 0.766564
0.600543 0.527207
0.807001 0.588519
0.613788 0.290323
0.824000 0.556322
0.227271 0.632038
0.834254 0.353923
0.861782 0.376934
0.161901 0.636372
0.799921 0.560900
0.168706 0.615833
0.657125 0.560289
0.562212 0.370922
0.155065 0.710166
0.841762 0.255806
0.904141 0.493484
0.272195 0.812647
0.022767 0.803858
0.254341 0.763665
0.097385 0.688955
0.585894 0.350658
0.658315 0.251381
0.045320 0.758354
0.102512 0.852351
0.195776 0.757225
0.264016 0.677816
0.839137 0.318400
0.845851 0.228675
0.857997 0.565722
0.178930 0.880398
0.196448 0.871914
0.883450 0.522629
0.174017 0.770287
0.064730 0.706320
0.777306 0.285012
0.922239 0.330454
0.123051 0.846217
0.179785 0.756096
0.890500 0.342143
0.027406 0.772423
0.755058 0.224372
0.790582 0.422590
0.640767 0.520554
0.891903 0.328684
0.856441 0.417035
0.844356 0.348399
0.631092 0.435194
0.044282 0.836085
0.562365 0.468612
0.834590 0.519486
0.677969 0.525254
0.709891 0.224830
0.622456 0.461104
0.744743 0.576220
0.169530 0.620960
0.828303 0.559221
0.148778 0.657521
0.064180 0.858516
0.212043 0.885830
0.869259 0.345286
0.131260 0.639637
0.082034 0.689993
0.652028 0.462905
0.217231 0.782159
0.678060 0.214057
0.047334 0.684256
0.790674 0.431257
0.592181 0.279275
0.236793 0.639363
0.111637 0.638966
0.707266 0.219092
0.904233 0.273812
0.586505 0.291360
0.820002 0.407544
0.101108 0.685598
0.788385 0.537431
0.172430 0.725272
0.020966 0.791253
0.914151 0.320719
0.836787 0.565142
0.154729 0.604846
0.700064 0.491226
0.146428 0.816919
0.650838 0.260475
