5000
0.524033 0.052583
0.730430 0.657888
0.238166 0.172460
0.554674 0.721335
0.899686 0.927335
0.482223 0.131932
0.767113 0.974364
0.392071 0.252571
0.134190 0.187201
0.172246 0.571490
0.450819 0.661306
0.745842 0.060762
0.761345 0.170171
0.571612 0.504440
0.731620 0.162114
0.467605 0.460829
0.150090 0.381573
0.370739 0.107791
0.387921 0.215125
0.251625 0.253151
0.419019 0.399915
0.552446 0.717002
0.133763 0.321543
0.435652 0.585833
0.583026 0.972411
0.989166 0.901334
0.369366 0.913236
0.574084 0.886685
0.803674 0.126621
0.521409 0.989624
0.896512 0.934263
0.967101 0.666250
0.968200 0.986694
0.290628 0.403455
0.181616 0.424512
0.682089 0.295816
0.760186 0.315653
0.752129 0.129032
0.076235 0.322703
0.427992 0.571062
0.277810 0.325388
0.452040 0.445051
0.303812 0.844569
0.480087 0.473464
0.273537 0.592730
0.620746 0.210547
0.154363 0.965972
0.754021 0.765770
0.969359 0.041963
0.731529 0.929167
0.909391 0.778069
0.657521 0.321757
0.119755 0.986023
0.881710 0.178808
0.549913 0.216956
0.671316 0.052553
0.843287 0.665426
0.123692 0.952666
0.420209 0.956542
0.623798 0.013733
0.508042 0.014557
0.080935 0.961303
0.069613 0.033235
0.166509 0.524064
0.190466 0.440229
0.045137 0.364696
0.912717 0.519822
0.132023 0.933561
0.297647 0.350139
0.906308 0.153111
0.998383 0.210852
0.312540 0.338420
0.122929 0.118015
0.670156 0.642170
0.401166 0.756859
0.318735 0.665578
0.994171 0.169439
0.327250 0.437147
0.954863 0.568102
0.603778 0.246925
0.437574 0.893399
0.778069 0.861293
0.418928 0.766900
0.464370 0.145177
0.436476 0.414258
0.866878 0.028443
0.453505 0.544115
0.389508 0.358715
0.864132 0.821314
0.663411 0.628132
0.625355 0.300974
0.748192 0.055910
0.469283 0.865505
0.330088 0.790643
0.987671 0.607044
0.313059 0.925718
0.125553 0.222694
0.911069 0.197272
0.912992 0.657674
0.404157 0.755699
0.829951 0.015076
0.352550 0.811365
0.893796 0.131870
0.295175 0.451247
0.708609 0.269143
0.259896 0.444258
0.853145 0.109256
0.286782 0.234443
0.497085 0.253059
0.270913 0.107608
0.184057 0.923063
0.532609 0.802942
0.655904 0.837153
0.377239 0.093020
0.675192 0.026734
0.318125 0.985290
0.121128 0.517960
0.765404 0.656178
0.744163 0.720328
0.008454 0.183294
0.974059 0.856685
0.342082 0.292093
0.304849 0.933561
0.780511 0.338878
0.970916 0.838343
0.390423 0.436445
0.774682 0.128483
0.789544 0.308451
0.394116 0.331217
0.661336 0.263771
0.631703 0.327555
0.934812 0.487197
0.832087 0.917508
0.421735 0.765679
0.249458 0.494980
0.436628 0.770013
0.216254 0.274239
0.821497 0.113773
0.267129 0.143681
0.059175 0.193976
0.387890 0.473708
0.326518 0.598895
0.304483 0.074068
0.242347 0.397778
0.176885 0.925169
0.458052 0.922208
0.653462 0.652577
0.884518 0.576739
0.608783 0.867580
0.483169 0.590747
0.513657 0.181463
0.924741 0.862484
0.861599 0.791833
0.199469 0.539842
0.440748 0.872036
0.976531 0.567248
0.284951 0.554094
0.303720 0.412549
0.426588 0.622120
0.044679 0.083071
0.549059 0.409223
0.550066 0.976714
0.609668 0.090732
0.651723 0.023927
0.038087 0.214087
0.698233 0.707114
0.303873 0.121220
0.912137 0.112735
0.384228 0.670034
0.851314 0.673421
0.163640 0.160588
0.296304 0.873043
0.562700 0.122715
0.831660 0.809015
0.251473 0.239448
0.512406 0.933561
0.555834 0.479019
0.447432 0.829188
0.718986 0.860073
0.758843 0.336253
0.563646 0.160100
0.561754 0.203314
0.980682 0.317240
0.477126 0.462600
0.923368 0.662587
0.362133 0.720328
0.149663 0.226539
0.771783 0.696554
0.076266 0.468795
0.215247 0.146641
0.511399 0.426069
0.086276 0.580187
0.147984 0.473312
0.379406 0.610340
0.784204 0.019501
0.472091 0.851009
0.367321 0.770898
0.467452 0.860652
0.002930 0.008545
0.585650 0.218635
0.288766 0.485000
0.702628 0.641713
0.056001 0.998810
0.472427 0.068819
0.957579 0.567675
0.478317 0.314035
0.232246 0.316141
0.704764 0.650929
0.374554 0.802118
0.054231 0.542619
0.295663 0.023957
0.450575 0.115055
0.452101 0.458724
0.370251 0.160527
0.713889 0.044313
0.910398 0.788568
0.684988 0.763756
0.640828 0.916990
0.069216 0.943205
0.109806 0.476516
0.580828 0.742119
0.073214 0.421552
0.491714 0.015442
0.502915 0.580737
0.940794 0.489029
0.751732 0.430158
0.928373 0.533891
0.814966 0.984985
0.016907 0.050417
0.795740 0.820673
0.068178 0.543718
0.407788 0.609149
0.127598 0.194311
0.658681 0.179754
0.650990 0.303323
0.365978 0.832759
0.030396 0.160527
0.549516 0.698416
0.002533 0.970580
0.447127 0.502182
0.503342 0.639180
0.399060 0.360820
0.020356 0.100009
0.107669 0.580645
0.466475 0.017396
0.871517 0.891598
0.315104 0.084536
0.580157 0.788476
0.257393 0.531266
0.280374 0.982513
0.542924 0.815943
0.770287 0.178320
0.970336 0.015687
0.327616 0.228645
0.971770 0.034303
0.968780 0.188910
0.790582 0.933744
0.536790 0.412671
0.881893 0.228065
0.294595 0.179724
0.570605 0.858364
0.316538 0.369579
0.251381 0.011963
0.425764 0.857173
0.116642 0.042482
0.767052 0.600269
0.040376 0.519364
0.328379 0.731437
0.828364 0.730216
0.614338 0.190344
0.284463 0.513596
0.478286 0.950499
0.447096 0.199530
0.769402 0.415693
0.396985 0.229102
0.294900 0.240638
0.985321 0.472030
0.950987 0.893551
0.399823 0.083560
0.237526 0.610828
0.953764 0.850856
0.124241 0.958220
0.348735 0.435011
0.066836 0.997284
0.950407 0.515610
0.072909 0.561541
0.355907 0.467025
0.326273 0.644856
0.870693 0.112400
0.030824 0.978973
0.621632 0.941038
0.615131 0.072481
0.358470 0.749260
0.395764 0.566027
0.023804 0.617450
0.817774 0.126102
0.414106 0.588183
0.420148 0.956999
0.462661 0.453902
0.884426 0.092685
0.331278 0.436811
0.921537 0.768120
0.712455 0.768395
0.409680 0.130222
0.319803 0.343425
0.057649 0.373791
0.106937 0.188360
0.624439 0.206488
0.496048 0.900418
0.227119 0.050935
0.397595 0.713553
0.767846 0.888943
0.302164 0.347758
0.010804 0.154668
0.225990 0.297830
0.341502 0.583026
0.791223 0.717582
0.738212 0.419111
0.221809 0.556383
0.988220 0.895505
0.537431 0.103580
0.678884 0.383221
0.995880 0.122745
0.171300 0.055666
0.858821 0.941588
0.134373 0.980377
0.426466 0.863979
0.539811 0.099521
0.501999 0.020051
0.878811 0.795679
0.870022 0.759514
0.491440 0.380963
0.096561 0.376782
0.016175 0.874111
0.286416 0.435621
0.086398 0.527757
0.455550 0.117466
0.693686 0.085177
0.631947 0.083407
0.804743 0.956236
0.428663 0.396222
0.342174 0.448164
0.329417 0.495804
0.843135 0.931120
0.768975 0.974944
0.623615 0.101962
0.221412 0.216590
0.619251 0.400464
0.127873 0.116550
0.985015 0.334880
0.544237 0.265664
0.173406 0.372204
0.095126 0.212165
0.330607 0.779717
0.585162 0.555742
0.447401 0.969024
0.493759 0.113376
0.785669 0.336955
0.993896 0.545244
0.460921 0.095737
0.271615 0.324808
0.457625 0.577990
0.972472 0.086428
0.660268 0.267312
0.733634 0.153356
0.894559 0.800256
0.804315 0.801935
0.785028 0.168493
0.532640 0.261330
0.017487 0.205054
0.655904 0.590106
0.981719 0.323405
0.951292 0.000610
0.877438 0.201361
0.780023 0.651906
0.935057 0.722800
0.947569 0.510849
0.603809 0.989563
0.298868 0.089694
0.704855 0.964446
0.167028 0.225929
0.716605 0.740135
0.382153 0.841609
0.030946 0.480056
0.420484 0.217994
0.023225 0.351604
0.622150 0.080172
0.287271 0.251961
0.111148 0.240059
0.335002 0.302194
0.054170 0.108402
0.702139 0.090854
0.598041 0.006958
0.636830 0.733360
0.317087 0.951323
0.376232 0.167211
0.951842 0.560472
0.041993 0.590472
0.686392 0.448408
0.977294 0.365154
0.519852 0.875729
0.523667 0.407300
0.851680 0.999695
0.310831 0.015717
0.774682 0.011261
0.858303 0.855220
0.125095 0.409772
0.143193 0.068819
0.749687 0.327677
0.251076 0.451491
0.609882 0.341807
0.567156 0.000244
0.755913 0.677084
0.790216 0.998108
0.549974 0.286843
0.226020 0.171422
0.909116 0.886044
0.150609 0.975494
0.531358 0.613605
0.093417 0.045991
0.796777 0.864803
0.761711 0.082064
0.645833 0.205634
0.795892 0.647389
0.432814 0.936949
0.570635 0.285318
0.904691 0.546953
0.247658 0.377575
0.447401 0.891934
0.998230 0.654225
0.378399 0.779107
0.407697 0.878994
0.346416 0.942320
0.733909 0.400128
0.441877 0.204443
0.725425 0.820063
0.813318 0.753502
0.418622 0.729179
0.090091 0.998352
0.143620 0.411481
0.876614 0.922788
0.217048 0.263833
0.150426 0.462111
0.955870 0.658589
0.087802 0.419660
0.369732 0.770165
0.054750 0.529923
0.785913 0.023041
0.906125 0.185034
0.137547 0.101047
0.103305 0.217719
0.274880 0.657582
0.080935 0.894955
0.305582 0.700888
0.963652 0.106418
0.911924 0.701621
0.490982 0.816828
0.749138 0.747459
0.359294 0.056948
0.461074 0.411267
0.611774 0.741234
0.007111 0.205176
0.557024 0.589709
0.462722 0.673971
0.818537 0.742851
0.317118 0.788476
0.584399 0.689261
0.029023 0.149724
0.558580 0.946532
0.786004 0.360607
0.967315 0.287210
0.782373 0.886959
0.439314 0.775018
0.515702 0.371960
0.102878 0.907041
0.315989 0.688833
0.079318 0.956542
0.951781 0.266671
0.376537 0.513596
0.311380 0.964415
0.346110 0.238746
0.767388 0.102420
0.212836 0.399609
0.191168 0.543443
0.457533 0.847133
0.649648 0.728141
0.334819 0.587420
0.314188 0.072207
0.306803 0.605762
0.614399 0.631336
0.674123 0.098483
0.166753 0.439283
0.510147 0.426771
0.179205 0.326304
0.130009 0.981414
0.146886 0.469527
0.610279 0.664205
0.050111 0.593280
0.054903 0.933317
0.398419 0.531938
0.556017 0.676168
0.839747 0.973663
0.607776 0.368633
0.283334 0.886410
0.718925 0.747002
0.233772 0.116459
0.770928 0.405377
0.692312 0.808985
0.381664 0.830592
0.677572 0.971007
0.840999 0.720023
0.896603 0.583483
0.399823 0.239204
0.597491 0.168310
0.194311 0.374920
0.134892 0.216559
0.585589 0.040223
0.279824 0.384533
0.197089 0.087863
0.804682 0.863399
0.430433 0.887997
0.374889 0.829096
0.740623 0.626545
0.278665 0.378460
0.452895 0.980865
0.025697 0.858028
0.401288 0.328074
0.346232 0.991455
0.171087 0.143345
0.621998 0.712241
0.279702 0.107791
0.700461 0.033143
0.179113 0.380840
0.141545 0.407788
0.525956 0.234809
0.976348 0.473037
0.341929 0.589373
0.991302 0.733360
0.022553 0.032136
0.601733 0.908017
0.013764 0.913114
0.193762 0.030549
0.139470 0.487716
0.319834 0.987304
0.610248 0.015320
0.028687 0.651845
0.245247 0.218543
0.111820 0.271371
0.938200 0.010620
0.546800 0.261238
0.898526 0.896359
0.919401 0.063967
0.699606 0.953185
0.105167 0.228980
0.664388 0.798517
0.992492 0.369182
0.527299 0.150975
0.555834 0.483779
0.861934 0.973479
0.205054 0.399121
0.100070 0.593005
0.937101 0.652577
0.168828 0.007630
0.070803 0.397839
0.600940 0.737449
0.695730 0.402692
0.981079 0.313517
0.531114 0.422193
0.496170 0.443525
0.569079 0.306619
0.199988 0.355754
0.419507 0.019318
0.193884 0.206458
0.684622 0.829157
0.779107 0.916746
0.626820 0.371227
0.282998 0.305643
0.885189 0.939970
0.688223 0.328104
0.386547 0.880062
0.657369 0.776849
0.950377 0.458296
0.033326 0.466109
0.830409 0.841121
0.724265 0.150700
0.678426 0.070193
0.282174 0.048128
0.352519 0.708365
0.107028 0.193579
0.542711 0.799341
0.226295 0.528367
0.853114 0.746269
0.284494 0.057009
0.956145 0.973571
0.182867 0.052858
0.600757 0.027894
0.400830 0.218818
0.754967 0.275369
0.530229 0.209357
0.664541 0.850093
0.053865 0.420454
0.109104 0.011414
0.636555 0.565416
0.799158 0.155583
0.057283 0.507004
0.989837 0.656270
0.979614 0.539232
0.278726 0.283151
0.667135 0.625599
0.999969 0.231849
0.975127 0.765770
0.753349 0.705618
0.444807 0.405377
0.590197 0.532945
0.622944 0.869259
0.268471 0.095126
0.049104 0.469405
0.440199 0.838130
0.197455 0.508469
0.763329 0.870357
0.129185 0.528397
0.557085 0.031770
0.465560 0.808741
0.713828 0.969848
0.463240 0.172765
0.052492 0.155248
0.819941 0.810999
0.671377 0.723746
0.778802 0.058351
0.618641 0.629109
0.359142 0.878506
0.711264 0.983367
0.527207 0.301004
0.806055 0.184179
0.752190 0.293954
0.372356 0.203070
0.481582 0.929258
0.451033 0.648427
0.197241 0.340037
0.406476 0.634480
0.433851 0.790033
0.344768 0.652058
0.791803 0.759728
0.479110 0.597369
0.475356 0.456984
0.223457 0.615558
0.387646 0.657430
0.296457 0.914640
0.313272 0.281198
0.615833 0.206610
0.220161 0.612384
0.265511 0.931730
0.212012 0.567034
0.315897 0.922086
0.162023 0.916746
0.779229 0.661153
0.559740 0.872860
0.480575 0.795068
0.602069 0.938993
0.126621 0.052156
0.059542 0.436781
0.352367 0.226997
0.949370 0.612201
0.028077 0.385144
0.546129 0.727683
0.607013 0.944670
0.761986 0.047273
0.795404 0.791192
0.426923 0.120579
0.326090 0.082064
0.500931 0.271340
0.116855 0.896603
0.748772 0.697897
0.909146 0.090823
0.467635 0.592486
0.889126 0.174749
0.015229 0.079897
0.144688 0.929289
0.872524 0.950163
0.762566 0.693747
0.927122 0.136174
0.312082 0.282540
0.653706 0.862087
0.263039 0.506729
0.361095 0.765862
0.975799 0.590594
0.960997 0.859004
0.670370 0.963744
0.977905 0.879147
0.964721 0.978271
0.712455 0.928983
0.291025 0.862758
0.321970 0.002228
0.763237 0.177892
0.031922 0.102756
0.709525 0.776757
0.377087 0.276955
0.871883 0.907712
0.759209 0.919065
0.022279 0.286019
0.309244 0.692465
0.996094 0.789453
0.604846 0.147801
0.324412 0.559069
0.518113 0.282418
0.674062 0.118809
0.405591 0.742180
0.461440 0.657247
0.887539 0.608173
0.117557 0.358318
0.480911 0.622883
0.367107 0.012268
0.724418 0.037049
0.075594 0.559404
0.365001 0.086581
0.270058 0.176397
0.082522 0.001923
0.290902 0.901120
0.283242 0.066530
0.723930 0.840846
0.390332 0.038575
0.710959 0.820521
0.677725 0.350810
0.690725 0.813684
0.043428 0.145787
0.477004 0.397961
0.902585 0.052675
0.711386 0.605060
0.224616 0.235176
0.782586 0.342051
0.741813 0.758660
0.207831 0.417219
0.449934 0.874477
0.016694 0.890683
0.221717 0.304758
0.521836 0.887692
0.992584 0.810480
0.239784 0.960448
0.299509 0.698660
0.993866 0.905271
0.455428 0.425825
0.729514 0.440748
0.138829 0.952940
0.681295 0.008637
0.832881 0.917264
0.827387 0.100833
0.287942 0.146916
0.480453 0.734397
0.060305 0.609943
0.514756 0.427046
0.575976 0.183660
0.738029 0.647206
0.589343 0.095279
0.934477 0.058565
0.734947 0.373638
0.512223 0.258187
0.057985 0.476608
0.473342 0.105808
0.699332 0.869289
0.737999 0.806116
0.648885 0.269784
0.587848 0.706015
0.790094 0.754875
0.111393 0.083499
0.158757 0.108280
0.414899 0.530198
0.965209 0.596240
0.558580 0.614521
0.589892 0.817835
0.421400 0.999847
0.842647 0.843318
0.964415 0.600452
0.913846 0.823939
0.766320 0.680929
0.079714 0.007630
0.694143 0.194067
0.605335 0.370495
0.382397 0.011872
0.328715 0.633930
0.883908 0.853450
0.637562 0.153691
0.839534 0.925199
0.793085 0.015534
0.767510 0.059481
0.621540 0.876858
0.020661 0.158116
0.643818 0.177801
0.047609 0.188330
0.519120 0.757714
0.379803 0.907682
0.418592 0.271584
0.011780 0.355876
0.506516 0.035859
0.561510 0.101962
0.253212 0.607959
0.238777 0.399243
0.844569 0.972198
0.967650 0.039064
0.610614 0.336650
0.284036 0.668233
0.527360 0.342235
0.939085 0.869533
0.879635 0.051729
0.607349 0.187170
0.820643 0.962981
0.422926 0.836695
0.350749 0.633839
0.534806 0.402875
0.120365 0.398846
0.582629 0.537706
0.961303 0.899899
0.728965 0.988189
0.427717 0.587939
0.779656 0.360759
0.423139 0.528092
0.132054 0.928434
0.120212 0.084780
0.222999 0.257057
0.675558 0.758202
0.296274 0.423139
0.021760 0.180303
0.665029 0.358654
0.248115 0.927793
0.566851 0.949004
0.404187 0.235115
0.648305 0.704245
0.110416 0.288339
0.709037 0.651601
0.506455 0.505051
0.487228 0.104465
0.568621 0.706626
0.327860 0.589862
0.589648 0.714957
0.019257 0.403058
0.849147 0.755150
0.054323 0.243080
0.328288 0.814966
0.537858 0.091494
0.950591 0.252205
0.834925 0.584887
0.925138 0.139470
0.275033 0.580645
0.881954 0.758873
0.980529 0.673849
0.026612 0.534013
0.562578 0.599597
0.290933 0.698050
0.667379 0.091098
0.613483 0.800012
0.076601 0.946776
0.110691 0.172246
0.198065 0.377361
0.904630 0.121158
0.595721 0.742271
0.263375 0.303629
0.414563 0.759270
0.075076 0.430891
0.894467 0.088198
0.721915 0.771081
0.487320 0.104190
0.385754 0.356792
0.859401 0.016205
0.317209 0.304270
0.559099 0.987884
0.098056 0.149693
0.632618 0.416364
0.429731 0.609760
0.967620 0.025941
0.477981 0.671896
0.646901 0.931913
0.305704 0.421339
0.093173 0.331492
0.424848 0.510300
0.285806 0.978515
0.998657 0.676229
0.831385 0.096622
0.935698 0.815607
0.690664 0.299844
0.932707 0.662252
0.061525 0.183203
0.109043 0.210425
0.515122 0.537828
0.410932 0.961516
0.892483 0.712302
0.832057 0.982665
0.758568 0.975799
0.505295 0.425398
0.482498 0.329173
0.974425 0.245674
0.259529 0.521561
0.964965 0.026154
0.929502 0.674764
0.424207 0.666921
0.625385 0.711356
0.006378 0.651296
0.059633 0.506027
0.550676 0.571459
0.626301 0.865535
0.170415 0.986358
0.451765 0.501083
0.961211 0.422285
0.017975 0.283639
0.859249 0.922575
0.139164 0.439070
0.681753 0.051637
0.573260 0.838618
0.879849 0.761467
0.049287 0.041566
0.035768 0.024323
0.992309 0.246193
0.635609 0.640645
0.726402 0.804773
0.148167 0.125889
0.437819 0.459670
0.942564 0.084506
0.679159 0.956328
0.074038 0.976073
0.695273 0.189215
0.470962 0.680227
0.353465 0.537584
0.552782 0.766961
0.957854 0.546556
0.811518 0.878140
0.730003 0.610462
0.386822 0.126316
0.166875 0.917905
0.546861 0.589587
0.445631 0.105869
0.396527 0.340800
0.668081 0.879177
0.294626 0.294565
0.315897 0.857295
0.952086 0.555406
0.449080 0.056856
0.667470 0.132939
0.547258 0.264107
0.557756 0.872921
0.252907 0.896023
0.426618 0.253883
0.458785 0.297250
0.382733 0.942320
0.459639 0.887173
0.462477 0.273843
0.395276 0.361858
0.976714 0.566515
0.060091 0.592578
0.325846 0.569933
0.388440 0.117862
0.362499 0.866604
0.530717 0.838679
0.025025 0.601581
0.565935 0.787713
0.687643 0.063143
0.306192 0.645833
0.055391 0.597400
0.990753 0.258126
0.097446 0.203345
0.868954 0.857601
0.521592 0.268563
0.979949 0.646474
0.771935 0.939848
0.545000 0.677847
0.530503 0.850490
0.414075 0.787042
0.718497 0.341197
0.839320 0.634510
0.759606 0.394360
0.001038 0.633778
0.695486 0.348369
0.076846 0.925077
0.493698 0.304941
0.249001 0.995758
0.381664 0.757073
0.296426 0.386303
0.379070 0.954802
0.041658 0.410810
0.698569 0.295785
0.684683 0.790307
0.772576 0.868282
0.942198 0.017823
0.257424 0.562395
0.673147 0.958983
0.484359 0.374157
0.962676 0.956114
0.600757 0.586474
0.987091 0.861904
0.057863 0.357768
0.247108 0.354045
0.849391 0.707175
0.666646 0.773339
0.494888 0.935636
0.790216 0.064638
0.607105 0.017792
0.692557 0.695212
0.916959 0.150914
0.108951 0.986755
0.402020 0.597797
0.423597 0.993408
0.394086 0.255440
0.490310 0.850093
0.514664 0.978149
0.649098 0.652852
0.489731 0.240761
0.284036 0.520371
0.446760 0.059786
0.649037 0.281503
0.628315 0.020631
0.548753 0.339000
0.875454 0.952208
0.940489 0.989471
0.292886 0.056215
0.627247 0.898343
0.626606 0.970946
0.388928 0.166204
0.087771 0.021393
0.250038 0.602130
0.552477 0.819758
0.748314 0.015046
0.826624 0.749535
0.829463 0.779473
0.660665 0.268746
0.430219 0.833796
0.615070 0.621296
0.396466 0.850948
0.021973 0.473922
0.703299 0.081301
0.486557 0.841914
0.599445 0.537187
0.549547 0.166082
0.464339 0.299081
0.586322 0.910367
0.200934 0.581683
0.060427 0.125980
0.793054 0.142918
0.480056 0.208197
0.605670 0.766717
0.425886 0.913480
0.878872 0.727103
0.362774 0.173894
0.308267 0.535478
0.462355 0.857753
0.639027 0.406049
0.232765 0.488021
0.660115 0.398236
0.716971 0.772271
0.239479 0.435804
0.060183 0.025117
0.681906 0.359142
0.978027 0.889645
0.155705 0.263497
0.708487 0.105075
0.939726 0.753166
0.549303 0.148228
0.798975 0.775201
0.103946 0.480209
0.994293 0.079714
0.771844 0.855403
0.608997 0.383801
0.307688 0.225959
0.596026 0.026765
0.865139 0.198004
0.436384 0.167882
0.021577 0.166173
0.566942 0.628071
0.853236 0.856075
0.601001 0.239998
0.798853 0.903439
0.386151 0.055757
0.904538 0.728263
0.392712 0.725425
0.724693 0.087832
0.356487 0.653554
0.421674 0.734489
0.658864 0.654256
0.267861 0.031251
0.012238 0.215979
0.257302 0.321787
0.484176 0.988708
0.679495 0.917447
0.002625 0.660024
0.518693 0.240761
0.308512 0.517991
0.544572 0.177953
0.576464 0.562853
0.474227 0.770562
0.364116 0.914518
0.433699 0.374279
0.530137 0.213172
0.961791 0.074374
0.906888 0.661672
0.851009 0.790582
0.343059 0.389904
0.182653 0.365398
0.551744 0.036775
0.206763 0.049287
0.280129 0.364818
0.122501 0.284341
0.583392 0.564592
0.790185 0.693167
0.482772 0.404798
0.906217 0.679159
0.790124 0.884182
0.379284 0.541643
0.489364 0.530686
0.686422 0.081027
0.709677 0.692434
0.974731 0.003479
0.360576 0.144078
0.236335 0.548784
0.553392 0.621632
0.947447 0.547777
0.005219 0.382214
0.928495 0.982147
0.071505 0.569506
0.726005 0.959044
0.690939 0.086520
0.972961 0.052583
0.221534 0.117435
0.842067 0.069246
0.258950 0.533647
0.358562 0.172735
0.961577 0.544267
0.548540 0.205847
0.941862 0.955260
0.715079 0.142430
0.261452 0.501144
0.601215 0.798273
0.351665 0.849239
0.609241 0.892911
0.828394 0.074190
0.315348 0.907071
0.011719 0.688772
0.293435 0.245491
0.570971 0.109867
0.267006 0.014405
0.994293 0.253273
0.786218 0.040315
0.870968 0.644673
0.893490 0.837184
0.235878 0.949400
0.782708 0.753410
0.702780 0.386486
0.097873 0.509568
0.636402 0.671682
0.314035 0.655568
0.435377 0.809839
0.394879 0.625294
0.144871 0.951292
0.944121 0.707541
0.757439 0.389538
0.305918 0.631886
0.446028 0.464888
0.012116 0.095676
0.559526 0.854091
0.403424 0.521622
0.996857 0.852565
0.628224 0.211890
0.412091 0.408460
0.776543 0.656941
0.393384 0.556322
0.934599 0.747002
0.323252 0.488998
0.002838 0.843593
0.428022 0.094363
0.817133 0.962737
0.250923 0.486068
0.156835 0.490036
0.531571 0.550768
0.760552 0.732902
0.299295 0.783929
0.375683 0.171972
0.442732 0.028108
0.449751 0.039735
0.040407 0.220008
0.155522 0.368877
0.840510 0.076571
0.957915 0.417676
0.609485 0.173803
0.002441 0.628773
0.881375 0.824274
0.954924 0.325114
0.069704 0.611652
0.134800 0.190191
0.433882 0.119419
0.375134 0.484817
0.485702 0.764306
0.397870 0.469436
0.696890 0.111423
0.806909 0.713126
0.086520 0.980712
0.883328 0.034944
0.657247 0.091403
0.095157 0.276101
0.849574 0.129398
0.741966 0.690115
0.562120 0.075503
0.777093 0.127750
0.376843 0.977752
0.177068 0.345714
0.744224 0.380108
0.534562 0.632405
0.912778 0.077914
0.879421 0.136448
0.224189 0.354381
0.372875 0.822260
0.263924 0.156835
0.461257 0.189917
0.383557 0.158422
0.417310 0.411084
0.055513 0.933927
0.296609 0.415601
0.335459 0.551408
0.058382 0.328440
0.711386 0.713828
0.723197 0.810511
0.205817 0.537950
0.018036 0.555834
0.943785 0.654622
0.972259 0.892972
0.337687 0.399976
0.472488 0.630818
0.066744 0.410291
0.772759 0.964782
0.675100 0.811609
0.720176 0.178228
0.338115 0.499802
0.654866 0.889401
0.814234 0.777032
0.309061 0.054598
0.483901 0.625477
0.590075 0.653554
0.677877 0.122196
0.252358 0.926969
0.229652 0.186041
0.155675 0.100253
0.928343 0.534410
0.718436 0.840571
0.908170 0.533799
0.280404 0.343394
0.226112 0.922819
0.617878 0.217750
0.310862 0.700888
0.310801 0.685568
0.683126 0.306040
0.742637 0.408856
0.306101 0.955412
0.397839 0.158757
0.333384 0.770898
0.073733 0.320688
0.608783 0.670858
0.910489 0.746941
0.236396 0.533250
0.411664 0.308695
0.962676 0.685995
0.799829 0.088809
0.384442 0.347087
0.398389 0.463332
0.002075 0.514786
0.100986 0.935606
0.253243 0.532823
0.406293 0.920316
0.661946 0.024873
0.355602 0.055574
0.527146 0.954009
0.980407 0.985900
0.199255 0.917905
0.040559 0.271706
0.975707 0.587268
0.335307 0.582659
0.366985 0.829859
0.224433 0.466048
0.640370 0.394086
0.880581 0.945280
0.377453 0.105899
0.633961 0.043764
0.929746 0.134007
0.809198 0.796075
0.668966 0.437880
0.803705 0.682241
0.637623 0.941282
0.192267 0.439283
0.740532 0.082705
0.700949 0.264809
0.758446 0.899045
0.580920 0.819483
0.965697 0.298532
0.414624 0.934751
0.631916 0.679586
0.190344 0.551592
0.534379 0.958525
0.353221 0.313639
0.060640 0.248726
0.955412 0.848262
0.808283 0.085025
0.434614 0.769463
0.344218 0.192114
0.501694 0.803766
0.333689 0.550127
0.637776 0.196844
0.455519 0.166021
0.191626 0.293466
0.002167 0.682424
0.500931 0.639027
0.105106 0.075076
0.532456 0.142064
0.617725 0.028657
0.527635 0.598468
0.824549 0.670400
0.416700 0.686941
0.766045 0.106998
0.106662 0.267830
0.346995 0.986114
0.948241 0.613788
0.572588 0.656850
0.176611 0.015931
0.653127 0.722892
0.729392 0.083346
0.338084 0.812891
0.492172 0.442763
0.425001 0.731712
0.285318 0.001556
0.826502 0.615741
0.400952 0.251991
0.582141 0.931578
0.394482 0.379803
0.078402 0.188238
0.233497 0.498428
0.426771 0.196478
0.550798 0.014740
0.991089 0.611347
0.641469 0.762505
0.612262 0.382916
0.735679 0.309580
0.311747 0.771752
0.754418 0.084658
0.425733 0.882504
0.591754 0.152623
0.122227 0.601886
0.461959 0.091494
0.752800 0.081454
0.770653 0.339061
0.624226 0.635365
0.255501 0.067293
0.980651 0.258309
0.933653 0.962676
0.363781 0.326243
0.550188 0.217780
0.676840 0.974181
0.378552 0.816767
0.426313 0.689840
0.528520 0.907468
0.237617 0.890652
0.367656 0.028138
0.072359 0.461653
0.430708 0.504868
0.573046 0.115726
0.139836 0.944456
0.648305 0.076876
0.499466 0.725425
0.521134 0.895230
0.639088 0.806787
0.613178 0.243538
0.769677 0.741661
0.267891 0.582873
0.796289 0.663076
0.095889 0.535051
0.992340 0.833064
0.597613 0.216437
0.974639 0.626057
0.059481 0.046571
0.371166 0.595904
0.657857 0.769066
0.528031 0.521561
0.584704 0.199042
0.639576 0.882839
0.711936 0.287820
0.651173 0.945799
0.435041 0.767388
0.111637 0.329936
0.738975 0.436567
0.828944 0.600177
0.729942 0.644581
0.345195 0.680349
0.664205 0.132969
0.800989 0.067415
0.475814 0.070406
0.998810 0.062868
0.124058 0.985809
0.749413 0.089358
0.645375 0.345042
0.357311 0.843532
0.745170 0.671834
0.359752 0.303751
0.661245 0.065859
0.335887 0.145878
0.140355 0.529496
0.197333 0.164739
0.017670 0.516465
0.739586 0.722037
0.784722 0.688467
0.873775 0.160802
0.672689 0.812586
0.483047 0.350993
0.899380 0.538377
0.305612 0.229957
0.442244 0.358806
0.921232 0.881130
0.809412 0.852229
0.986419 0.059206
0.124943 0.443678
0.333750 0.442640
0.325175 0.910916
0.371166 0.085665
0.913511 0.243965
0.126621 0.408612
0.615955 0.804437
0.397015 0.877010
0.968139 0.689047
0.281198 0.526536
0.365184 0.704978
0.879574 0.990234
0.605914 0.862697
0.440504 0.183508
0.462111 0.792566
0.735649 0.303842
0.304758 0.991485
0.944548 0.301096
0.318003 0.305979
0.332224 0.557878
0.490310 0.354595
0.807672 0.718558
0.452467 0.520371
0.999451 0.538652
0.417066 0.517716
0.835780 0.038820
0.406720 0.525559
0.540025 0.768151
0.616443 0.932066
0.528336 0.236396
0.067476 0.101596
0.095462 0.208899
0.436567 0.652852
0.997101 0.412336
0.040956 0.377056
0.532365 0.283944
0.664846 0.776788
0.692251 0.646657
0.773431 0.403333
0.428297 0.173315
0.286569 0.977416
0.085971 0.898343
0.503616 0.691092
0.227790 0.493637
0.048036 0.888913
0.674001 0.436384
0.174474 0.249123
0.564165 0.285043
0.776360 0.884945
0.678426 0.840144
0.528642 0.041200
0.971984 0.666433
0.946745 0.043550
0.353343 0.882412
0.642232 0.655232
0.238350 0.624012
0.557543 0.498642
0.910550 0.088015
0.460189 0.697714
0.219459 0.562090
0.477920 0.396832
0.648335 0.347209
0.956420 0.313425
0.281747 0.978912
0.420270 0.979644
0.705466 0.653829
0.918882 0.829890
0.368511 0.267251
0.538163 0.790399
0.440077 0.968657
0.359783 0.526841
0.691214 0.640461
0.648762 0.006439
0.433576 0.207617
0.550737 0.530900
0.045869 0.182958
0.080599 0.896054
0.119510 0.355266
0.682943 0.834956
0.754601 0.026276
0.146275 0.400342
0.152196 0.442763
0.469314 0.638539
0.175756 0.305948
0.560411 0.750114
0.157292 0.000610
0.385022 0.572314
0.457930 0.831111
0.003845 0.961791
0.199652 0.026002
0.407727 0.037019
0.254982 0.495926
0.951537 0.961241
0.567858 0.045289
0.607318 0.779473
0.664388 0.377300
0.737205 0.735008
0.199042 0.260109
0.740135 0.741600
0.619160 0.220923
0.571093 0.977477
0.117924 0.927854
0.373821 0.199255
0.361309 0.074953
0.490280 0.608295
0.564257 0.060793
0.094394 0.073672
0.445967 0.247780
0.101138 0.473403
0.946959 0.764702
0.068422 0.969909
0.076876 0.073305
0.377392 0.348247
0.996826 0.236518
0.855342 0.802911
0.594623 0.676962
0.474960 0.193365
0.458235 0.631367
0.024598 0.159154
0.155980 0.434431
0.881710 0.924070
0.448561 0.007538
0.170965 0.946257
0.964080 0.959258
0.088992 0.070070
0.366924 0.202795
0.675680 0.336497
0.552538 0.497909
0.814478 0.107517
0.898251 0.822535
0.742058 0.661611
0.102268 0.980651
0.849544 0.915983
0.642048 0.353130
0.055361 0.432051
0.382550 0.197058
0.532182 0.360454
0.366558 0.400281
0.068117 0.481643
0.317637 0.097201
0.844508 0.998505
0.887417 0.052217
0.910276 0.237159
0.178045 0.217078
0.135441 0.912229
0.924162 0.112766
0.397076 0.229530
0.468459 0.665242
0.466567 0.990753
0.824915 0.029603
0.012055 0.620106
0.053713 0.885952
0.485427 0.060274
0.547624 0.968871
0.627796 0.204840
0.346629 0.198431
0.300455 0.272622
0.452651 0.253273
0.438246 0.796014
0.464827 0.292032
0.629261 0.701651
0.542772 0.458663
0.052004 0.293374
0.871639 0.629780
0.491348 0.518540
0.284555 0.972594
0.863735 0.083743
0.965514 0.528245
0.215613 0.528275
0.461562 0.561174
0.524369 0.467330
0.784783 0.961364
0.841243 0.083590
0.877926 0.928434
0.983886 0.174596
0.129215 0.499100
0.796869 0.663472
0.338054 0.328349
0.303079 0.078738
0.542405 0.609027
0.047670 0.282418
0.027070 0.643269
0.153844 0.315653
0.936735 0.693075
0.248390 0.560198
0.784112 0.896390
0.653279 0.987701
0.540483 0.629597
0.373272 0.848994
0.582232 0.559069
0.625721 0.353771
0.127140 0.209449
0.430525 0.837428
0.483993 0.209571
0.706015 0.368999
0.704886 0.431013
0.425886 0.297891
0.482650 0.914243
0.997620 0.106754
0.475936 0.592608
0.642750 0.164464
0.465316 0.817804
0.936308 0.730125
0.368816 0.487411
0.241981 0.504135
0.069155 0.032075
0.532151 0.277047
0.572222 0.801874
0.153600 0.317423
0.644856 0.277810
0.978240 0.707297
0.320811 0.403729
0.907559 0.069552
0.269662 0.991241
0.080844 0.021668
0.188513 0.334635
0.612293 0.164281
0.255257 0.535752
0.150700 0.086520
0.987152 0.510147
0.719413 0.898862
0.012513 0.994293
0.744285 0.917783
0.099063 0.033387
0.545183 0.316996
0.825678 0.090518
0.633900 0.358562
0.514206 0.376171
0.349986 0.610126
0.202399 0.055055
0.865902 0.055025
0.938841 0.485977
0.092135 0.501053
0.181402 0.150945
0.514603 0.194372
0.494186 0.044710
0.929899 0.880551
0.061159 0.368206
0.559923 0.167364
0.966185 0.317576
0.397565 0.560900
0.763146 0.650533
0.007477 0.564318
0.455428 0.262764
0.402264 0.788903
0.244209 0.440352
0.442579 0.333445
0.459883 0.708335
0.504959 0.713279
0.429365 0.655171
0.618793 0.923276
0.809839 0.876583
0.617573 0.709220
0.575823 0.795007
0.449385 0.743217
0.012207 0.489669
0.496353 0.781884
0.160527 0.956084
0.367107 0.348094
0.441939 0.512497
0.357372 0.814631
0.482192 0.816095
0.940947 0.278359
0.356151 0.674276
0.100131 0.077670
0.691641 0.774194
0.561357 0.170904
0.702048 0.710532
0.335856 0.637898
0.306528 0.749870
0.369274 0.237526
0.360179 0.174688
0.589404 0.053285
0.072268 0.022065
0.142216 0.972198
0.800714 0.991607
0.229225 0.344798
0.234718 0.188482
0.956206 0.767632
0.485305 0.889431
0.465957 0.488357
0.309183 0.250496
0.511490 0.084689
0.964080 0.026490
0.744865 0.350749
0.316080 0.373302
0.935362 0.768426
0.050996 0.339640
0.118748 0.183691
0.269906 0.204718
0.210059 0.094455
0.251198 0.317545
0.109806 0.455733
0.659474 0.594806
0.983428 0.332804
0.713523 0.840693
0.482925 0.490463
0.148839 0.178991
0.427747 0.098972
0.027467 0.330760
0.907987 0.954955
0.259133 0.169073
0.998383 0.252602
0.505448 0.475082
0.557115 0.312265
0.620594 0.741295
0.441023 0.060183
0.836055 0.742637
0.417615 0.416974
0.220557 0.281167
0.555864 0.250313
0.446913 0.010865
0.376812 0.048433
0.396588 0.748802
0.544969 0.970641
0.633412 0.178777
0.382214 0.430586
0.277841 0.354167
0.985076 0.869808
0.312632 0.905271
0.425153 0.304727
0.402295 0.472365
0.958586 0.556658
0.654439 0.999084
0.609210 0.672475
0.824610 0.773644
0.088900 0.541398
0.323771 0.867214
0.135136 0.427259
0.391369 0.092441
0.364757 0.453810
0.870724 0.862362
0.776971 0.014527
0.907834 0.258950
0.164739 0.417646
0.959227 0.443037
0.339274 0.208258
0.456160 0.911039
0.161229 0.434828
0.435408 0.787469
0.716361 0.335429
0.678518 0.295816
0.261452 0.139927
0.994293 0.014069
0.549425 0.629322
0.421216 0.182653
0.291177 0.874477
0.635914 0.604419
0.080599 0.586352
0.527238 0.046571
0.813654 0.983978
0.218177 0.301065
0.132694 0.585803
0.315744 0.559008
0.927824 0.831660
0.670949 0.256081
0.425581 0.940641
0.429701 0.044801
0.897336 0.911771
0.656056 0.050172
0.517624 0.073397
0.308664 0.064364
0.404401 0.087771
0.852565 0.837611
0.372112 0.816889
0.286325 0.120518
0.428785 0.955779
0.866970 0.615345
0.548662 0.839900
0.313150 0.490677
0.751518 0.332499
0.768242 0.617908
0.019593 0.198126
0.304178 0.183782
0.611377 0.009888
0.111454 0.022370
0.821955 0.788568
0.405744 0.664815
0.070956 0.256905
0.423963 0.750267
0.757317 0.710074
0.479934 0.861599
0.415784 0.837031
0.278298 0.469893
0.957671 0.980224
0.934965 0.063509
0.019074 0.669057
0.829035 0.693960
0.314158 0.852870
0.405377 0.642048
0.549547 0.573595
0.964599 0.794427
0.620228 0.725547
0.574847 0.290536
0.574877 0.260964
0.585070 0.967071
0.753838 0.108432
0.860347 0.776116
0.158452 0.190161
0.355205 0.190405
0.056246 0.500687
0.739036 0.111423
0.307688 0.633137
0.944426 0.832759
0.496506 0.348552
0.273659 0.520768
0.813288 0.031007
0.001617 0.989349
0.514573 0.412885
0.978820 0.949309
0.181066 0.111942
0.772210 0.938231
0.983978 0.763604
0.528977 0.854976
0.705557 0.083834
0.412061 0.777825
0.389172 0.721885
0.297433 0.124607
0.766625 0.869808
0.480911 0.289315
0.227454 0.957244
0.684805 0.880825
0.630238 0.337962
0.889309 0.654683
0.289590 0.874538
0.633198 0.669790
0.563128 0.551073
0.051729 0.251350
0.761956 0.759026
0.160100 0.383618
0.530992 0.339793
0.546892 0.366375
0.061708 0.586016
0.466933 0.108890
0.890866 0.235298
0.685781 0.061434
0.303323 0.894375
0.401257 0.850734
0.661763 0.040956
0.094790 0.973479
0.872768 0.101840
0.535630 0.665639
0.098148 0.482711
0.333018 0.119205
0.682821 0.368450
0.716727 0.965514
0.310587 0.584613
0.393933 0.434797
0.703848 0.090304
0.743950 0.661763
0.028260 0.540605
0.315958 0.368480
0.726096 0.644185
0.903378 0.672872
0.461074 0.092837
0.848323 0.209174
0.006073 0.193213
0.749351 0.675039
0.775506 0.362651
0.872463 0.218268
0.988220 0.456801
0.214606 0.475997
0.241218 0.982513
0.092776 0.925169
0.941679 0.840907
0.327769 0.721244
0.255440 0.178259
0.325114 0.163640
0.235939 0.479629
0.540391 0.019623
0.872738 0.825190
0.779839 0.938414
0.519547 0.732047
0.347270 0.881680
0.223701 0.605457
0.005615 0.361858
0.544206 0.979980
0.016877 0.495987
0.921537 0.659383
0.093234 0.276620
0.489608 0.406629
0.952116 0.032746
0.318796 0.339183
0.215644 0.307901
0.956267 0.057772
0.648091 0.588458
0.945708 0.902890
0.752647 0.114872
0.566668 0.277078
0.404950 0.374248
0.516617 0.112033
0.703726 0.621204
0.298318 0.342967
0.386608 0.005585
0.550676 0.253853
0.995941 0.114658
0.523881 0.098941
0.168401 0.468184
0.868099 0.799493
0.025513 0.546007
0.110904 0.370678
0.392071 0.843196
0.832453 0.955626
0.457533 0.405347
0.497360 0.025758
0.694845 0.422315
0.043062 0.249336
0.490707 0.488388
0.923399 0.054506
0.691977 0.168920
0.624348 0.936735
0.451521 0.587848
0.526688 0.996368
0.240089 0.517075
0.262459 0.994110
0.305368 0.124180
0.096896 0.330119
0.359539 0.034639
0.367016 0.853114
0.776910 0.864620
0.508164 0.905972
0.010468 0.942595
0.660665 0.120975
0.628132 0.783074
0.855098 0.002564
0.046999 0.220099
0.980407 0.764641
0.005188 0.637745
0.943602 0.721763
0.655324 0.938536
0.672597 0.713034
0.382855 0.942656
0.226997 0.968719
0.001617 0.501236
0.589648 0.915830
0.604022 0.716605
0.815546 0.803919
0.697623 0.796808
0.587573 0.162725
0.457442 0.424421
0.735435 0.371166
0.643849 0.127354
0.468062 0.807794
0.812433 0.040956
0.185858 0.085299
0.407575 0.810053
0.701407 0.611408
0.988098 0.461318
0.961791 0.010132
0.423872 0.602649
0.374950 0.570635
0.239296 0.116031
0.387738 0.715934
0.141850 0.110141
0.741508 0.322306
0.404889 0.433546
0.763939 0.286782
0.386731 0.950072
0.564837 0.624073
0.781945 0.662343
0.376690 0.414380
0.516343 0.793542
0.028871 0.174200
0.527360 0.570818
0.221015 0.160497
0.476089 0.214515
0.181402 0.520890
0.922300 0.538163
0.491379 0.945463
0.993286 0.066378
0.356853 0.977081
0.078585 0.076479
0.211615 0.515091
0.255226 0.881619
0.567003 0.002289
0.166753 0.927946
0.384136 0.786035
0.799646 0.008820
0.407941 0.300058
0.347026 0.560930
0.714194 0.173742
0.316538 0.977447
0.265542 0.473037
0.482376 0.517441
0.847499 0.178014
0.117435 0.238868
0.286599 0.600085
0.759514 0.343425
0.278176 0.517258
0.861019 0.574084
0.920194 0.771294
0.014069 0.004181
0.531632 0.152593
0.261086 0.975890
0.347118 0.277932
0.078005 0.221900
0.381726 0.977691
0.504471 0.555803
0.279672 0.655782
0.840815 0.976043
0.087191 0.288644
0.548112 0.718955
0.237037 0.455611
0.387219 0.613300
0.024079 0.569048
0.968932 0.064943
0.190222 0.173254
0.669301 0.838374
0.706351 0.736137
0.967925 0.142613
0.525101 0.718711
0.507309 0.651814
0.331431 0.521073
0.062990 0.215705
0.589465 0.970000
0.696127 0.129093
0.355327 0.321299
0.328806 0.572039
0.599231 0.084384
0.916318 0.095035
0.425672 0.662801
0.275521 0.931486
0.582415 0.970031
0.695639 0.624439
0.708151 0.785546
0.250679 0.213874
0.396344 0.689108
0.622089 0.894620
0.134770 0.245643
0.828303 0.074282
0.635304 0.712851
0.725364 0.871761
0.622517 0.075411
0.276467 0.468032
0.064455 0.111179
0.294321 0.409192
0.668844 0.785760
0.121921 0.429029
0.931547 0.540635
0.698935 0.761101
0.982513 0.537370
0.386761 0.282479
0.694174 0.636891
0.917142 0.608142
0.869045 0.797052
0.243629 0.623524
0.589892 0.077425
0.841060 0.212683
0.586505 0.070467
0.086978 0.278237
0.544206 0.041108
0.323527 0.392407
0.268197 0.867275
0.130284 0.970489
0.631794 0.392773
0.503525 0.604999
0.655202 0.973479
0.513718 0.202277
0.325388 0.539537
0.347240 0.156407
0.316446 0.352489
0.359600 0.501999
0.555803 0.534745
0.926420 0.017579
0.691183 0.092044
0.334849 0.638997
0.023011 0.299417
0.625629 0.612201
0.258034 0.056185
0.297983 0.634053
0.030976 0.356639
0.134404 0.124485
0.921873 0.513474
0.427534 0.198340
0.108127 0.928282
0.670461 0.783105
0.876186 0.785424
0.801721 0.721519
0.953825 0.087954
0.273904 0.206305
0.672445 0.782464
0.532090 0.729270
0.244270 0.545091
0.108493 0.510544
0.058260 0.561205
0.891110 0.054781
0.595141 0.904630
0.609973 0.816767
0.739769 0.618976
0.099551 0.977477
0.657491 0.802881
0.930998 0.992126
0.557665 0.857784
0.736198 0.957579
0.657033 0.351176
0.279000 0.067629
0.676260 0.354045
0.422376 0.561693
0.859157 0.040254
0.112430 0.504013
0.641285 0.384808
0.914274 0.867611
0.417188 0.935667
0.190435 0.559435
0.860439 0.809351
0.679800 0.598071
0.710837 0.900204
0.858058 0.580157
0.677328 0.587359
0.988922 0.753929
0.955840 0.142003
0.449355 0.117893
0.673605 0.421491
0.135533 0.012360
0.148839 0.467238
0.270821 0.201788
0.051515 0.575884
0.277841 0.359966
0.009919 0.489731
0.905210 0.162267
0.177068 0.385266
0.670248 0.584216
0.542955 0.042940
0.480270 0.658620
0.343211 0.467452
0.222205 0.912900
0.463729 0.979308
0.318430 0.972961
0.504898 0.388958
0.898068 0.583758
0.297433 0.114994
0.473342 0.404187
0.777215 0.112003
0.394024 0.244942
0.432722 0.653279
0.123814 0.363903
0.043397 0.240730
0.135929 0.904386
0.990448 0.797937
0.959197 0.881985
0.920774 0.802332
0.405591 0.626698
0.046113 0.513688
0.511002 0.086123
0.858119 0.953948
0.219794 0.896603
0.540239 0.795648
0.344829 0.627644
0.858791 0.814722
0.834284 0.107089
0.813257 0.063845
0.876278 0.232093
0.872555 0.172857
0.765770 0.682821
0.545457 0.818018
0.079775 0.268349
0.643757 0.605976
0.219367 0.083651
0.263436 0.247353
0.701895 0.691336
0.448714 0.145329
0.929044 0.498642
0.489120 0.850887
0.972777 0.865963
0.031861 0.356731
0.325266 0.380871
0.458815 0.605487
0.179662 0.447066
0.076907 0.185614
0.481429 0.378185
0.885739 0.618671
0.605853 0.728446
0.682058 0.635701
0.494919 0.766045
0.878567 0.846919
0.300699 0.475539
0.673238 0.782159
0.243538 0.312754
0.791375 0.657735
0.569536 0.549089
0.222846 0.592151
0.089724 0.258889
0.281045 0.857570
0.003265 0.027711
0.807489 0.695639
0.489029 0.814722
0.981414 0.766686
0.091708 0.364483
0.390210 0.970031
0.192785 0.338450
0.857601 0.738121
0.364147 0.438643
0.591235 0.803552
0.450362 0.401624
0.228645 0.003327
0.829951 0.067476
0.850642 0.761895
0.343822 0.167821
0.935118 0.569201
0.397717 0.604083
0.756462 0.943480
0.074526 0.231513
0.730583 0.961608
0.669393 0.087161
0.479324 0.059328
0.471206 0.015656
0.834468 0.144200
0.048982 0.935575
0.938444 0.904263
0.301981 0.330241
0.760247 0.888241
0.301309 0.644551
0.223151 0.253517
0.589984 0.619831
0.947203 0.610401
0.496872 0.273141
0.945524 0.500504
0.892087 0.728965
0.890530 0.166448
0.921628 0.967376
0.678854 0.862880
0.217383 0.216742
0.181738 0.442000
0.562243 0.898526
0.098972 0.468703
0.148808 0.132786
0.431745 0.311045
0.258248 0.420454
0.144627 0.173193
0.483627 0.865658
0.775384 0.391949
0.465346 0.094363
0.303751 0.954009
0.964660 0.159429
0.062197 0.889981
0.306009 0.337870
0.968169 0.701926
0.618244 0.047121
0.329966 0.551744
0.053224 0.514542
0.334422 0.460280
0.235786 0.220954
0.517441 0.811060
0.064089 0.353984
0.485122 0.145604
0.333811 0.765557
0.465285 0.929502
0.701804 0.825312
0.828150 0.114963
0.621937 0.738487
0.634327 0.803369
0.102359 0.061861
0.944639 0.851863
0.486373 0.917905
0.906613 0.724937
0.513840 0.123997
0.737266 0.942595
0.203619 0.376080
0.000031 0.147099
0.192175 0.968017
0.448988 0.433882
0.296030 0.643971
0.707572 0.051454
0.344890 0.201727
0.782769 0.996735
0.748863 0.014801
0.036073 0.856380
0.678243 0.033998
0.938292 0.124760
0.925565 0.767998
0.478500 0.820582
0.791467 0.793878
0.991028 0.077090
0.414686 0.229163
0.959655 0.779199
0.189550 0.145665
0.578997 0.174718
0.155065 0.053529
0.913511 0.946409
0.834742 0.883816
0.571856 0.253365
0.717460 0.062288
0.526872 0.004517
0.351390 0.289102
0.663930 0.059969
0.432997 0.358318
0.027589 0.070406
0.096164 0.288308
0.207739 0.549272
0.963225 0.692404
0.231819 0.012207
0.236091 0.085665
0.824458 0.692434
0.495254 0.387494
0.406751 0.111728
0.417249 0.045595
0.607349 0.837153
0.136601 0.569842
0.880093 0.804651
0.909970 0.122532
0.902799 0.797906
0.435743 0.960265
0.349467 0.963103
0.269936 0.931242
0.627064 0.724723
0.704001 0.966338
0.027528 0.453169
0.387097 0.337260
0.578021 0.040437
0.223640 0.088992
0.368694 0.040529
0.577624 0.552019
0.314646 0.340953
0.416791 0.347484
0.713157 0.745964
0.949217 0.861660
0.776116 0.922575
0.777886 0.934874
0.974395 0.787011
0.952696 0.022523
0.217780 0.509079
0.230171 0.103641
0.407483 0.119266
0.425947 0.743797
0.253548 0.215644
0.330821 0.154241
0.157079 0.289315
0.290048 0.136052
0.431928 0.407514
0.296976 0.462508
0.116001 0.249733
0.432569 0.031770
0.591388 0.939879
0.015229 0.318766
0.642994 0.994873
0.379376 0.164647
0.714408 0.681845
0.429029 0.240486
0.142613 0.439711
0.998505 0.090732
0.550645 0.163244
0.284768 0.884060
0.902921 0.116459
0.004669 0.235176
0.912381 0.112186
0.306467 0.379040
0.585284 0.024232
0.045564 0.933226
0.016511 0.224647
0.635701 0.567248
0.965514 0.631092
0.236366 0.564837
0.794610 0.016144
0.450362 0.856502
0.995849 0.552782
0.311930 0.179540
0.336406 0.502457
0.154637 0.452040
0.991089 0.499802
0.837855 0.005951
0.012604 0.339366
0.479781 0.519211
0.714621 0.395856
0.424268 0.998871
0.932035 0.193030
0.667928 0.412122
0.344371 0.538926
0.482101 0.949919
0.269265 0.068117
0.528520 0.933500
0.303385 0.495865
0.283914 0.664724
0.900571 0.569323
0.838710 0.912503
0.069155 0.896084
0.730918 0.160070
0.534104 0.906919
0.754051 0.106418
0.496170 0.101016
0.120060 0.594836
0.976684 0.707389
0.503342 0.800989
0.401776 0.967254
0.135777 0.909543
0.018403 0.410718
0.549303 0.270425
0.945799 0.155126
0.066469 0.477309
0.020783 0.931181
0.471603 0.853481
0.744652 0.321543
0.381054 0.535752
0.292917 0.409955
0.514115 0.128697
0.997284 0.510269
0.551286 0.135075
0.422803 0.463332
0.067537 0.266396
0.568590 0.666402
0.757805 0.635456
0.128452 0.026734
0.433576 0.706412
0.513016 0.403088
0.748100 0.332835
0.222694 0.610706
0.804621 0.056887
0.946654 0.864162
0.064241 0.330241
0.689230 0.893429
0.229804 0.000305
0.970305 0.854030
0.407392 0.877346
0.346324 0.995636
0.300272 0.864650
0.529038 0.586077
0.396466 0.123844
0.656911 0.839259
0.666158 0.408795
0.975127 0.000488
0.930326 0.085269
0.400098 0.778161
0.191595 0.262917
0.750114 0.776482
0.959868 0.944029
0.923093 0.087222
0.102725 0.596423
0.803064 0.695700
0.253029 0.056490
0.303964 0.168523
0.438124 0.099704
0.023621 0.066347
0.373089 0.012818
0.319559 0.504288
0.185339 0.142705
0.275796 0.459975
0.859828 0.195288
0.907559 0.143590
0.230567 0.343547
0.105075 0.352702
0.012696 0.325419
0.504654 0.128178
0.734397 0.103854
0.075350 0.488968
0.060121 0.021638
0.279550 0.076022
0.483352 0.849025
0.555132 0.829951
0.919340 0.129795
0.851802 0.144505
0.209357 0.015381
0.069338 0.501816
0.622150 0.778924
0.942473 0.489364
0.419019 0.369549
0.447462 0.481552
0.907346 0.551073
0.840480 0.858852
0.998901 0.928434
0.785699 0.691794
0.793054 0.770318
0.276254 0.102969
0.116001 0.516678
0.737022 0.083956
0.694693 0.381817
0.840022 0.173681
0.746696 0.709494
0.064302 0.904447
0.267525 0.236183
0.530839 0.421491
0.796472 0.919004
0.144383 0.182989
0.941923 0.483901
0.573016 0.146153
0.447951 0.351390
0.096866 0.345958
0.083224 0.094913
0.133274 0.089053
0.538041 0.954588
0.007935 0.151860
0.131962 0.297403
0.959838 0.568255
0.240699 0.376202
0.073031 0.486282
0.733665 0.732841
0.384777 0.320841
0.739402 0.093905
0.828303 0.846065
0.563189 0.495773
0.619221 0.635121
0.479080 0.621204
0.473922 0.150151
0.656545 0.041322
0.520493 0.079470
0.472732 0.345531
0.279946 0.186987
0.729118 0.630848
0.887753 0.091647
0.473678 0.093814
0.837001 0.847133
0.841700 0.753349
0.123356 0.947203
0.585131 0.629597
0.389935 0.665456
0.211341 0.403027
0.999420 0.217048
0.480850 0.628132
0.803308 0.627430
0.004181 0.132603
0.052553 0.632527
0.607135 0.838221
0.285195 0.208655
0.324473 0.702933
0.460219 0.918363
0.630634 0.903134
0.349528 0.243477
0.287210 0.203467
0.140049 0.291208
0.403699 0.522233
0.215125 0.127354
0.218024 0.590472
0.660421 0.026948
0.720237 0.080142
0.553148 0.211646
0.296182 0.484939
0.912107 0.799402
0.733604 0.987915
0.018647 0.152226
0.753105 0.408124
0.143040 0.990783
0.945158 0.680715
0.904050 0.765984
0.619007 0.139317
0.033082 0.320658
0.934965 0.834284
0.889676 0.023469
0.541978 0.267281
0.627369 0.303812
0.410108 0.967101
0.320292 0.732810
0.945585 0.856319
0.277230 0.654042
0.350475 0.382336
0.936918 0.582141
0.441664 0.810816
0.359722 0.745445
0.986419 0.082430
0.798059 0.758690
0.618061 0.359661
0.354961 0.206366
0.147649 0.315195
0.904202 0.164617
0.894375 0.892331
0.979797 0.787103
0.327189 0.150243
0.862117 0.149815
0.617908 0.916837
0.320170 0.480911
0.573351 0.010834
0.737053 0.393139
0.568682 0.166784
0.124180 0.472640
0.887631 0.696951
0.301004 0.308023
0.582659 0.111606
0.134129 0.479019
0.924894 0.920896
0.107395 0.998291
0.551836 0.979827
0.628742 0.787133
0.297647 0.269997
0.577715 0.131077
0.965789 0.970916
0.946959 0.987487
0.631336 0.889248
0.418287 0.246986
0.909055 0.655751
0.646870 0.143193
0.716086 0.024018
0.883084 0.868954
0.987548 0.607776
0.705283 0.379437
0.433088 0.615345
0.823634 0.079714
0.730735 0.833705
0.147771 0.945708
0.975921 0.493728
0.973724 0.356792
0.468459 0.660695
0.535997 0.089206
0.082461 0.176672
0.074129 0.135868
0.305033 0.384411
0.935911 0.761620
0.796686 0.797082
0.052889 0.293222
0.712302 0.044130
0.421033 0.651418
0.061251 0.292032
0.429365 0.397046
0.248939 0.246223
0.641774 0.653859
0.439039 0.866817
0.990936 0.624409
0.522324 0.485580
0.967956 0.874813
0.181890 0.409436
0.084506 0.073550
0.301309 0.820093
0.797876 0.341868
0.539048 0.176214
0.929655 0.121311
0.350047 0.273598
0.110599 0.965606
0.235878 0.619831
0.281503 0.162145
0.504624 0.279427
0.321696 0.846400
0.333140 0.699545
0.527543 0.169561
0.642232 0.197516
0.603626 0.694235
0.420942 0.969420
0.465926 0.067598
0.937437 0.957335
0.548326 0.707480
0.280709 0.367290
0.313303 0.484451
0.564013 0.184423
0.331400 0.609424
0.198218 0.007019
0.843257 0.669088
0.320566 0.082186
0.103366 0.284890
0.033479 0.015015
0.142674 0.915891
0.932035 0.831019
0.927946 0.846797
0.187658 0.194494
0.620197 0.900510
0.199316 0.947539
0.077090 0.141362
0.362499 0.638478
0.949156 0.231758
0.348766 0.776543
0.636769 0.685659
0.970122 0.363842
0.319773 0.905454
0.840358 0.658101
0.838252 0.797571
0.720695 0.147038
0.983459 0.520005
0.096744 0.336009
0.849208 0.681143
0.595050 0.125553
0.712943 0.927458
0.314493 0.680227
0.646321 0.125980
0.349467 0.802332
0.241523 0.528245
0.362377 0.755181
0.457015 0.513138
0.953032 0.028932
0.453627 0.204138
0.433119 0.142033
0.815394 0.931730
0.063814 0.053774
0.936369 0.197760
0.787194 0.094638
0.983215 0.820551
0.315439 0.260598
0.342692 0.251106
0.972045 0.019166
0.103092 0.110111
0.007385 0.976165
0.341594 0.169836
0.192175 0.261666
0.170476 0.011750
0.526444 0.141697
0.493393 0.319926
0.273019 0.382733
0.767418 0.947722
0.929960 0.122288
0.502640 0.865719
0.634938 0.140141
0.521165 0.181768
0.644398 0.393170
0.573321 0.625935
0.571398 0.278024
0.469832 0.636586
0.378216 0.522935
0.448469 0.055544
0.227638 0.143010
0.367138 0.488632
0.128758 0.535813
0.774346 0.304819
0.948576 0.125584
0.327891 0.846644
0.436506 0.159612
0.450819 0.921690
0.910215 0.551469
0.134373 0.192877
0.685812 0.673879
0.897244 0.013459
0.758507 0.384350
0.997711 0.963805
0.310617 0.044130
0.493606 0.778710
0.957030 0.941771
0.594043 0.186316
0.156133 0.324625
0.278054 0.643788
0.902738 0.785607
0.473891 0.950377
0.740287 0.682882
0.507279 0.809442
0.787622 0.325114
0.515763 0.114078
0.569628 0.667592
0.831172 0.914914
0.599750 0.258034
0.081759 0.903775
0.991363 0.268593
0.714713 0.349040
0.609638 0.592456
0.084017 0.587542
0.747490 0.941282
0.783807 0.149968
0.373638 0.225593
0.131626 0.435560
0.734519 0.874874
0.833918 0.841395
0.590442 0.253029
0.363720 0.753319
0.868252 0.826167
0.083071 0.304453
0.010926 0.238197
0.640645 0.307291
0.806146 0.951415
0.675680 0.266152
0.973724 0.607013
0.360485 0.875820
0.811396 0.912656
0.564928 0.167333
0.900540 0.924833
0.144658 0.213874
0.499100 0.627369
0.403546 0.753471
0.683523 0.408704
0.823420 0.899686
0.935789 0.854579
0.051668 0.995819
0.869137 0.696036
0.682821 0.395642
0.510453 0.087313
0.049409 0.215217
0.670431 0.620289
0.804407 0.711234
0.433058 0.981017
0.295236 0.655751
0.472335 0.872616
0.988372 0.591479
0.512467 0.218177
0.271371 0.629688
0.414838 0.738395
0.452651 0.588702
0.843684 0.090732
0.408673 0.493484
0.044008 0.045289
0.379345 0.974578
0.338572 0.500412
0.220283 0.164739
0.358409 0.178411
0.569536 0.180242
0.483657 0.203406
0.544237 0.350963
0.954558 0.038789
0.702200 0.660268
0.350810 0.856014
0.296945 0.543413
0.279214 0.596942
0.716330 0.696799
0.571062 0.506607
0.508927 0.123447
0.770409 0.792962
0.029786 0.321146
0.194922 0.569964
0.236518 0.019410
0.349986 0.739952
0.666707 0.371441
0.977660 0.971801
0.128605 0.007447
0.521592 0.431013
0.289377 0.418073
0.617878 0.137303
0.093173 0.571245
0.650258 0.789850
0.737144 0.282998
0.524613 0.534867
0.681173 0.064089
0.890622 0.662465
0.560930 0.818690
0.860164 0.674093
0.936094 0.950407
0.271767 0.419385
0.527482 0.391522
0.210547 0.091769
0.851619 0.986969
0.724906 0.999695
0.707724 0.866939
0.398267 0.700522
0.834956 0.618122
0.279122 0.055147
0.578265 0.570116
0.066805 0.192602
0.369396 0.471084
0.886532 0.128483
0.488083 0.001770
0.636006 0.849696
0.433363 0.786798
0.576586 0.666341
0.491897 0.814264
0.285043 0.919767
0.899014 0.179846
0.482742 0.654622
0.115726 0.049806
0.816706 0.866420
0.022675 0.264199
0.638569 0.306192
0.539903 0.592517
0.606708 0.764550
0.040925 0.408826
0.873501 0.795312
0.519395 0.067629
0.194678 0.198737
0.428785 0.318278
0.492599 0.196631
0.687521 0.118320
0.386090 0.567797
0.571032 0.906095
0.397473 0.341319
0.032472 0.560167
0.165380 0.309946
0.920713 0.679373
0.958403 0.973327
0.321116 0.753685
0.566729 0.679861
0.530869 0.365093
0.325022 0.683950
0.511734 0.952849
0.441481 0.283364
0.103336 0.299356
0.164983 0.442915
0.777093 0.393170
0.821375 0.810572
0.250038 0.532609
0.477157 0.373791
0.672323 0.773827
0.090823 0.936918
0.522507 0.348827
0.273354 0.371227
0.038453 0.050203
0.786645 0.326487
0.767663 0.837550
0.220527 0.474807
0.458907 0.896115
0.024934 0.990539
0.517533 0.725211
0.518906 0.540757
0.339793 0.131596
0.341288 0.001251
0.520920 0.863063
0.433638 0.529923
0.519669 0.106906
0.999359 0.888302
0.436476 0.906095
0.376995 0.158483
0.230598 0.265999
0.400220 0.789666
0.016572 0.865108
0.948149 0.246529
0.943083 0.056307
0.673879 0.751488
0.821223 0.924680
0.515763 0.019959
0.228980 0.274209
0.109531 0.227210
0.893429 0.666860
0.041688 0.297922
0.487960 0.238716
0.933470 0.779107
0.639668 0.804529
0.753380 0.027131
0.992737 0.791589
0.639882 0.865719
0.014435 0.370464
0.493271 0.968047
0.267586 0.937040
0.505112 0.729453
0.470656 0.235084
0.243629 0.478988
0.015900 0.854793
0.501022 0.782342
0.652669 0.275246
0.077395 0.049287
0.333995 0.372478
0.034608 0.183660
0.568316 0.791559
0.872616 0.230140
0.296365 0.358379
0.890469 0.946959
0.076174 0.504685
0.133427 0.916105
0.826411 0.025086
0.026429 0.571581
0.764763 0.771081
0.564806 0.042726
0.528825 0.636677
0.137913 0.090823
0.568651 0.505875
0.941069 0.318369
0.367748 0.485672
0.403607 0.125156
0.162786 0.057802
0.004730 0.800867
0.403668 0.416242
0.032167 0.373272
0.554125 0.818079
0.484878 0.387280
0.327494 0.502731
0.469192 0.002564
0.632466 0.370495
0.675741 0.858760
0.723319 0.859004
0.481460 0.662435
0.570696 0.778954
0.995361 0.402081
0.775231 0.092074
0.296304 0.510453
0.548418 0.082186
0.970916 0.035249
0.548723 0.694845
0.567248 0.817804
0.266854 0.002503
0.991943 0.599994
0.050233 0.365978
0.450026 0.511856
0.661184 0.878384
0.723075 0.724937
0.536729 0.873409
0.374950 0.352611
0.421125 0.364910
0.124180 0.458693
0.965484 0.372967
0.491470 0.239418
0.805872 0.813807
0.753777 0.286050
0.401532 0.110935
0.736686 0.333384
0.413892 0.183142
0.475509 0.400983
0.907682 0.965453
0.155950 0.119755
0.212378 0.444777
0.329508 0.091128
0.574053 0.276345
0.852565 0.166021
0.325419 0.369427
0.705557 0.688711
0.076785 0.463881
0.456618 0.092074
0.302591 0.899380
0.537278 0.512253
0.963317 0.277261
0.952330 0.528489
0.572161 0.669118
0.560930 0.237281
0.953154 0.669790
0.405652 0.736869
0.813196 0.633442
0.747307 0.015503
0.610981 0.056856
0.834468 0.007904
0.018159 0.893002
0.559038 0.167547
0.587909 0.891354
0.880734 0.933744
0.050630 0.353862
0.536546 0.048982
0.818110 0.628071
0.236366 0.626392
0.322855 0.600146
0.269417 0.454970
0.727653 0.692526
0.136265 0.228828
0.862911 0.176214
0.237465 0.606220
0.674123 0.953490
0.149968 0.505203
0.960326 0.467605
0.522752 0.541795
0.684622 0.896023
0.122898 0.016724
0.638569 0.282632
0.063295 0.357646
0.740959 0.766106
0.743034 0.422346
0.532212 0.569720
0.689840 0.840114
0.732017 0.904569
0.712668 0.199377
0.841426 0.602283
0.777917 0.819269
0.661824 0.720206
0.829432 0.021027
0.270699 0.401196
0.395978 0.876308
0.289254 0.845332
0.221503 0.172277
0.944670 0.665151
0.156072 0.930723
0.750603 0.700980
0.595965 0.244453
0.083254 0.359813
0.213202 0.918027
0.566729 0.156865
0.800592 0.058077
0.926328 0.279702
0.204169 0.400220
0.633595 0.779138
0.375408 0.278298
0.862392 0.713065
0.247780 0.033204
0.637898 0.914518
0.277230 0.390210
0.763726 0.934568
0.781274 0.915006
0.737846 0.360454
0.429640 0.279519
0.451613 0.587939
0.267586 0.323801
0.287057 0.248970
0.565600 0.236732
0.176000 0.552385
0.183996 0.477035
0.534898 0.011963
0.117405 0.977721
0.007050 0.167852
0.200201 0.275185
0.885128 0.997620
0.993164 0.028443
0.293863 0.572497
0.444990 0.403150
0.199561 0.103763
0.998749 0.300790
0.610462 0.218848
0.726341 0.871578
0.936369 0.230262
0.414350 0.572161
0.631947 0.711325
0.293222 0.284890
0.439711 0.886837
0.264962 0.598743
0.813471 0.159215
0.737571 0.899228
0.993316 0.666799
0.200598 0.172216
0.330576 0.758385
0.106204 0.151891
0.306040 0.076754
0.244240 0.265297
0.963134 0.816340
0.216956 0.474227
0.177923 0.536332
0.864650 0.733268
0.874722 0.784234
0.705496 0.850002
0.332438 0.810450
0.080416 0.218390
0.280587 0.206336
0.970489 0.918729
0.257851 0.471389
0.289956 0.501175
0.233375 0.339183
0.414686 0.608600
0.468459 0.956053
0.615284 0.800439
0.688528 0.784783
0.919401 0.746788
0.566485 0.714866
0.407788 0.533647
0.509690 0.118992
0.399365 0.230934
0.205664 0.545030
0.523850 0.816980
0.617145 0.129521
0.734275 0.031007
0.698080 0.854640
0.922971 0.570421
0.171606 0.934080
0.858394 0.221320
0.732810 0.669179
0.575640 0.765679
0.504135 0.032685
0.732963 0.709403
0.571032 0.071902
0.214972 0.506302
0.997681 0.347118
0.269997 0.158544
0.557878 0.993469
0.809839 0.625599
0.980804 0.216315
0.980926 0.650166
0.582842 0.755058
0.313334 0.856624
0.432936 0.848323
0.000458 0.202277
0.562853 0.260384
0.298288 0.888241
0.421186 0.301950
0.494797 0.822504
0.385784 0.761284
0.829127 0.136876
0.755181 0.921354
0.921781 0.237739
0.396252 0.927213
0.905698 0.813410
0.312632 0.571062
0.757439 0.123478
0.319468 0.139561
0.397046 0.342906
0.870540 0.986572
0.658345 0.733329
0.287759 0.635395
0.287271 0.269295
0.185827 0.099826
0.112583 0.073183
0.905362 0.635701
0.951445 0.221595
0.442518 0.572344
0.959410 0.207465
0.923948 0.979797
0.934324 0.991089
0.006684 0.938932
0.769555 0.342479
0.089022 0.974303
0.880795 0.163488
0.741966 0.927427
0.506302 0.170049
0.059175 0.005982
0.056795 0.529038
0.714255 0.007508
0.354289 0.123997
0.415418 0.147221
0.410566 0.913633
0.016999 0.894131
0.126072 0.064516
0.173803 0.089145
0.062410 0.138554
0.960753 0.726707
0.078646 0.531663
0.770501 0.386883
0.659566 0.614185
0.517869 0.747887
0.003632 0.591906
0.652181 0.743919
0.216285 0.159368
0.940397 0.193731
0.052461 0.869869
0.892972 0.860347
0.961028 0.812128
0.814722 0.593707
0.032533 0.479751
0.072970 0.310587
0.580645 0.218024
0.146916 0.538987
0.973571 0.518815
0.792566 0.373028
0.535447 0.510147
0.180181 0.947600
0.132664 0.156041
0.381390 0.585314
0.619709 0.122379
0.663289 0.793756
0.943236 0.971343
0.660115 0.166417
0.753288 0.703940
0.131962 0.267220
0.325632 0.091250
0.471236 0.302286
0.391766 0.388562
0.062990 0.163793
0.633168 0.977569
0.983428 0.459700
0.216712 0.885464
0.067202 0.436232
0.652181 0.337474
0.875607 0.199316
0.753166 0.998596
0.595843 0.140873
0.983123 0.061007
0.403577 0.976531
0.967040 0.833827
0.319529 0.300974
0.450667 0.990478
0.091311 0.067049
0.488083 0.130985
0.047365 0.617939
0.457350 0.720847
0.779870 0.969970
0.051759 0.089724
0.906308 0.823115
0.999939 0.107059
0.397320 0.381207
0.395032 0.224403
0.322489 0.173376
0.973846 0.647420
0.498947 0.536027
0.524369 0.137089
0.436140 0.015503
0.329875 0.075747
0.405316 0.200873
0.503861 0.898343
0.186895 0.258339
0.673574 0.716453
0.690481 0.055513
0.908811 0.013184
0.640522 0.141758
0.374584 0.307779
0.589251 0.073397
0.419904 0.129490
0.815546 0.626911
0.142399 0.572649
0.374767 0.120853
0.631764 0.732017
0.391430 0.455885
0.864345 0.143773
0.360820 0.333934
0.670125 0.009888
0.101444 0.526719
0.553117 0.861782
0.388836 0.098575
0.646687 0.819514
0.802423 0.991546
0.584490 0.103488
0.816431 0.877041
0.569262 0.953795
0.666219 0.682302
0.419630 0.614154
0.996277 0.661489
0.953032 0.464217
0.530442 0.760460
0.600269 0.543565
0.668783 0.898007
0.485061 0.131504
0.773522 0.190893
0.146306 0.443983
0.199316 0.067904
0.319620 0.708243
0.462203 0.887661
0.708975 0.973022
0.434095 0.480178
0.986816 0.233039
0.303964 0.024720
0.866482 0.127506
0.090548 0.147984
0.429090 0.672170
0.578234 0.862087
0.781304 0.880642
0.003265 0.898343
0.349406 0.311655
0.806085 0.696371
0.489761 0.465865
0.007263 0.932493
0.133091 0.228858
0.469192 0.803644
0.219703 0.456984
0.557604 0.511277
0.305063 0.195013
0.503677 0.764733
0.552934 0.577319
0.527970 0.531693
0.671834 0.142766
0.520219 0.123997
0.283456 0.854946
0.603839 0.628834
0.253822 0.233528
0.366649 0.341868
0.018464 0.503494
0.038606 0.358867
0.433393 0.167852
0.398267 0.981384
0.182165 0.910703
0.688864 0.093448
0.271279 0.236335
0.325480 0.165166
0.644581 0.751396
0.674459 0.039369
0.447890 0.495254
0.686422 0.157781
0.975646 0.225959
0.663778 0.383038
0.829890 0.067385
0.944639 0.072420
0.323984 0.423658
0.920988 0.810724
0.380566 0.655019
0.052400 0.893735
0.170751 0.559404
0.597583 0.707999
0.689566 0.343089
0.477859 0.617115
0.580096 0.015290
0.838191 0.180670
0.629536 0.624989
0.799768 0.731010
0.253731 0.186682
0.032105 0.619190
0.819666 0.838588
0.904721 0.885922
0.258553 0.126926
0.257454 0.074313
0.251900 0.574450
0.321818 0.592212
0.770379 0.187414
0.247902 0.059053
0.797632 0.333140
0.149174 0.260170
0.369274 0.424207
0.487381 0.990387
0.774377 0.931608
0.267739 0.329539
0.952483 0.101627
0.771630 0.395001
0.955016 0.194433
0.269265 0.342570
0.697531 0.003235
0.188635 0.181799
0.483474 0.447371
0.311716 0.862209
0.524400 0.035188
0.001343 0.679006
0.202399 0.609241
0.930204 0.718223
0.536332 0.466414
0.565569 0.679678
0.079226 0.464949
0.507096 0.240272
0.311350 0.819025
0.035157 0.963652
0.564287 0.754021
0.260109 0.865078
0.133122 0.222114
0.349376 0.063845
0.295358 0.985229
0.734642 0.612995
0.347392 0.287301
0.783898 0.608386
0.902585 0.085726
0.527024 0.268471
0.659017 0.390393
0.744743 0.764214
0.774255 0.091067
0.942839 0.950987
0.208686 0.270272
0.878506 0.961516
0.264016 0.208136
0.088076 0.258156
0.977966 0.649556
0.078860 0.147588
0.304514 0.945067
0.587420 0.774651
0.951720 0.459578
0.552721 0.721213
0.477004 0.110813
0.950743 0.372539
0.285775 0.499741
0.027741 0.341685
0.982757 0.980590
0.715751 0.348949
0.358501 0.826502
0.760277 0.962889
0.792108 0.147069
0.592669 0.108463
0.350536 0.714286
0.477767 0.749718
0.367290 0.352550
0.968047 0.651570
0.780114 0.049898
0.010071 0.445784
0.033723 0.187780
0.663045 0.852199
0.658193 0.965056
0.540819 0.874050
0.298074 0.916410
0.405469 0.360759
0.363445 0.840846
0.464309 0.583117
0.753746 0.736381
0.519364 0.636250
0.664968 0.614032
0.941252 0.617359
0.933653 0.315714
0.582415 0.826197
0.615040 0.232398
0.295419 0.260842
0.102786 0.283883
0.314310 0.530869
0.371136 0.639790
0.614856 0.168584
0.151555 0.283273
0.106693 0.099307
0.659932 0.644063
0.777032 0.599963
0.531388 0.838771
0.204962 0.961516
0.465896 0.112522
0.978698 0.502274
0.045900 0.401349
0.887112 0.739891
0.852565 0.198218
0.519913 0.749840
0.162084 0.058107
0.154759 0.461257
0.400403 0.563219
0.965728 0.090884
0.201117 0.461592
0.261513 0.552721
0.801141 0.605609
0.296365 0.151097
0.434004 0.213202
0.820887 0.937010
0.946806 0.817133
0.084597 0.413678
0.230506 0.271828
0.460860 0.088870
0.994964 0.834986
0.263619 0.019623
0.461196 0.001221
0.306131 0.559282
0.967681 0.724998
0.547960 0.166753
0.429731 0.635517
0.474960 0.763726
0.444441 0.356334
0.472701 0.924406
0.596088 0.713126
0.828516 0.994537
0.725028 0.052492
0.399426 0.211951
0.190435 0.578631
0.227699 0.985626
0.658559 0.113651
0.884579 0.988922
0.447523 0.188055
0.960051 0.867489
0.527207 0.712027
0.235420 0.222114
0.719687 0.968841
0.441633 0.917203
0.309671 0.324595
0.253059 0.397076
0.129490 0.080752
0.355083 0.926664
0.191931 0.465560
0.908475 0.871944
0.354381 0.539903
0.330424 0.680837
0.674062 0.429579
0.668783 0.667592
0.737999 0.065554
0.106632 0.143986
0.354411 0.842982
0.255776 0.168554
0.116642 0.292673
0.964934 0.063631
0.772210 0.078982
0.020966 0.628986
0.940062 0.790735
0.820124 0.688467
0.611774 0.562975
0.127354 0.935606
0.240547 0.935179
0.127750 0.905789
0.449263 0.851650
0.049287 0.231697
0.889065 0.211066
0.279397 0.870998
0.278359 0.234016
0.161321 0.513688
0.002533 0.551927
0.394421 0.279519
0.233497 0.502060
0.929502 0.574358
0.478927 0.886013
0.887875 0.956633
0.796197 0.832820
0.478378 0.511277
0.296396 0.412152
0.783685 0.615741
0.470595 0.780236
0.946928 0.505234
0.119602 0.515488
0.168676 0.299753
0.394604 0.600452
0.492874 0.630329
0.338328 0.428999
0.285775 0.510208
0.409070 0.626453
0.252632 0.565600
0.147679 0.378948
0.630909 0.902738
0.909940 0.203162
0.530595 0.971191
0.987365 0.704306
0.398389 0.540605
0.456618 0.729362
0.336070 0.754234
0.745231 0.654653
0.923246 0.694662
0.445326 0.109500
0.535752 0.998138
0.432569 0.591327
0.763634 0.282937
0.170293 0.009583
0.975433 0.163488
0.232734 0.954314
0.013062 0.632557
0.487655 0.978607
0.246834 0.990081
0.303354 0.673482
0.316172 0.579730
0.362102 0.352062
0.702261 0.196814
0.061617 0.970061
0.591296 0.623127
0.535813 0.188757
0.310190 0.444685
0.825678 0.987243
0.381024 0.091006
0.666433 0.406018
0.172063 0.295907
0.028840 0.904721
0.388653 0.095889
0.515885 0.073672
0.771111 0.635151
0.415601 0.604907
0.790613 0.190558
0.263039 0.940947
0.584216 0.035188
0.804834 0.832759
0.124699 0.463057
0.281503 0.397351
0.620808 0.883572
0.130589 0.009705
0.233314 0.910794
0.540178 0.047121
0.699850 0.644276
0.333201 0.509995
0.318674 0.165899
0.432905 0.820521
0.750023 0.435347
0.750542 0.040529
0.916562 0.192450
0.726676 0.316904
0.631092 0.943113
0.215705 0.355602
0.812189 0.065065
0.184179 0.456557
0.460799 0.352641
0.357372 0.620350
0.546464 0.483840
0.441908 0.004791
0.262062 0.380413
0.670919 0.415021
0.452498 0.482467
0.335734 0.533921
0.403241 0.690207
0.547258 0.899747
0.639546 0.975127
0.963103 0.536241
0.142674 0.034516
0.658589 0.088198
0.956023 0.077731
0.054964 0.394360
0.167760 0.157872
0.701376 0.695120
0.287088 0.095218
0.377636 0.079287
0.819269 0.089419
0.233985 0.159246
0.134281 0.973815
0.610126 0.390454
0.019990 0.604022
0.781152 0.920835
0.613269 0.327830
0.929044 0.028901
0.104221 0.997192
0.278359 0.466933
0.487625 0.288797
0.075625 0.940855
0.663045 0.388287
0.501297 0.902829
0.155950 0.485885
0.340709 0.403943
0.346294 0.577532
0.994354 0.785974
0.644154 0.934477
0.430799 0.967895
0.482955 0.689047
0.925840 0.823847
0.284494 0.998413
0.388958 0.661153
0.555406 0.251167
0.558092 0.999145
0.457350 0.638600
0.227515 0.161870
0.458113 0.163518
0.088717 0.217658
0.530717 0.751122
0.333415 0.189520
0.311686 0.875210
0.890378 0.740959
0.961486 0.101688
0.419599 0.318033
0.362865 0.618671
0.347728 0.168737
0.688528 0.658712
0.225532 0.395245
0.868801 0.220252
0.991302 0.994110
0.804834 0.951842
0.163335 0.900906
0.083041 0.318308
0.868496 0.146733
0.935331 0.970641
0.348582 0.202033
0.862972 0.167028
0.042177 0.610797
0.611225 0.036225
0.372845 0.963195
0.418409 0.080172
0.940886 0.601123
0.181829 0.530137
0.389294 0.073794
0.811823 0.990173
0.476882 0.855190
0.993347 0.894131
0.343272 0.749657
0.143742 0.998230
0.195105 0.211768
0.175146 0.238533
0.706748 0.269845
0.348857 0.292581
0.961669 0.826289
0.999268 0.532701
0.216254 0.491134
0.657918 0.778741
0.267312 0.605304
0.609302 0.755760
0.703818 0.609180
0.409650 0.662954
0.399548 0.760125
0.506699 0.928159
0.742332 0.378216
0.018769 0.259621
0.503067 0.755272
0.910031 0.635060
0.999207 0.942839
0.223975 0.597125
0.527879 0.879391
0.619221 0.182196
0.589099 0.859676
0.737877 0.042817
0.781365 0.689016
0.470229 0.560533
0.387829 0.479934
0.375500 0.990875
0.285134 0.342174
0.768853 0.943083
0.391705 0.979736
0.988464 0.875759
0.277596 0.968200
0.445814 0.151433
0.759117 0.842158
0.136052 0.341411
0.929228 0.996399
0.944945 0.769341
0.253182 0.236641
0.562609 0.511002
0.796960 0.908963
0.346843 0.619160
0.460311 0.629292
0.350383 0.227180
0.804193 0.968230
0.739799 0.287729
0.594470 0.706992
0.118412 0.595569
0.654103 0.635151
0.742088 0.398175
0.709128 0.631428
0.720542 0.120945
0.708762 0.700735
0.603168 0.958983
0.931516 0.239265
0.104282 0.251167
0.763756 0.328623
0.939116 0.853999
0.385510 0.917081
0.195257 0.340861
0.923521 0.013215
0.043062 0.120579
0.694906 0.127110
0.137944 0.364147
0.043001 0.906003
0.790002 0.088992
0.643910 0.595202
0.822535 0.941313
0.549486 0.231452
0.966155 0.019379
0.790490 0.076662
0.743461 0.696036
0.893185 0.896329
0.325175 0.557176
0.305063 0.231117
0.939390 0.868404
0.880490 0.065493
0.490768 0.841945
0.282388 0.211188
0.690695 0.256661
0.866787 0.975768
0.335307 0.034333
0.962706 0.866207
0.221961 0.422163
0.120060 0.327738
0.710349 0.316568
0.422712 0.268777
0.920133 0.848231
0.565661 0.964385
0.446699 0.469619
0.974914 0.285165
0.731162 0.197882
0.078310 0.010712
0.745964 0.682577
0.726463 0.691336
0.034059 0.213202
0.795373 0.965087
0.382946 0.822474
0.501999 0.736106
0.914487 0.141179
0.464064 0.120670
0.872280 0.161748
0.034974 0.566820
0.887356 0.565813
0.945647 0.054170
0.784021 0.780175
0.244606 0.365215
0.344005 0.238777
0.001892 0.047426
0.374432 0.097995
0.759911 0.782647
0.312265 0.341502
0.664510 0.168035
0.625874 0.688284
0.669607 0.291971
0.436995 0.489700
0.997559 0.801752
0.928892 0.859584
0.837672 0.973327
0.519272 0.258675
0.401990 0.177862
0.457686 0.137974
0.759026 0.161809
0.362529 0.675008
0.067354 0.179846
0.637257 0.389752
0.313486 0.617725
0.030946 0.074374
0.009735 0.867641
0.219428 0.135350
0.731040 0.641682
0.132481 0.544115
0.500229 0.029267
0.839473 0.948851
0.305063 0.770714
0.508560 0.177221
0.856380 0.013672
0.423933 0.493362
0.044374 0.634358
0.120212 0.372021
0.563585 0.548479
0.915708 0.533555
0.966155 0.975219
0.031037 0.104190
0.193365 0.407849
0.595294 0.209754
0.327555 0.115543
0.752556 0.062807
0.295938 0.121921
0.516556 0.868709
0.242744 0.213355
0.370403 0.151280
0.176977 0.121281
0.344768 0.643269
0.926450 0.784661
0.855953 0.897122
0.929960 0.098361
0.084780 0.272897
0.898587 0.054628
0.178167 0.459639
0.877346 0.683126
0.053560 0.185614
0.738395 0.695883
0.088900 0.274819
0.477889 0.705100
0.463149 0.691610
0.533006 0.824580
0.814722 0.813684
0.716880 0.382611
0.532212 0.324015
0.318033 0.139622
0.109867 0.454207
0.475845 0.287484
0.601398 0.777734
0.300394 0.860256
0.448927 0.422620
0.149052 0.927000
0.521775 0.050844
0.726035 0.805383
0.610736 0.601245
0.608173 0.761620
0.627247 0.170995
0.261757 0.891354
0.280160 0.459548
0.801691 0.612476
0.734611 0.006867
0.867092 0.975616
0.922178 0.748131
0.327433 0.755425
0.461531 0.409650
0.554888 0.569109
0.367351 0.146519
0.696921 0.652852
0.612659 0.248268
0.057466 0.037782
0.704611 0.886502
0.277657 0.341838
0.791284 0.952269
0.136113 0.499527
0.417890 0.876919
0.638234 0.096774
0.520463 0.270760
0.724876 0.151311
0.576617 0.953856
0.061647 0.923399
0.571184 0.063143
0.378460 0.267342
0.970794 0.626759
0.230598 0.591876
0.825129 0.167760
0.531632 0.207465
0.548906 0.903653
0.744987 0.876949
0.895444 0.949889
0.897549 0.898770
0.330821 0.322703
0.197150 0.380444
0.839808 0.646535
0.534654 0.857143
0.694388 0.973113
0.651814 0.912412
0.256905 0.957121
0.066805 0.420606
0.868465 0.822932
0.088595 0.335612
0.668935 0.326243
0.149327 0.459365
0.318186 0.783471
0.811914 0.748314
0.490707 0.258553
0.520035 0.889645
0.271523 0.295846
0.286477 0.902554
0.454207 0.608875
0.187963 0.405011
0.140385 0.526139
0.448775 0.495926
0.845363 0.685232
0.918699 0.206641
0.134892 0.201666
0.262642 0.348125
0.629872 0.640461
0.130528 0.326731
0.543077 0.566546
0.716422 0.392621
0.433607 0.075198
0.049104 0.620258
0.361248 0.475692
0.518113 0.539750
0.609638 0.750969
0.507767 0.493362
0.873562 0.907163
0.672048 0.703879
0.951659 0.086276
0.546007 0.173223
0.565477 0.291147
0.734611 0.059938
0.662069 0.212989
0.306925 0.411298
0.782311 0.781610
0.296335 0.907071
0.031526 0.024110
0.740745 0.630390
0.975219 0.002625
0.925687 0.067873
0.625538 0.344859
0.474197 0.331126
0.204810 0.212683
0.226508 0.183386
0.663289 0.763268
0.570513 0.148930
0.947783 0.845058
0.467971 0.075716
0.059908 0.561083
0.875912 0.149754
0.571459 0.881619
0.301126 0.857418
0.649861 0.671316
0.562243 0.068117
0.381085 0.350169
0.019410 0.881283
0.389691 0.974639
0.212897 0.047609
0.771447 0.779168
0.206732 0.073244
0.021668 0.045564
0.326792 0.043214
0.857601 0.091250
0.650624 0.829768
0.371380 0.487472
0.482253 0.270913
0.679189 0.351970
0.480148 0.637806
0.538865 0.329203
0.667776 0.352794
0.206732 0.384136
0.020051 0.604511
0.157781 0.516953
0.065554 0.992218
0.644520 0.831233
0.678152 0.851314
0.559160 0.288156
0.525040 0.398724
0.513504 0.236671
0.540056 0.685385
0.160588 0.268380
0.439619 0.346568
0.986847 0.691427
0.349834 0.914914
0.938627 0.204321
0.415723 0.198950
0.768517 0.287942
0.587756 0.986419
0.778527 0.290994
0.652089 0.077761
0.900327 0.990875
0.974059 0.972503
0.495895 0.781091
0.624287 0.703055
0.165563 0.362865
0.371197 0.191473
0.756859 0.796014
0.530992 0.094211
0.622944 0.312723
0.121921 0.439039
0.612476 0.141301
0.637471 0.710959
0.791833 0.959044
0.715567 0.335276
0.960845 0.779962
0.285562 0.228889
0.471145 0.669759
0.371441 0.652669
0.313791 0.325175
0.278878 0.037599
0.651418 0.391644
0.171789 0.091861
0.260384 0.337168
0.753899 0.880490
0.991607 0.782006
0.151677 0.547960
0.159032 0.478408
0.986663 0.634449
0.116672 0.980651
0.194433 0.422559
0.191351 0.550005
0.441206 0.812860
0.221870 0.943907
0.741234 0.750938
0.300089 0.807672
0.078524 0.183508
0.746635 0.279519
0.635731 0.371929
0.240638 0.427320
0.914182 0.537156
0.245186 0.407270
0.511368 0.581805
0.260933 0.936460
0.118351 0.405683
0.168920 0.130100
0.614521 0.195624
0.434706 0.014039
0.155339 0.286264
0.150365 0.523240
0.946013 0.893124
0.970672 0.408643
0.301096 0.849544
0.491134 0.312693
0.288095 0.504013
0.542680 0.529008
0.278268 0.360210
0.261391 0.208258
0.642354 0.337840
0.292825 0.699606
0.975982 0.220679
0.120640 0.163213
0.201849 0.496353
0.063936 0.372723
0.817347 0.653401
0.287484 0.502853
0.370556 0.126011
0.584094 0.135624
0.906522 0.209418
0.277657 0.170843
0.611133 0.190100
0.475967 0.883511
0.365032 0.809442
0.304971 0.345256
0.104068 0.307169
0.403272 0.066683
0.517716 0.451491
0.457228 0.516495
0.116489 0.461226
0.199866 0.227515
0.665700 0.269784
0.755882 0.739891
0.948820 0.875820
0.823481 0.124119
0.302561 0.492264
0.349101 0.197607
0.804743 0.796503
0.068728 0.948332
0.403851 0.705008
0.446333 0.844172
0.200446 0.378368
0.516831 0.519974
0.449873 0.757744
0.294778 0.541337
0.009461 0.139500
0.172826 0.222114
0.953520 0.049623
0.378979 0.304727
0.984832 0.476455
0.194433 0.595935
0.822352 0.058962
0.475997 0.720634
0.370067 0.159948
0.411145 0.788873
0.780877 0.372173
0.567797 0.558123
0.518754 0.986541
0.463210 0.988281
0.262276 0.249794
0.287576 0.385449
0.321055 0.738395
0.579180 0.982971
0.879299 0.708640
0.641530 0.151921
0.478286 0.072481
0.110141 0.240638
0.656941 0.415967
0.321635 0.936766
0.953978 0.238044
0.883114 0.801599
0.434370 0.403882
0.293649 0.523942
0.750908 0.966521
0.086398 0.421705
0.447218 0.055269
0.340983 0.163671
0.128239 0.019929
0.436811 0.758843
0.998474 0.531358
0.349406 0.696707
0.563158 0.486373
0.946684 0.559984
0.452498 0.047761
0.532853 0.496933
0.067568 0.892087
0.219275 0.915220
0.099673 0.460555
0.534196 0.865474
0.652242 0.139286
0.406598 0.472213
0.268502 0.655507
0.400891 0.243904
0.582141 0.150731
0.674581 0.616443
0.703391 0.612537
0.151952 0.902463
0.536485 0.502823
0.952666 0.788903
0.979431 0.963927
0.887997 0.902768
0.632160 0.761040
0.008576 0.106937
0.557909 0.659749
0.411390 0.220710
0.392376 0.201147
0.438093 0.106937
0.113163 0.194891
0.397259 0.665120
0.803674 0.883297
0.693197 0.013276
0.615650 0.184637
0.657552 0.274819
0.990570 0.962767
0.340129 0.999481
0.126865 0.488479
0.492080 0.756737
0.014893 0.948759
0.749687 0.351726
0.242470 0.879543
0.340770 0.438917
0.401502 0.134770
0.395764 0.759056
0.143956 0.324076
0.001373 0.150060
0.161626 0.255684
0.582995 0.285714
0.084109 0.587878
0.023743 0.442640
0.802606 0.983734
0.825007 0.144719
0.162023 0.158757
0.588763 0.840327
0.554186 0.227180
0.442183 0.253273
0.816431 0.674520
0.347942 0.414106
0.967406 0.518479
0.333567 0.679861
0.508591 0.417920
0.752525 0.011658
0.593341 0.827143
0.521012 0.758904
0.070467 0.608264
0.432295 0.583300
0.955809 0.777184
0.718986 0.026765
0.386425 0.543931
0.356761 0.687887
0.010743 0.497330
0.960631 0.436232
0.010041 0.995025
0.295450 0.004547
0.416334 0.951994
0.367656 0.546373
0.752098 0.352153
0.071810 0.339183
0.039674 0.363201
0.494339 0.473006
0.889248 0.679128
0.408032 0.782342
0.135075 0.353984
0.684133 0.437757
0.330882 0.530778
0.769463 0.610034
0.730949 0.887204
0.315561 0.270302
0.393048 0.444349
0.390790 0.673788
0.687796 0.866878
0.736167 0.199316
0.224952 0.517319
0.188208 0.064364
0.671194 0.939329
0.985931 0.443220
0.330180 0.241737
0.242347 0.176702
0.638874 0.735343
0.660756 0.749382
0.861049 0.977020
0.025849 0.940428
0.759117 0.879055
0.501755 0.054781
0.526139 0.038606
0.267891 0.140629
0.758385 0.944761
0.524003 0.099216
0.395520 0.093875
0.894131 0.539262
0.770592 0.163701
0.460891 0.426191
0.552202 0.508683
0.691397 0.933622
0.495560 0.464858
0.528428 0.112339
0.469802 0.270516
0.147160 0.486984
0.639882 0.919462
0.582873 0.270760
0.038209 0.407910
0.286111 0.179357
0.946898 0.710318
0.498886 0.565874
0.558519 0.024720
0.982025 0.829829
0.594531 0.529771
0.738273 0.685965
0.628986 0.685324
0.629048 0.652486
0.939665 0.741600
0.638050 0.664480
0.070070 0.001587
0.453047 0.787805
0.934385 0.887539
0.805109 0.910306
0.702017 0.166478
0.269417 0.926115
0.179479 0.410321
0.273843 0.411054
0.127964 0.155522
0.346019 0.030824
0.480667 0.299448
0.496506 0.089053
0.306955 0.226691
0.567064 0.287729
0.278939 0.210425
0.073824 0.239784
0.121830 0.235694
0.414472 0.416181
0.999634 0.375683
0.692221 0.437239
0.531938 0.517747
0.472762 0.203864
0.721519 0.037019
0.980804 0.491897
0.391919 0.510269
0.844081 0.844142
0.135929 0.995575
0.632954 0.205023
0.197607 0.395734
0.867122 0.976012
0.419446 0.260659
0.276589 0.947508
0.266640 0.350261
0.366161 0.847804
0.326151 0.087771
0.258705 0.401593
0.602405 0.550737
0.236549 0.537217
0.208686 0.029908
0.379620 0.145878
0.549516 0.666280
0.527787 0.223487
0.049135 0.073397
0.277718 0.991333
0.193426 0.523423
0.218970 0.042817
0.246315 0.514389
0.674947 0.124516
0.659474 0.279855
0.613575 0.916044
0.933195 0.101871
0.454390 0.763909
0.405530 0.256081
0.420515 0.151524
0.667776 0.344340
0.462630 0.213416
0.952666 0.972533
0.063021 0.252907
0.507675 0.802271
0.674368 0.362224
0.170843 0.274300
0.437971 0.838923
0.518357 0.658864
0.461165 0.586810
0.047945 0.073489
0.500015 0.021149
0.625416 0.100009
0.942473 0.731223
0.973205 0.206336
0.790887 0.835108
0.859279 0.165349
0.063906 0.559801
0.071352 0.317881
0.398144 0.707297
0.263619 0.077456
0.243233 0.062227
0.702261 0.782189
0.129521 0.554277
0.695639 0.077029
0.859645 0.201666
0.195410 0.386395
0.100864 0.182684
0.499313 0.649861
0.037019 0.438826
0.804865 0.708914
0.341319 0.856990
0.230995 0.367138
0.621082 0.061129
0.918607 0.034089
0.539201 0.224555
0.800409 0.975433
0.847896 0.222938
0.065065 0.302042
0.804529 0.646718
0.602100 0.197851
0.801538 0.987243
0.431745 0.618061
0.424848 0.631458
0.458266 0.155034
0.481765 0.904324
0.967101 0.671896
0.725364 0.019623
0.397259 0.109531
0.057894 0.595355
0.420881 0.374157
0.493789 0.889523
0.860134 0.710807
0.663625 0.413068
0.473342 0.469588
0.140477 0.076205
0.369793 0.523728
0.488815 0.275246
0.483749 0.816462
0.458785 0.565172
0.782098 0.114322
0.894772 0.543901
0.159795 0.517960
0.638020 0.758415
0.185614 0.452284
0.658040 0.653951
0.435713 0.455153
0.782586 0.703330
0.551836 0.714347
0.981109 0.782800
0.477706 0.875790
0.384899 0.792077
0.930204 0.692404
0.292001 0.830378
0.015046 0.669912
0.623310 0.588855
0.989257 0.896115
0.642720 0.112003
0.744041 0.725852
0.010193 0.964934
0.263649 0.098972
0.384045 0.447462
0.424543 0.528092
0.003174 0.050111
0.503891 0.825190
0.914701 0.682821
0.178014 0.064638
0.475112 0.971740
0.980987 0.906644
0.417463 0.077578
0.850917 0.775353
0.252815 0.616260
0.993561 0.393933
0.317881 0.602344
0.810694 0.658132
0.225257 0.114933
0.414136 0.886837
0.033448 0.373608
0.090548 0.994598
0.816492 0.152684
0.026978 0.389660
0.941984 0.072512
0.693045 0.171453
0.232704 0.080325
0.012787 0.232398
0.693991 0.933866
0.882931 0.902158
0.127476 0.455458
0.400464 0.456038
0.085818 0.902066
0.551042 0.168065
0.229835 0.060183
0.534684 0.148076
0.481246 0.033479
0.006317 0.845149
0.618702 0.242134
0.597400 0.180639
0.650960 0.989196
0.050447 0.062166
0.670248 0.726371
0.986999 0.208838
0.160527 0.068270
0.324595 0.950072
0.892880 0.200415
0.676138 0.195898
0.678121 0.662374
0.476852 0.315317
0.703513 0.079501
0.075411 0.979186
0.304117 0.589282
0.347667 0.548845
0.062716 0.029786
0.519822 0.623646
0.906980 0.762505
0.969878 0.996094
0.561815 0.663350
0.266762 0.319926
0.307901 0.188116
0.938963 0.889737
0.865474 0.197241
0.055116 0.610645
0.989898 0.915616
0.845943 0.738578
0.091433 0.195807
0.502152 0.632313
0.354808 0.643452
0.794092 0.700186
0.281167 0.907804
0.166601 0.198279
0.506455 0.389569
0.766106 0.712607
0.683493 0.723930
0.090365 0.986267
0.437483 0.793695
0.716025 0.114261
0.509323 0.798517
0.277078 0.995788
0.594104 0.071932
0.270791 0.380078
0.625416 0.597156
0.777093 0.797113
0.021973 0.099521
0.289377 0.914731
0.566912 0.187262
0.610675 0.941710
0.281106 0.356700
0.074496 0.909085
0.476058 0.958953
0.270699 0.618244
0.535356 0.980682
0.327708 0.918760
0.705588 0.795648
0.571429 0.661611
0.246376 0.290780
0.807917 0.633503
0.402905 0.256020
0.012909 0.892575
0.005280 0.304147
0.320109 0.563494
0.373150 0.584155
0.753258 0.173162
0.631245 0.104984
0.635609 0.201514
0.490829 0.780236
0.584216 0.223579
0.447981 0.958129
0.545274 0.928709
0.351085 0.843867
0.151524 0.172887
0.868862 0.221076
0.415052 0.833033
0.383984 0.646168
0.625629 0.355663
0.058870 0.468093
0.251747 0.305948
0.344615 0.595111
0.526505 0.689047
0.815119 0.644337
0.369823 0.896786
0.442915 0.652211
0.695791 0.970122
0.173528 0.259133
0.089969 0.308634
0.096530 0.168126
0.846248 0.037172
0.577227 0.752800
0.521165 0.304392
0.961089 0.860103
0.391278 0.106754
0.062105 0.997497
0.312754 0.375530
0.543901 0.321604
0.581011 0.202643
0.760582 0.400769
0.149113 0.101779
0.536943 0.193243
0.315104 0.248787
0.334635 0.562548
0.484634 0.214820
0.093051 0.077548
0.289224 0.589892
0.087466 0.276437
0.523301 0.264870
0.323527 0.607471
0.945830 0.150792
0.004242 0.153478
0.732688 0.946989
0.850459 0.795495
0.610645 0.864345
0.555986 0.971953
0.625721 0.239631
0.609912 0.946593
0.843562 0.182958
0.319437 0.209082
0.853236 0.850368
0.964446 0.123447
0.336009 0.094089
0.804346 0.948119
0.509537 0.899258
0.851222 0.102145
0.118259 0.995117
0.393200 0.200476
0.011628 0.665944
0.579852 0.287118
0.315897 0.554643
0.523972 0.580248
0.955657 0.385815
0.359233 0.347697
0.054140 0.225349
0.421674 0.458174
0.706229 0.687857
0.670736 0.123783
0.504440 0.808466
0.647816 0.842280
0.773827 0.603778
0.231788 0.518937
0.069124 0.907834
0.251503 0.158391
0.572527 0.579577
0.348766 0.554399
0.245064 0.208838
0.834773 0.031678
0.837672 0.867702
0.019227 0.583300
0.103946 0.596301
0.377667 0.494339
0.554491 0.266060
0.032807 0.975646
0.964507 0.891232
0.895474 0.636402
0.331736 0.453749
0.076449 0.903897
0.850093 0.680624
0.817835 0.110904
0.843745 0.130802
0.347636 0.359050
0.151097 0.359996
0.286203 0.424512
0.031922 0.323801
0.162664 0.516800
0.120365 0.371807
0.750786 0.754509
0.199744 0.359478
0.299600 0.004120
0.467849 0.389111
0.054598 0.170171
0.787683 0.641682
0.901608 0.261544
0.142613 0.954985
0.531907 0.377819
0.676687 0.158788
0.407666 0.573046
0.848292 0.686392
0.746605 0.644673
0.807642 0.967376
0.381817 0.439344
0.363231 0.890011
0.478744 0.237068
0.026307 0.236854
0.057344 0.178381
0.750938 0.677084
0.115146 0.207465
0.361919 0.283151
0.263375 0.310953
0.299387 0.598529
0.434523 0.645680
0.596637 0.265328
0.369762 0.198889
0.361950 0.188482
0.460585 0.792932
0.638783 0.206885
0.782586 0.923978
0.268838 0.303659
0.361339 0.090121
0.533830 0.806177
0.634999 0.071993
0.834986 0.196692
0.041963 0.567736
0.746544 0.619282
0.329264 0.148045
0.920194 0.630909
0.780175 0.899716
0.104129 0.506333
0.300974 0.633198
0.280709 0.051576
0.160710 0.381939
0.130345 0.974609
0.696402 0.698630
0.895718 0.073550
0.598560 0.611896
0.758507 0.291543
0.675741 0.367565
0.875454 0.751701
0.973632 0.104892
0.772546 0.727287
0.365917 0.064089
0.126347 0.052553
0.684408 0.808985
0.120731 0.392285
0.667562 0.940703
0.218543 0.411084
0.301401 0.087436
0.123569 0.136876
0.628346 0.112278
0.628681 0.144841
0.989807 0.006653
0.735496 0.708335
0.351573 0.693136
0.890530 0.578936
0.331523 0.141057
0.447554 0.011719
0.301462 0.686178
0.668264 0.119510
0.654866 0.636708
0.661519 0.974456
0.478561 0.322428
0.288247 0.249123
0.693503 0.048921
0.408612 0.076479
0.257424 0.385052
0.818476 0.086520
0.026032 0.130284
0.314402 0.312418
0.714103 0.448500
0.547777 0.480575
0.075655 0.353557
0.099399 0.316080
0.224738 0.558641
0.669790 0.620502
0.548204 0.028596
0.487716 0.836665
0.137364 0.591327
0.301981 0.406995
0.517258 0.001953
0.327433 0.834101
0.404157 0.608753
0.641194 0.680990
0.423261 0.292459
0.853267 0.796167
0.200385 0.462325
0.966277 0.613849
0.000000 0.137333
0.489731 0.683950
0.213752 0.186987
0.379437 0.564745
0.923612 0.994842
0.161412 0.549608
0.134800 0.389325
0.317454 0.791406
0.094180 0.013245
0.269417 0.474166
0.400739 0.117100
0.623646 0.205084
0.453871 0.339091
0.456221 0.283944
0.270882 0.377697
0.920408 0.005249
0.205023 0.962767
0.957762 0.650197
0.594897 0.032136
0.394024 0.324076
0.200934 0.295907
0.205267 0.996033
0.016846 0.213996
0.026460 0.328104
0.524125 0.452315
0.506943 0.873775
0.536302 0.694754
0.976073 0.777581
0.505081 0.122135
0.566424 0.766686
0.997833 0.669362
0.011719 0.680654
0.784539 0.044832
0.336711 0.376904
0.606159 0.077395
0.412580 0.992157
0.785394 0.803583
0.074435 0.228523
0.537584 0.782373
0.574602 0.990631
0.746727 0.818873
0.022004 0.330943
0.617267 0.714408
0.269112 0.423353
0.934660 0.691092
0.413678 0.181921
0.834223 0.210761
0.967101 0.881619
0.563799 0.811670
0.969604 0.937223
0.772027 0.368542
0.353191 0.683432
0.200629 0.005585
0.379986 0.812250
0.155370 0.034059
0.068453 0.068453
0.914823 0.869655
0.925504 0.291330
0.210181 0.054201
0.270760 0.224311
0.506699 0.872555
0.709799 0.172643
0.151250 0.258278
0.351054 0.582568
0.604266 0.153691
0.234962 0.036714
0.524705 0.741935
0.464370 0.422163
0.930784 0.486923
0.388379 0.026643
0.427259 0.749199
0.301340 0.323008
0.604511 0.940336
0.880093 0.565722
0.023347 0.553575
0.413129 0.504776
0.655904 0.113346
0.941588 0.556047
0.813227 0.046022
0.118381 0.381268
0.957976 0.772393
0.446791 0.060244
0.936644 0.205451
0.332347 0.798975
0.251656 0.989715
0.025849 0.050691
0.423444 0.921995
0.971435 0.577990
0.803613 0.734306
0.388470 0.780145
0.964080 0.571306
0.278146 0.016602
0.496445 0.483169
0.806421 0.093295
0.641957 0.730399
0.874722 0.874630
0.504440 0.654866
0.650624 0.643971
0.256630 0.536576
0.154881 0.989471
0.725303 0.375072
0.203406 0.905026
0.520951 0.184362
0.140294 0.493881
0.670858 0.678884
0.393445 0.816553
0.998596 0.142918
0.005341 0.931486
0.912473 0.188482
0.224586 0.052583
0.673269 0.256478
0.393414 0.156346
0.345622 0.845027
0.140934 0.384075
0.318125 0.109104
0.904508 0.124027
0.815943 0.686392
0.797937 0.879635
0.036225 0.978332
0.044618 0.005249
0.632496 0.760216
0.239021 0.046297
0.904599 0.955687
0.025666 0.342570
0.720786 0.370495
0.255318 0.037843
0.062380 0.323038
0.096103 0.551927
0.537431 0.250984
0.753227 0.733268
0.216498 0.958159
0.933927 0.679525
0.099124 0.345012
0.170904 0.269601
0.795984 0.887875
0.531907 0.549333
0.022858 0.401227
0.239845 0.191168
0.307138 0.174078
0.894864 0.753594
0.656636 0.382336
0.783135 0.700034
0.532517 0.962676
0.357463 0.212653
0.742790 0.722251
0.003449 0.213294
0.786065 0.872494
0.464309 0.840175
0.644978 0.774804
0.228584 0.409162
0.526261 0.844478
0.443464 0.799615
0.329814 0.269021
0.384594 0.169347
0.013825 0.406903
0.431562 0.556230
0.539018 0.148198
0.326579 0.306223
0.724662 0.191809
0.739891 0.396893
0.572436 0.955199
0.531541 0.770867
0.724113 0.954619
0.809595 0.188726
0.968535 0.128727
0.895077 0.118381
0.591998 0.108951
0.983947 0.313517
0.026521 0.529740
0.350871 0.623249
0.914640 0.267281
0.371990 0.540208
0.177984 0.569201
0.743645 0.986877
0.441176 0.105869
0.790063 0.918912
0.839442 0.103519
0.705710 0.315653
0.404553 0.582263
0.614093 0.629902
0.330088 0.242134
0.201849 0.533341
0.512101 0.341166
0.374523 0.424665
0.429426 0.357158
0.024934 0.338084
0.940855 0.530839
0.991333 0.142613
0.918119 0.920713
0.374371 0.782861
0.287698 0.966521
0.697165 0.662526
0.418928 0.318613
0.328074 0.350536
0.720573 0.157353
0.902280 0.947172
0.039949 0.506363
0.090945 0.230964
0.093844 0.263344
0.413404 0.378704
0.343425 0.322001
0.904324 0.694601
0.938292 0.185369
0.544084 0.563982
0.528336 0.127079
0.663533 0.131779
0.767388 0.420545
0.237770 0.586230
0.249336 0.307901
0.968596 0.037507
0.497604 0.156957
0.438551 0.179571
0.604877 0.666799
0.119327 0.391095
0.554399 0.028596
0.514023 0.432722
0.216102 0.395581
0.816858 0.933317
0.165319 0.058535
0.121708 0.520859
0.962432 0.788659
0.153600 0.138554
0.392346 0.806543
0.504166 0.892788
0.875698 0.200995
0.742271 0.048769
0.392468 0.909177
0.052156 0.908536
0.105228 0.914548
0.697836 0.985382
0.983703 0.286813
0.737053 0.863643
0.883541 0.630177
0.455123 0.834162
0.490371 0.576922
0.346446 0.865871
0.576891 0.875759
0.464248 0.401196
0.509781 0.845027
0.098086 0.337474
0.798730 0.850887
0.964537 0.580370
0.061159 0.537370
0.141606 0.364757
0.684805 0.964751
0.968108 0.312204
0.115543 0.192236
0.020905 0.301401
0.831874 0.610706
0.206061 0.996857
0.276193 0.836177
0.402997 0.139439
0.587542 0.866298
0.875271 0.669698
0.022340 0.596393
0.119419 0.019440
0.798090 0.867336
0.420362 0.050752
0.075716 0.398297
0.300119 0.300089
0.741997 0.916471
0.915677 0.781396
0.800592 0.774316
0.618030 0.715537
0.266945 0.390942
0.135136 0.476089
0.118870 0.226356
0.003601 0.922514
0.972015 0.047212
0.724052 0.764855
0.592120 0.270638
0.226295 0.468917
0.661794 0.072481
0.118076 0.911344
0.952147 0.436934
0.508896 0.170782
0.332133 0.459212
0.587817 0.142827
0.744713 0.370190
0.004700 0.655507
0.277932 0.473006
0.840846 0.957854
0.206519 0.377667
0.463729 0.853786
0.898526 0.140721
0.195837 0.496078
0.022095 0.919095
0.036897 0.055605
0.987823 0.411298
0.425642 0.193793
0.959105 0.443525
0.180120 0.308329
0.686697 0.432051
0.546251 0.677633
0.786950 0.672964
0.700766 0.076724
0.519150 0.134678
0.998383 0.160741
0.260506 0.159032
0.494400 0.021912
0.459151 0.726279
0.774041 0.827235
0.347270 0.441023
0.619312 0.941771
0.195105 0.895444
0.545549 0.445173
0.387310 0.565020
0.102573 0.894436
0.419446 0.105167
0.878536 0.728660
0.841914 0.746178
0.315439 0.083377
0.886837 0.050508
0.649434 0.646718
0.580889 0.576128
0.970153 0.830012
0.081332 0.464858
0.510575 0.457930
0.842372 0.069582
0.566149 0.082369
0.394391 0.740928
0.759270 0.313059
0.977050 0.053468
0.985900 0.103397
0.306833 0.627644
0.260964 0.203497
0.690512 0.044801
0.758171 0.122959
0.513413 0.388775
0.618274 0.876186
0.223823 0.435316
0.681539 0.868740
0.326151 0.007691
