500
0.525925 0.284860
0.088656 0.610614
0.218879 0.449324
0.359386 0.023988
0.349986 0.185156
0.828639 0.614734
0.011139 0.228950
0.639576 0.983764
0.540086 0.880734
0.501389 0.425977
0.649312 0.417249
0.012116 0.394177
0.659597 0.393658
0.805170 0.615772
0.889889 0.925962
0.814234 0.944487
0.314493 0.984130
0.950285 0.685018
0.406720 0.486801
0.942076 0.696524
0.952696 0.484237
0.492538 0.460067
0.599750 0.182287
0.544603 0.283517
0.622089 0.342143
0.269143 0.843440
0.704520 0.919767
0.727775 0.895047
0.261513 0.130955
0.394696 0.150792
0.249825 0.322947
0.076418 0.146916
0.694235 0.021424
0.895627 0.916196
0.495956 0.998871
0.014039 0.814295
0.072268 0.099399
0.742454 0.983306
0.737358 0.722770
0.067202 0.272042
0.022584 0.937040
0.411695 0.684927
0.986389 0.367565
0.758873 0.913450
0.175329 0.419477
0.453841 0.155522
0.318796 0.930815
0.488357 0.165807
0.990936 0.719993
0.089022 0.304819
0.102969 0.499527
0.413862 0.307657
0.369762 0.491409
0.086917 0.266121
0.789758 0.659963
0.352397 0.986297
0.589251 0.852107
0.591998 0.055849
0.306558 0.049104
0.573229 0.538011
0.154851 0.903012
0.965575 0.047853
0.918332 0.673116
0.655538 0.432142
0.037599 0.594409
0.766869 0.333842
0.041353 0.208625
0.979156 0.689688
0.714377 0.771447
0.823756 0.769280
0.806574 0.029511
0.986511 0.847011
0.744560 0.094790
0.975372 0.859523
0.169988 0.228156
0.949583 0.003479
0.970031 0.837245
0.979766 0.686575
0.562853 0.243965
0.869930 0.686666
0.544877 0.368542
0.231300 0.555376
0.605518 0.610187
0.964385 0.796899
0.805322 0.853450
0.295572 0.853725
0.093356 0.428571
0.371349 0.865200
0.414838 0.179846
0.620869 0.655568
0.280587 0.311502
0.720817 0.826106
0.492782 0.099185
0.297922 0.635640
0.357433 0.877255
0.091800 0.137425
0.398938 0.520371
0.635151 0.763237
0.732597 0.950529
0.857814 0.135929
0.752007 0.700522
0.521165 0.391980
0.286569 0.065615
0.888485 0.794733
0.886624 0.874050
0.538133 0.920103
0.391125 0.407941
0.725455 0.195837
0.435377 0.506302
0.199866 0.075442
0.053957 0.380230
0.883175 0.628101
0.035951 0.172765
0.315348 0.825861
0.274545 0.309519
0.162999 0.062716
0.476760 0.914121
0.006745 0.686087
0.761986 0.735252
0.085208 0.108280
0.672994 0.018128
0.542161 0.759850
0.832911 0.649892
0.947478 0.738243
0.027741 0.536363
0.290841 0.451735
0.400616 0.645466
0.977660 0.257027
0.662984 0.997528
0.982757 0.622608
0.730216 0.383923
0.818903 0.848537
0.687002 0.096042
0.475906 0.874203
0.489151 0.444777
0.986572 0.205145
0.307932 0.352306
0.923215 0.797815
0.450117 0.781579
0.071841 0.397443
0.180548 0.004059
0.157140 0.900754
0.340403 0.673727
0.226142 0.883877
0.549120 0.387677
0.781457 0.122593
0.207801 0.020142
0.697165 0.870449
0.598590 0.587634
0.847682 0.643391
0.907834 0.155461
0.645802 0.779138
0.153661 0.444166
0.616932 0.605914
0.696921 0.011322
0.521958 0.479751
0.084201 0.496933
0.372570 0.392285
0.393658 0.105899
0.626362 0.174902
0.454939 0.571551
0.650075 0.734367
0.206885 0.057985
0.566881 0.862423
0.729331 0.145024
0.518082 0.029969
0.626026 0.868191
0.275033 0.482040
0.635029 0.814203
0.444533 0.170537
0.279763 0.175634
0.061007 0.455123
0.314920 0.530503
0.234687 0.361797
0.883816 0.240242
0.006653 0.890957
0.114780 0.031526
0.361583 0.094821
0.331919 0.989441
0.372906 0.267312
0.459243 0.799463
0.338450 0.268593
0.658559 0.982269
0.926542 0.659749
0.325907 0.538041
0.345347 0.865230
0.161443 0.161779
0.624042 0.956511
0.974792 0.852992
0.979247 0.137638
0.091617 0.320353
0.726859 0.635090
0.809656 0.645802
0.926420 0.243110
0.175085 0.146458
0.189825 0.909665
0.533799 0.809931
0.537492 0.182562
0.777154 0.864376
0.108585 0.002167
0.510453 0.715049
0.523850 0.497238
0.875271 0.853938
0.057772 0.092502
0.351604 0.077578
0.250008 0.636708
0.666097 0.074313
0.233833 0.203681
0.645833 0.674154
0.631245 0.698111
0.043153 0.019013
0.614612 0.089816
0.566729 0.490097
0.375072 0.047578
0.718772 0.419813
0.330607 0.583117
0.290292 0.016419
0.069979 0.388562
0.969268 0.195532
0.378735 0.441786
0.318674 0.278420
0.762230 0.318857
0.833338 0.611164
0.190435 0.584918
0.922880 0.944548
0.434126 0.972961
0.819514 0.933378
0.003662 0.939512
0.044710 0.431837
0.339274 0.378826
0.569781 0.782617
0.144169 0.488571
0.380444 0.792413
0.514756 0.365062
0.547594 0.696280
0.356212 0.959929
0.406476 0.297555
0.599261 0.897916
0.505448 0.327921
0.957854 0.177892
0.482803 0.289651
0.354350 0.254646
0.680837 0.911374
0.621540 0.954253
0.194433 0.004486
0.576067 0.065371
0.736381 0.353008
0.975249 0.109622
0.950743 0.452040
0.102298 0.504593
0.290719 0.296640
0.856258 0.996033
0.827448 0.842097
0.987793 0.332804
0.398175 0.060457
0.519303 0.242653
0.961974 0.069002
0.653645 0.580493
0.064058 0.402356
0.775689 0.725211
0.466567 0.577502
0.424696 0.288003
0.549852 0.970794
0.705100 0.606342
0.109958 0.902310
0.339793 0.911435
0.061251 0.966308
0.841426 0.983947
0.486282 0.075472
0.954833 0.670675
0.640492 0.647969
0.344554 0.965514
0.898007 0.846675
0.918821 0.692343
0.785577 0.728843
0.337291 0.376293
0.628468 0.377209
0.276742 0.656056
0.238960 0.963897
0.959624 0.186987
0.549028 0.622883
0.569414 0.533769
0.204932 0.353221
0.708975 0.848842
0.481460 0.906735
0.721488 0.325541
0.908902 0.850642
0.695547 0.628681
0.951323 0.984008
0.284097 0.489639
0.154637 0.017304
0.248512 0.421033
0.833888 0.717643
0.458815 0.280068
0.515458 0.711264
0.919553 0.903256
0.639698 0.328043
0.188360 0.475448
0.578051 0.174963
0.780938 0.940458
0.527177 0.078402
0.468429 0.733238
0.436415 0.927274
0.873836 0.616230
0.273354 0.900021
0.242286 0.438765
0.009064 0.830226
0.236854 0.507736
0.419355 0.421583
0.974670 0.823267
0.178198 0.930937
0.334269 0.154180
0.177709 0.512223
0.228462 0.615253
0.263894 0.144414
0.763329 0.405927
0.638050 0.988617
0.715629 0.940275
0.324015 0.674947
0.589740 0.020264
0.471114 0.590075
0.050020 0.414045
0.296945 0.097842
0.722678 0.136265
0.419324 0.334056
0.791955 0.831050
0.918302 0.214484
0.637928 0.973907
0.019898 0.602374
0.546495 0.580523
0.556475 0.862728
0.337046 0.949126
0.864437 0.793207
0.695151 0.287362
0.028260 0.517930
0.616291 0.005524
0.126194 0.375072
0.867672 0.956938
0.634022 0.330149
0.643635 0.945952
0.930235 0.010224
0.051973 0.440107
0.158818 0.583483
0.377300 0.862239
0.098666 0.944151
0.358135 0.920896
0.350993 0.607440
0.992157 0.492691
0.170476 0.344127
0.457564 0.287820
0.564196 0.097324
0.920377 0.155919
0.918699 0.971618
0.040895 0.894406
0.412824 0.331248
0.523576 0.497971
0.238594 0.571520
0.057772 0.373608
0.234230 0.544053
0.491806 0.860012
0.091250 0.979461
0.301096 0.681570
0.091128 0.947478
0.410108 0.567431
0.039125 0.554308
0.434217 0.369091
0.865078 0.129856
0.152074 0.068606
0.569994 0.210944
0.659169 0.282754
0.762535 0.005432
0.528306 0.809931
0.099643 0.271523
0.798059 0.095401
0.062227 0.615894
0.000427 0.987213
0.275002 0.158879
0.290323 0.972198
0.922269 0.912717
0.436415 0.828761
0.915311 0.903500
0.579608 0.976501
0.968535 0.568834
0.165227 0.304544
0.239326 0.462203
0.955443 0.759392
0.689444 0.794885
0.527757 0.474105
0.822504 0.847255
0.955382 0.780541
0.552416 0.459120
0.678732 0.879971
0.663167 0.761071
0.756096 0.040986
0.467605 0.569872
0.938597 0.840724
0.505661 0.708731
0.069826 0.883633
0.826441 0.118473
0.562029 0.728904
0.866268 0.649007
0.246773 0.944029
0.838496 0.602222
0.252327 0.129826
0.558397 0.956389
0.611225 0.900510
0.370434 0.149846
0.136143 0.027284
0.534349 0.625904
0.886685 0.993652
0.018006 0.369488
0.159825 0.398541
0.921171 0.933348
0.767632 0.319803
0.995666 0.978332
0.477828 0.702689
0.160039 0.985565
0.636586 0.640156
0.094729 0.218665
0.562822 0.772698
0.032960 0.557512
0.580706 0.130558
0.893704 0.053041
0.667714 0.728568
0.961028 0.381878
0.346446 0.986175
0.491379 0.897458
0.149754 0.491256
0.272744 0.537248
0.336375 0.402783
0.586962 0.059572
0.540422 0.979400
0.785302 0.197943
0.372723 0.398755
0.204047 0.379101
0.496231 0.088656
0.367992 0.195715
0.709037 0.698660
0.084170 0.535783
0.842189 0.981841
0.759758 0.274453
0.733268 0.777184
0.596912 0.146184
0.384503 0.776086
0.486526 0.585894
0.436995 0.412061
0.473617 0.113315
0.867092 0.649190
0.486740 0.980438
0.306162 0.931608
0.678488 0.774895
0.354869 0.866115
0.502152 0.814875
0.524064 0.024201
0.431257 0.615955
0.959014 0.394330
0.957640 0.825129
0.112339 0.155095
0.092257 0.248054
0.888272 0.117100
0.065554 0.564776
0.408399 0.583453
0.675283 0.442854
0.828852 0.651021
0.604907 0.899625
0.277383 0.974761
0.144200 0.194494
0.837947 0.614002
0.398480 0.511155
0.862300 0.979308
0.956999 0.273019
0.486251 0.713614
0.877102 0.009674
0.567919 0.516099
0.767724 0.122257
0.036592 0.941130
0.040529 0.537278
0.460280 0.556597
0.856777 0.133610
0.436567 0.630696
0.729057 0.922727
0.783166 0.654347
0.852870 0.812647
0.792077 0.202826
0.647389 0.610920
0.345866 0.213263
0.800714 0.959319
0.706748 0.419233
0.043825 0.504288
0.758385 0.675253
0.630848 0.914426
0.305582 0.827876
0.409314 0.012635
0.282266 0.366985
0.535051 0.955107
0.287179 0.410749
0.981231 0.625477
0.588214 0.626148
0.395398 0.953612
0.635670 0.155828
