5000
0.175512 0.768365
0.170171 0.784509
0.055361 0.719535
0.016846 0.727378
0.226325 0.720420
0.656697 0.259835
0.759545 0.560564
0.799036 0.561083
0.153569 0.694632
0.853725 0.345439
0.796747 0.240394
0.074435 0.825098
0.643391 0.569079
0.827815 0.493912
0.781549 0.260201
0.269112 0.801386
0.851283 0.235542
0.558428 0.429823
0.831721 0.297006
0.892300 0.263314
0.904080 0.404187
0.905454 0.328043
0.071780 0.729118
0.561754 0.344859
0.762444 0.460402
0.117252 0.853236
0.194861 0.719932
0.737236 0.519120
0.126865 0.680074
0.202368 0.734397
0.722404 0.206244
0.848384 0.396619
0.624073 0.541307
0.254494 0.755150
0.053407 0.747093
0.598102 0.376659
0.811365 0.556932
0.688467 0.231300
0.140110 0.705344
0.697897 0.207434
0.118778 0.872524
0.234687 0.796228
0.878262 0.293100
0.857875 0.486862
0.291849 0.701407
0.123783 0.625385
0.570421 0.438215
0.077670 0.842463
0.139988 0.773827
0.842891 0.520341
0.275124 0.720420
0.867031 0.384198
0.617695 0.458022
0.126621 0.616016
0.580065 0.415967
0.212470 0.630177
0.766930 0.259316
0.857784 0.532792
0.837153 0.463515
0.133274 0.695090
0.097476 0.761834
0.077853 0.879604
0.632008 0.546709
0.117618 0.833216
0.725150 0.597644
0.823237 0.354076
0.187536 0.797693
0.772668 0.549303
0.766320 0.210364
0.885495 0.460707
0.565691 0.361919
0.759667 0.594653
0.926267 0.455489
0.190466 0.754692
0.719230 0.250191
0.700766 0.208991
0.702200 0.497055
0.194586 0.660817
0.257668 0.694327
0.126957 0.816034
0.680624 0.232429
0.578112 0.422681
0.292001 0.763909
0.248390 0.833003
0.657582 0.244850
0.221900 0.845027
0.185278 0.769616
0.906156 0.347942
0.167241 0.883816
0.896451 0.353771
0.225837 0.743614
0.620563 0.449934
0.888272 0.493454
0.113926 0.853267
0.924863 0.362346
0.030091 0.775048
0.728568 0.503769
0.116916 0.794122
0.719504 0.585498
0.205481 0.716391
0.083987 0.845882
0.720908 0.588244
0.566912 0.351207
0.899258 0.452803
0.012177 0.786676
0.820368 0.413526
0.725181 0.455885
0.706076 0.545824
0.763115 0.264016
0.594775 0.387707
0.724387 0.556475
0.100101 0.686666
0.676077 0.575884
0.595416 0.289773
0.653706 0.256905
0.859798 0.475234
0.034455 0.687185
0.223426 0.644276
0.856014 0.477248
0.923154 0.494003
0.074252 0.653890
0.172460 0.619648
0.751610 0.235328
0.828425 0.248115
0.231788 0.647450
0.076846 0.679922
0.056429 0.807703
0.784265 0.531907
0.088351 0.754326
0.845210 0.274148
0.865658 0.364269
0.659474 0.500504
0.046785 0.743492
0.704367 0.533860
0.869106 0.545915
0.572893 0.462966
0.128636 0.851527
0.767052 0.464797
0.694479 0.233955
0.893826 0.280313
0.272378 0.681082
0.622730 0.452315
0.295877 0.759087
0.725455 0.215003
0.168798 0.889126
0.869686 0.542924
0.824610 0.463729
0.236793 0.814325
0.147191 0.699240
0.814692 0.559374
0.839595 0.223609
0.048616 0.740165
0.897549 0.450575
0.630268 0.511856
0.109592 0.797540
0.861751 0.552171
0.074129 0.703360
0.715873 0.564470
0.919950 0.380963
0.921567 0.381878
0.714621 0.543840
0.806391 0.407788
0.781976 0.530931
0.247505 0.693625
0.120823 0.631703
0.863735 0.556932
0.197089 0.669454
0.782464 0.499557
0.856594 0.476669
0.170476 0.839015
0.652608 0.486282
0.258217 0.726432
0.923643 0.359478
0.162603 0.656972
0.783532 0.563921
0.873806 0.555071
0.829585 0.300790
0.189581 0.667257
0.110721 0.837031
0.748405 0.562120
0.660421 0.541063
0.066103 0.765007
0.120823 0.751488
0.881527 0.313639
0.818415 0.349742
0.791559 0.221686
0.800684 0.518265
0.174291 0.621052
0.624836 0.540330
0.878262 0.436872
0.066805 0.690725
0.807215 0.219489
0.068636 0.673940
0.672201 0.544267
0.719749 0.466353
0.173986 0.608386
0.769982 0.264687
0.655965 0.551531
0.919156 0.375134
0.885586 0.272591
0.905393 0.281838
0.753319 0.546281
0.785577 0.550432
0.241035 0.663228
0.923399 0.322825
0.117069 0.641591
0.107852 0.777123
0.138432 0.659719
0.642933 0.463759
0.583514 0.329997
0.787835 0.496139
0.810633 0.288583
0.876156 0.340922
0.202643 0.861141
0.562120 0.380810
0.855129 0.522263
0.879238 0.442396
0.285073 0.739067
0.859890 0.437025
0.130833 0.669637
0.852870 0.511429
0.844081 0.361370
0.667898 0.565416
0.741264 0.566210
0.814356 0.568834
0.166112 0.754570
0.621296 0.457961
0.753441 0.238655
0.146977 0.692557
0.884213 0.431928
0.154210 0.713981
0.175329 0.737724
0.893399 0.355083
0.119877 0.609394
0.602405 0.384716
0.786584 0.546373
0.604694 0.281533
0.577776 0.345408
0.843410 0.554430
0.252388 0.787835
0.241035 0.668111
0.689566 0.585742
0.680410 0.224586
0.662252 0.579516
0.899411 0.429792
0.210425 0.834590
0.563402 0.444197
0.223792 0.806818
0.152257 0.603381
0.597156 0.503342
0.585955 0.414533
0.865535 0.345500
0.713523 0.463637
0.806330 0.457137
0.118900 0.616626
0.840358 0.460555
0.889126 0.334941
0.159307 0.846889
0.830866 0.474776
0.741874 0.474746
0.613941 0.426466
0.049104 0.792810
0.667379 0.507645
0.817072 0.296182
0.113926 0.717032
0.037538 0.702750
0.231788 0.649678
0.240028 0.840632
0.712302 0.211310
0.795068 0.381329
0.100345 0.824732
0.920316 0.391949
0.039064 0.717093
0.571642 0.367992
0.594073 0.384838
0.730979 0.487655
0.623615 0.470260
0.871914 0.417829
0.110782 0.869106
0.176916 0.669729
0.096866 0.648976
0.839381 0.414228
0.877834 0.527116
0.735740 0.452315
0.720389 0.499008
0.818049 0.525987
0.219825 0.777459
0.604358 0.434584
0.580859 0.430525
0.734428 0.554003
0.942534 0.438276
0.121433 0.814905
0.808679 0.239753
0.640706 0.521104
0.200201 0.629414
0.052126 0.808588
0.189611 0.741020
0.113865 0.686209
0.836207 0.408856
0.226691 0.876186
0.851588 0.358379
0.916898 0.396405
0.065371 0.708670
0.138096 0.696646
0.084017 0.868984
0.247963 0.836756
0.121921 0.849727
0.158940 0.666005
0.047700 0.791009
0.861385 0.316141
0.825068 0.411908
0.172491 0.844813
0.910306 0.481399
0.656972 0.492325
0.732505 0.221412
0.905118 0.383435
0.271920 0.665822
0.110446 0.740501
0.189215 0.691336
0.616260 0.478805
0.202033 0.771538
0.584185 0.372112
0.818659 0.477828
0.769951 0.511093
0.652821 0.444258
0.613941 0.259743
0.052309 0.740013
0.194678 0.728172
0.755486 0.235786
0.622272 0.435194
0.238319 0.681906
0.227241 0.751579
0.082003 0.880581
0.699637 0.513810
0.923185 0.386608
0.774590 0.469344
0.748131 0.243721
0.785638 0.487808
0.261238 0.733390
0.254311 0.712455
0.691733 0.471755
0.108493 0.635975
0.580950 0.470199
0.780084 0.264321
0.844874 0.507157
0.710990 0.460158
0.057436 0.789331
0.692495 0.469985
0.108402 0.770348
0.850398 0.332499
0.007721 0.746208
0.830317 0.221747
0.846461 0.231056
0.211829 0.800836
0.586810 0.417219
0.806085 0.475723
0.627766 0.541826
0.629902 0.552171
0.724143 0.479415
0.088717 0.671255
0.196966 0.674093
0.731162 0.513993
0.848781 0.542222
0.087252 0.769372
0.055544 0.778649
0.732200 0.524339
0.645009 0.263741
0.028108 0.728813
0.162938 0.764031
0.606647 0.508805
0.859462 0.423444
0.742241 0.485946
0.245888 0.837214
0.827937 0.422956
0.812677 0.375225
0.211127 0.860744
0.268624 0.737205
0.273721 0.749199
0.128422 0.639485
0.905850 0.450087
0.261452 0.788385
0.239692 0.639515
0.194433 0.819727
0.663991 0.241554
0.863094 0.523728
0.140080 0.771722
0.216285 0.851405
0.720115 0.227241
0.860164 0.480148
0.218757 0.865658
0.757286 0.253365
0.289041 0.764550
0.561998 0.385815
0.820490 0.442579
0.136601 0.733482
0.219214 0.731223
0.029298 0.810450
0.114383 0.696097
0.832423 0.256996
0.672872 0.527268
0.087527 0.718589
0.765069 0.549089
0.745659 0.255348
0.641041 0.530351
0.668386 0.228034
0.884732 0.254280
0.041475 0.673421
0.652150 0.521226
0.890316 0.512223
0.244484 0.731590
0.847835 0.520920
0.130222 0.845607
0.074221 0.628101
0.166234 0.878933
0.023865 0.735832
0.867428 0.329173
0.789300 0.222114
0.785638 0.420789
0.263527 0.815210
0.850581 0.458296
0.930509 0.368999
0.119938 0.756676
0.256966 0.699881
0.236579 0.693564
0.601337 0.273873
0.872768 0.314066
0.780908 0.415937
0.574725 0.366619
0.261086 0.799127
0.142064 0.895840
0.825312 0.348888
0.176214 0.856960
0.787194 0.471694
0.901791 0.357524
0.229530 0.733024
0.606861 0.269967
0.857418 0.272652
0.777429 0.503220
0.793481 0.557085
0.855068 0.509445
0.841945 0.380902
0.786035 0.518998
0.625507 0.462844
0.147313 0.631794
0.192022 0.749474
0.921598 0.439253
0.261238 0.650807
0.089785 0.657491
0.837397 0.263955
0.283639 0.688131
0.223945 0.694296
0.183172 0.799097
0.652181 0.456008
0.825526 0.449721
0.651692 0.503189
0.807581 0.387371
0.698447 0.482223
0.676443 0.472182
0.694815 0.534654
0.829798 0.474258
0.247108 0.831202
0.785180 0.505600
0.181951 0.835444
0.589434 0.439772
0.185369 0.882626
0.914884 0.326792
0.071993 0.664541
0.753777 0.592883
0.782281 0.590258
0.059999 0.721549
0.887692 0.408948
0.839778 0.367077
0.567675 0.380474
0.693686 0.475906
0.623341 0.505417
0.854732 0.298288
0.283303 0.696860
0.845393 0.485946
0.808069 0.547777
0.194220 0.720908
0.808344 0.581530
0.218451 0.737907
0.876949 0.443281
0.744346 0.455580
0.634541 0.252632
0.772393 0.495956
0.131779 0.633168
0.881283 0.318216
0.295206 0.763482
0.575274 0.442763
0.731162 0.564013
0.809198 0.288156
0.064241 0.666616
0.252510 0.793878
0.135990 0.855800
0.935606 0.440626
0.900449 0.447127
0.217841 0.676565
0.157537 0.741600
0.699545 0.238044
0.575640 0.491073
0.052431 0.858089
0.283731 0.802637
0.169073 0.769768
0.637349 0.455031
0.212561 0.825129
0.756615 0.464431
0.055757 0.743828
0.205603 0.823511
0.832667 0.501419
0.859920 0.410443
0.797693 0.288583
0.685171 0.578845
0.782434 0.247261
0.598560 0.338664
0.858516 0.394787
0.279153 0.819880
0.833460 0.351543
0.635151 0.535722
0.873623 0.324534
0.170293 0.851009
0.819697 0.343150
0.077059 0.709891
0.565050 0.466781
0.853206 0.398816
0.683920 0.228065
0.278481 0.716971
0.276925 0.733329
0.617725 0.425886
0.901242 0.352611
0.275613 0.824427
0.129978 0.811213
0.880856 0.276345
0.830317 0.295206
0.688955 0.210395
0.752861 0.559771
0.812128 0.349376
0.622974 0.543687
0.073153 0.642628
0.058351 0.687765
0.611286 0.277291
0.123753 0.838252
0.092349 0.778405
0.745537 0.454512
0.563524 0.460097
0.738456 0.516251
0.880551 0.265969
0.898831 0.308939
0.775292 0.213294
0.244545 0.841212
0.236183 0.629475
0.827082 0.565569
0.670034 0.545488
0.186132 0.706229
0.225410 0.752525
0.088107 0.805078
0.911863 0.441328
0.798853 0.394879
0.243263 0.667440
0.569658 0.364116
0.751823 0.462477
0.123875 0.646474
0.743706 0.517624
0.221900 0.767266
0.824976 0.404706
0.837855 0.526414
0.083712 0.652699
0.012329 0.764000
0.935453 0.420637
0.630055 0.516068
0.158116 0.768395
0.870724 0.292062
0.179052 0.792993
0.790857 0.281686
0.700064 0.514786
0.843379 0.392346
0.681722 0.584460
0.862850 0.413373
0.275185 0.759606
0.728416 0.448714
0.132176 0.895016
0.139012 0.814905
0.114689 0.879513
0.683309 0.455794
0.813379 0.337748
0.800165 0.518632
0.021332 0.696127
0.876949 0.536851
0.593921 0.518662
0.080691 0.632832
0.853725 0.550981
0.783715 0.559984
0.661397 0.567919
0.211768 0.703055
0.155034 0.649403
0.595264 0.481491
0.209418 0.843745
0.060945 0.705863
0.823450 0.528794
0.171697 0.724509
0.167180 0.796167
0.045259 0.697165
0.019440 0.710562
0.229499 0.660482
0.624500 0.486465
0.733085 0.518326
0.825831 0.235359
0.629841 0.452223
0.195593 0.628956
0.834284 0.464217
0.178472 0.677999
0.676901 0.583789
0.577898 0.366161
0.641285 0.496170
0.701346 0.468703
0.187689 0.815943
0.876736 0.346751
0.826228 0.329966
0.747429 0.455916
0.586627 0.438581
0.716758 0.505875
0.824000 0.223853
0.151708 0.844874
0.851588 0.337809
0.113620 0.695578
0.946959 0.429182
0.089450 0.839930
0.139836 0.838496
0.789972 0.542711
0.147984 0.601642
0.677938 0.459029
0.620472 0.517838
0.841487 0.268197
0.747673 0.523392
0.180914 0.853328
0.603900 0.440931
0.662587 0.484115
0.895077 0.329966
0.214087 0.797632
0.115818 0.809473
0.232002 0.729118
0.618915 0.280343
0.623890 0.440413
0.033906 0.758538
0.118381 0.815882
0.736167 0.206580
0.056215 0.739830
0.857875 0.461196
0.747612 0.229225
0.897549 0.347453
0.179266 0.866848
0.784753 0.214331
0.792047 0.508652
0.844722 0.493118
0.730888 0.485000
0.927824 0.486190
0.845241 0.249275
0.641865 0.471664
0.277047 0.684256
0.891324 0.425367
0.188910 0.695700
0.154241 0.781426
0.586535 0.448805
0.163915 0.863155
0.825190 0.413495
0.793268 0.405683
0.622211 0.483871
0.771722 0.420392
0.010285 0.711264
0.877529 0.420454
0.845790 0.487838
0.815119 0.242927
0.643574 0.441420
0.815149 0.571581
0.811731 0.504074
0.120975 0.723807
0.722098 0.492141
0.831996 0.527970
0.821131 0.328043
0.842677 0.406354
0.591113 0.424177
0.580187 0.408765
0.866085 0.448988
0.861934 0.419599
0.839808 0.508713
0.703909 0.482467
0.220862 0.780908
0.638630 0.473342
0.591876 0.492203
0.003632 0.772790
0.027833 0.793603
0.010376 0.744316
0.715506 0.464827
0.861171 0.393445
0.705832 0.573534
0.215522 0.777337
0.730461 0.497147
0.580187 0.433180
0.580096 0.436476
0.164739 0.801172
0.072207 0.824335
0.804163 0.356822
0.072146 0.860439
0.637257 0.244026
0.683401 0.531358
0.076479 0.764336
0.762841 0.212043
0.561754 0.422163
0.593371 0.325846
0.755852 0.475173
0.650807 0.498764
0.197577 0.658925
0.216590 0.617908
0.241310 0.758568
0.652120 0.496048
0.826197 0.364666
0.839045 0.253182
0.162603 0.847224
0.126652 0.716330
0.833125 0.541551
0.590960 0.365429
0.228858 0.661824
0.825190 0.349376
0.065401 0.758415
0.089908 0.748192
0.560411 0.364696
0.915098 0.291513
0.083987 0.638691
0.738639 0.472457
0.153325 0.727256
0.808374 0.490829
0.156316 0.773858
0.092593 0.782250
0.735374 0.228156
0.642720 0.456038
0.052919 0.657002
0.884976 0.540208
0.024201 0.704520
0.043428 0.826838
0.076113 0.803034
0.028138 0.670125
0.027924 0.710837
0.874508 0.522324
0.186041 0.851924
0.916929 0.419904
0.905637 0.438276
0.769829 0.212683
0.867458 0.516923
0.571917 0.364818
0.720725 0.237861
0.745109 0.212806
0.844874 0.332926
0.801630 0.398144
0.073183 0.831477
0.882199 0.434523
0.841609 0.561388
0.117344 0.863674
0.058626 0.673727
0.616749 0.406110
0.868130 0.323344
0.897946 0.318674
0.118259 0.887112
0.632038 0.240852
0.108615 0.638447
0.194189 0.881771
0.180609 0.804621
0.238227 0.654744
0.071322 0.853053
0.906400 0.305460
0.150822 0.638050
0.056032 0.664052
0.069063 0.807550
0.639882 0.253151
0.923643 0.425886
0.880795 0.403150
0.864376 0.354350
0.935972 0.351085
0.029054 0.822077
0.229377 0.755333
0.096622 0.612323
0.917600 0.399426
0.087863 0.835200
0.927824 0.431501
0.603778 0.269051
0.175939 0.853877
0.749809 0.261391
0.588794 0.365978
0.090213 0.869106
0.800531 0.498733
0.905484 0.510483
0.703177 0.225074
0.817438 0.380169
0.750542 0.217841
0.600024 0.448927
0.599841 0.299539
0.718863 0.582324
0.074496 0.773309
0.025025 0.684011
0.589099 0.354228
0.813929 0.284005
0.195807 0.758812
0.794702 0.584643
0.106265 0.630634
0.878933 0.339518
0.813776 0.299936
0.890744 0.340312
0.897946 0.455245
0.075198 0.768761
0.863124 0.492477
0.079897 0.754509
0.055086 0.775384
0.064089 0.692526
0.723838 0.500748
0.572558 0.458388
0.602222 0.533799
0.139256 0.873684
0.895322 0.532426
0.797327 0.376659
0.068392 0.764885
0.142033 0.670858
0.263619 0.724448
0.133641 0.819544
0.825892 0.557146
0.900021 0.396100
0.169713 0.778466
0.152501 0.699393
0.654317 0.225043
0.237678 0.869594
0.290780 0.721702
0.086825 0.677084
0.554186 0.396619
0.844111 0.372204
0.006684 0.732261
0.712394 0.210913
0.290780 0.767144
0.869716 0.427870
0.847987 0.295541
0.655324 0.509873
0.174474 0.855647
0.127506 0.896512
0.845515 0.560564
0.184820 0.791559
0.297769 0.753380
0.282785 0.722739
0.678701 0.543382
0.167150 0.791955
0.183477 0.720817
0.889615 0.378246
0.761376 0.453536
0.110752 0.744926
0.889340 0.391217
0.680960 0.473189
0.936216 0.464003
0.552263 0.382672
0.106418 0.684103
0.798273 0.271279
0.835017 0.407727
0.204016 0.710074
0.158879 0.690359
0.189062 0.725059
0.079501 0.676138
0.061922 0.794641
0.587420 0.358104
0.062319 0.634693
0.662893 0.241707
0.076418 0.706900
0.812403 0.338664
0.231056 0.641591
0.754021 0.451582
0.918210 0.364788
0.633564 0.260842
0.816309 0.304239
0.042573 0.706381
0.191473 0.855190
0.889950 0.373730
0.197790 0.839717
0.241890 0.746574
0.639393 0.562761
0.591479 0.306558
0.584857 0.289468
0.626942 0.550890
0.063906 0.730277
0.275857 0.818628
0.605243 0.449293
0.935698 0.395520
0.166906 0.670736
0.050935 0.725242
0.087893 0.788354
0.829279 0.578234
0.115268 0.759331
0.740959 0.517289
0.899503 0.343242
0.232551 0.813654
0.214942 0.618030
0.876919 0.519242
0.191839 0.658406
0.854060 0.539659
0.190191 0.740623
0.808435 0.530473
0.061068 0.794275
0.834284 0.496750
0.579180 0.397412
0.023682 0.760765
0.872158 0.485214
0.027802 0.691427
0.847804 0.460128
0.916013 0.356365
0.050691 0.853236
0.840480 0.545763
0.068850 0.752068
0.856502 0.254982
0.200476 0.669149
0.064974 0.760216
0.115085 0.805261
0.091433 0.745811
0.626759 0.449690
0.088870 0.877194
0.913236 0.286752
0.222358 0.623127
0.743919 0.542741
0.186041 0.832331
0.686361 0.216712
0.886502 0.325083
0.586352 0.387219
0.185034 0.848048
0.943083 0.417982
0.270943 0.723930
0.127232 0.697501
0.656087 0.225410
0.221473 0.642537
0.138707 0.625385
0.786004 0.551805
0.893796 0.296304
0.002503 0.738395
0.233528 0.784875
0.096072 0.613453
0.865108 0.310160
0.159795 0.718009
0.754509 0.447707
0.110355 0.761864
0.882260 0.309763
0.611805 0.405316
0.203558 0.823420
0.844905 0.467025
0.897702 0.274911
0.279214 0.749504
0.251564 0.822596
0.254097 0.749901
0.198248 0.693960
0.589526 0.404736
0.054811 0.802057
0.804163 0.427259
0.087344 0.766320
0.721915 0.243690
0.815424 0.389843
0.737846 0.446699
0.182928 0.760674
0.574664 0.397473
0.164159 0.669729
0.819575 0.406446
0.221564 0.811945
0.758477 0.486251
0.924589 0.373699
0.743004 0.223762
0.110294 0.708090
0.765893 0.227454
0.171758 0.640950
0.829585 0.522446
0.748558 0.573168
0.179113 0.658986
0.877865 0.270821
0.551958 0.404065
0.266488 0.789392
0.785272 0.549516
0.843684 0.331065
0.894253 0.488632
0.659658 0.525468
0.042543 0.680136
0.676229 0.514756
0.816218 0.336619
0.835078 0.578509
0.860927 0.481918
0.093112 0.705588
0.027436 0.781030
0.637013 0.455275
0.153630 0.776879
0.849483 0.254982
0.664235 0.578112
0.124485 0.725242
0.830287 0.384808
0.838160 0.449080
0.010681 0.714286
0.574602 0.431288
0.640126 0.440474
0.648305 0.522050
0.808893 0.457228
0.908841 0.426984
0.630726 0.509568
0.123997 0.896237
0.660451 0.530992
0.835200 0.352031
0.216193 0.746330
0.652669 0.250435
0.073519 0.664144
0.938688 0.434492
0.113224 0.704886
0.717246 0.535051
0.221778 0.775689
0.825037 0.443770
0.087374 0.756066
0.154057 0.640095
0.712180 0.539659
0.044862 0.669942
0.116581 0.833369
0.687857 0.229469
0.641804 0.558428
0.079714 0.676321
0.887692 0.431776
0.876980 0.397717
0.701621 0.579760
0.056917 0.757286
0.118992 0.679098
0.275826 0.769433
0.687551 0.587725
0.194586 0.803278
0.817225 0.502976
0.866512 0.313242
0.657796 0.546922
0.831690 0.284371
0.890591 0.387310
0.076968 0.721274
0.829646 0.222144
0.850734 0.529435
0.218757 0.741081
0.902493 0.353771
0.036287 0.679220
0.898282 0.396771
0.136814 0.602100
0.838679 0.503006
0.159886 0.760430
0.751061 0.530442
0.640736 0.481887
0.881344 0.539964
0.641224 0.520890
0.098575 0.628498
0.090060 0.741661
0.821162 0.558763
0.731590 0.515213
0.246345 0.759728
0.051393 0.840114
0.805048 0.244728
0.694632 0.453047
0.145207 0.886441
0.261086 0.780511
0.252663 0.721976
0.132694 0.650960
0.195349 0.695059
0.828822 0.510971
0.722221 0.509690
0.185583 0.645955
0.653615 0.494400
0.810236 0.210334
0.931761 0.317148
0.185949 0.644185
0.084872 0.622639
0.945585 0.372295
0.046449 0.799066
0.807672 0.350932
0.718894 0.566759
0.104556 0.610920
0.077364 0.785516
0.135960 0.881741
0.096072 0.825068
0.264718 0.842433
0.848048 0.246651
0.782830 0.466170
0.256722 0.766991
0.878903 0.249458
0.821223 0.444716
0.793939 0.475265
0.579852 0.313822
0.220374 0.880245
0.792718 0.451674
0.139714 0.659291
0.664235 0.248817
0.148350 0.814295
0.860988 0.404340
0.217566 0.702322
0.943236 0.399243
0.192602 0.629475
0.041017 0.816889
0.814997 0.302164
0.198004 0.757317
0.825892 0.573443
0.842677 0.480026
0.573199 0.361217
0.932249 0.478835
0.917905 0.439924
0.629139 0.476882
0.143956 0.642048
0.733848 0.469222
0.115238 0.787194
0.204016 0.881344
0.568621 0.378094
0.749138 0.496811
0.115909 0.804865
0.891049 0.520951
0.680441 0.551988
0.894772 0.472152
0.587939 0.451796
0.227577 0.876431
0.063387 0.689627
0.130924 0.783837
0.904721 0.413282
0.863460 0.300729
0.882382 0.412824
0.827357 0.383892
0.756706 0.241249
0.120609 0.751274
0.774468 0.562670
0.928800 0.358074
0.700644 0.585009
0.619556 0.470565
0.168249 0.885250
0.812952 0.415906
0.885983 0.460067
0.645466 0.453963
0.862789 0.283761
0.717795 0.246498
0.931120 0.316385
0.763176 0.249275
0.908811 0.285043
0.766564 0.504929
0.186010 0.795434
0.647084 0.444105
0.265450 0.671865
0.077670 0.745445
0.892911 0.439589
0.839808 0.283517
0.102695 0.868160
0.086764 0.648305
0.690176 0.523392
0.033204 0.734611
0.145970 0.737266
0.246101 0.840968
0.811396 0.326579
0.107883 0.737602
0.671926 0.566485
0.806848 0.514115
0.585986 0.404187
0.821894 0.390362
0.085055 0.816767
0.122257 0.894162
0.174383 0.765404
0.865230 0.394604
0.166112 0.823145
0.887478 0.515885
0.597491 0.316568
0.295938 0.769036
0.677969 0.566271
0.189917 0.655751
0.727714 0.483840
0.850520 0.260140
0.060396 0.766717
0.239723 0.771722
0.733024 0.212195
0.201117 0.686911
0.883419 0.409314
0.913114 0.354564
0.813471 0.252388
0.291360 0.739463
0.634693 0.255440
0.055422 0.807093
0.842189 0.558214
0.073702 0.670095
0.799738 0.425642
0.723716 0.201819
0.237709 0.711173
0.682516 0.221992
0.115909 0.857479
0.726768 0.528062
0.697867 0.231483
0.586627 0.428053
0.830714 0.252724
0.610523 0.506790
0.793359 0.493240
0.757134 0.247444
0.759819 0.461348
0.804804 0.482559
0.780145 0.473342
0.026063 0.762963
0.208594 0.618976
0.798151 0.485275
0.585772 0.413709
0.181341 0.701926
0.709128 0.214423
0.171392 0.678640
0.037049 0.710227
0.897427 0.414930
0.749596 0.454054
0.036866 0.709494
0.250679 0.808252
0.764458 0.213355
0.647725 0.569323
0.200293 0.791314
0.881314 0.333476
0.167882 0.840236
0.639912 0.521134
0.583178 0.414533
0.756523 0.257820
0.190558 0.697226
0.189367 0.612995
0.635273 0.517411
0.584155 0.325419
0.207862 0.615741
0.787896 0.204413
0.175756 0.871059
0.101505 0.622791
0.063570 0.730003
0.573473 0.393567
0.713797 0.531419
0.846278 0.511277
0.796411 0.465255
0.812067 0.590045
0.631184 0.262734
0.162694 0.877895
0.076785 0.802637
0.135197 0.839076
0.094363 0.740165
0.895871 0.465560
0.644307 0.242988
0.939879 0.424726
0.133763 0.751640
0.626026 0.456496
0.857631 0.491256
0.762719 0.202185
0.178106 0.724509
0.168645 0.614216
0.757958 0.233772
0.012024 0.767144
0.822901 0.318308
0.013367 0.806207
0.163793 0.895688
0.184881 0.863491
0.554308 0.405072
0.709250 0.513901
0.588549 0.478225
0.837123 0.321268
0.197027 0.750542
0.849696 0.348338
0.770928 0.448805
0.012818 0.751946
0.839228 0.330699
0.768792 0.439131
0.275185 0.691092
0.730064 0.598682
0.623737 0.458083
0.269112 0.831599
0.156316 0.640126
0.271737 0.695242
0.890866 0.458296
0.609272 0.407788
0.292123 0.710837
0.877865 0.458113
0.190954 0.754540
0.250862 0.756462
0.756462 0.473556
0.789178 0.459029
0.244270 0.839717
0.896542 0.344676
0.105380 0.680166
0.891324 0.273415
0.725700 0.508835
0.887295 0.444960
0.835414 0.311014
0.931333 0.465560
0.049593 0.837397
0.136357 0.872829
0.581744 0.343547
0.573687 0.378643
0.210120 0.831507
0.928251 0.472274
0.119907 0.610950
0.813593 0.488083
0.032380 0.839717
0.781152 0.251320
0.872250 0.326792
0.803919 0.220710
0.264443 0.752007
0.936369 0.358928
0.127659 0.678335
0.032624 0.700400
0.170476 0.704550
0.783807 0.277352
0.208502 0.825678
0.902799 0.495437
0.154729 0.655599
0.845119 0.315256
0.093844 0.788476
0.199622 0.623737
0.095370 0.878506
0.773492 0.544298
0.770928 0.480392
0.044435 0.770867
0.909909 0.387005
0.614673 0.481277
0.182745 0.814570
0.123661 0.642476
0.266060 0.719871
0.921567 0.297311
0.844325 0.291452
0.853236 0.455855
0.866359 0.293863
0.575274 0.372173
0.875179 0.342631
0.624287 0.455519
0.589373 0.306345
0.249062 0.750114
0.186224 0.618549
0.711661 0.487838
0.564318 0.378063
0.178594 0.742027
0.733482 0.593860
0.220832 0.839595
0.874142 0.252815
0.756310 0.478683
0.598376 0.406537
0.807001 0.477187
0.232246 0.808802
0.718375 0.225867
0.228645 0.695364
0.155614 0.774773
0.103519 0.881527
0.699332 0.466201
0.163915 0.802759
0.151524 0.843013
0.799310 0.295785
0.838527 0.525498
0.688284 0.250679
0.243416 0.851985
0.823237 0.518052
0.811335 0.284097
0.850429 0.570147
0.665273 0.572466
0.052736 0.762658
0.820887 0.396466
0.145054 0.696585
0.802515 0.590655
0.271035 0.745445
0.567766 0.465468
0.599384 0.319224
0.071230 0.751915
0.091281 0.748589
0.616260 0.477798
0.859310 0.345592
0.807001 0.298502
0.710105 0.560533
0.253426 0.838923
0.222816 0.850459
0.015076 0.764214
0.860500 0.505051
0.583270 0.294931
0.747917 0.507462
0.214698 0.631672
0.918271 0.371166
0.032472 0.693014
0.164281 0.733146
0.106479 0.608173
0.929502 0.415326
0.660634 0.544389
0.857936 0.350505
0.683004 0.245857
0.171728 0.783898
0.137364 0.762413
0.564623 0.424238
0.651631 0.235908
0.128605 0.679159
0.564226 0.369884
0.608020 0.403394
0.791650 0.531510
0.208289 0.640461
0.596606 0.514756
0.125736 0.735099
0.900571 0.452284
0.066408 0.675558
0.215613 0.826350
0.800958 0.458449
0.237526 0.658681
0.580645 0.377270
0.644704 0.550768
0.855251 0.533555
0.215064 0.870174
0.716086 0.565172
0.228004 0.863063
0.193060 0.880123
0.942015 0.345836
0.917783 0.314219
0.787408 0.426679
0.150487 0.803278
0.585559 0.340709
0.627338 0.475295
0.220862 0.630421
0.717399 0.234382
0.275246 0.683248
0.811304 0.445204
0.126286 0.738395
0.127354 0.704581
0.883328 0.322428
0.156316 0.848964
0.593829 0.423322
0.777032 0.469924
0.612751 0.482223
0.877590 0.269753
0.827387 0.375500
0.857631 0.341105
0.880428 0.517808
0.143895 0.650472
0.181127 0.754631
0.185430 0.649953
0.282327 0.800501
0.081881 0.719382
0.907804 0.334483
0.075137 0.846858
0.012543 0.793359
0.161626 0.838984
0.702261 0.463118
0.828486 0.373302
0.895352 0.294595
0.774712 0.266945
0.798242 0.507920
0.088137 0.824274
0.116245 0.669118
0.102451 0.672628
0.793207 0.276162
0.125675 0.796503
0.704886 0.513413
0.672536 0.575549
0.739586 0.445967
0.722953 0.453810
0.929746 0.409894
0.852412 0.276681
0.660298 0.536180
0.702139 0.459090
0.087985 0.768059
0.678182 0.459975
0.884671 0.375896
0.042634 0.765709
0.843867 0.555284
0.752281 0.597552
0.217078 0.768334
0.749290 0.450850
0.014740 0.791711
0.132023 0.837367
0.823176 0.218085
0.644063 0.241493
0.171636 0.835810
0.757195 0.261208
0.588916 0.447951
0.296548 0.740379
0.783776 0.440565
0.845515 0.288919
0.842341 0.424543
0.804041 0.565935
0.138951 0.637989
0.915464 0.390912
0.110263 0.726920
0.193121 0.838252
0.938292 0.404584
0.158910 0.616901
0.109165 0.836116
0.772027 0.512619
0.898251 0.427259
0.833247 0.512436
0.051454 0.668844
0.885434 0.382763
0.144566 0.713248
0.081240 0.741691
0.594684 0.454573
0.900418 0.366741
0.817164 0.428968
0.197485 0.706717
0.852351 0.244667
0.077059 0.708609
0.793970 0.306803
0.088839 0.660421
0.806757 0.309458
0.042909 0.832453
0.817927 0.376873
0.815516 0.241218
0.717765 0.214820
0.585314 0.462233
0.266427 0.794763
0.727470 0.579882
0.703024 0.488296
0.177740 0.818964
0.219489 0.797418
0.582446 0.449812
0.131870 0.742546
0.784539 0.590442
0.639668 0.464949
0.817225 0.507828
0.153172 0.645192
0.827143 0.361339
0.687674 0.225471
0.054170 0.718619
0.603046 0.406659
0.160588 0.782586
0.588702 0.333171
0.070711 0.861843
0.793634 0.478988
0.209723 0.819849
0.804010 0.268929
0.266976 0.787561
0.095981 0.681448
0.121769 0.873348
0.783380 0.576128
0.251167 0.833247
0.665639 0.531571
0.122562 0.810358
0.136631 0.614063
0.269417 0.679952
0.283151 0.799432
0.781335 0.537980
0.293649 0.743828
0.748619 0.575030
0.225196 0.784783
0.083346 0.780663
0.838282 0.296915
0.142094 0.870449
0.908994 0.497574
0.703238 0.493698
0.098788 0.770837
0.294778 0.758721
0.168065 0.855068
0.596210 0.379376
0.903256 0.330180
0.697653 0.218329
0.106693 0.680502
0.676931 0.453627
0.897946 0.265481
0.652242 0.517350
0.865078 0.435560
0.115574 0.734764
0.227454 0.793847
0.175665 0.643971
0.571306 0.404096
0.018525 0.802728
0.111057 0.626698
0.792383 0.246040
0.722678 0.205390
0.035096 0.726157
0.068789 0.631489
0.235664 0.655934
0.726920 0.483840
0.204596 0.754753
0.152715 0.611866
0.756096 0.246101
0.555040 0.402448
0.911466 0.345256
0.054079 0.826807
0.805994 0.250343
0.657002 0.242805
0.017396 0.719932
0.767907 0.541063
0.136235 0.640767
0.278573 0.734367
0.197546 0.673208
0.218207 0.789789
0.210944 0.685781
0.108371 0.613361
0.177160 0.777917
0.164342 0.891232
0.132542 0.637318
0.911252 0.438459
0.654439 0.248207
0.775872 0.220069
0.603748 0.535142
0.009644 0.799341
0.236671 0.827174
0.258583 0.816309
0.912870 0.477828
0.729209 0.206732
0.901212 0.418592
0.869961 0.253578
0.622974 0.273873
0.102847 0.809107
0.837397 0.566240
0.840114 0.341655
0.748558 0.515397
0.752647 0.530290
0.267678 0.841182
0.583972 0.386425
0.831080 0.572222
0.142155 0.631825
0.697958 0.469344
0.818384 0.332591
0.190588 0.892514
0.749687 0.250313
0.765954 0.209906
0.110477 0.872585
0.831935 0.245857
0.689291 0.242958
0.660878 0.568865
0.195929 0.643178
0.698813 0.508896
0.871792 0.346446
0.173528 0.835566
0.873196 0.274239
0.856166 0.529679
0.607013 0.452681
0.186254 0.722190
0.184545 0.835231
0.185522 0.629780
0.818812 0.395886
0.601428 0.411420
0.896634 0.521989
0.600757 0.292489
0.061739 0.710532
0.862392 0.559435
0.175787 0.842738
0.813684 0.534410
0.708975 0.480422
0.826289 0.532273
0.011872 0.732231
0.141789 0.875912
0.109348 0.755272
0.574236 0.375958
0.580645 0.407849
0.860195 0.344432
0.046571 0.855770
0.692923 0.568316
0.846065 0.470779
0.191534 0.885708
0.596118 0.349467
0.818781 0.579180
0.874142 0.389447
0.856624 0.353679
0.183264 0.734397
0.219825 0.697378
0.177740 0.894009
0.087802 0.652303
0.207892 0.753258
0.898618 0.418287
0.256233 0.693167
0.873196 0.275704
0.837214 0.222266
0.122959 0.606281
0.159368 0.676107
0.570849 0.348247
0.734428 0.516556
0.075930 0.798212
0.803064 0.318522
0.877346 0.272927
0.851009 0.318766
0.590136 0.418409
0.212012 0.854946
0.026185 0.828028
0.863277 0.341075
0.848994 0.505295
0.878964 0.458998
0.265847 0.658467
0.196387 0.826472
0.066469 0.675344
0.726951 0.228187
0.809656 0.298959
0.811731 0.563372
0.169195 0.827143
0.135136 0.683554
0.175939 0.675893
0.196173 0.822047
0.070345 0.804682
0.167180 0.669790
0.747673 0.562944
0.604633 0.278359
0.739189 0.554277
0.183203 0.859828
0.086337 0.700430
0.104923 0.613575
0.177007 0.716727
0.787774 0.579882
0.882199 0.468581
0.786065 0.227546
0.617206 0.463515
0.802210 0.231208
0.223762 0.719382
0.111240 0.777123
0.931425 0.432173
0.929380 0.475021
0.903928 0.314341
0.751946 0.218970
0.615833 0.439009
0.845546 0.374371
0.113224 0.843745
0.284280 0.721580
0.007660 0.716849
0.707419 0.223579
0.947111 0.406079
0.186682 0.790857
0.851466 0.228401
0.231300 0.745323
0.903378 0.456465
0.076144 0.867031
0.692038 0.580523
0.857997 0.382183
0.897702 0.425123
0.211646 0.667653
0.123234 0.620930
0.055483 0.720695
0.870022 0.426893
0.917905 0.302469
0.257576 0.849483
0.753319 0.516404
0.813898 0.297067
0.853236 0.416852
0.097751 0.628529
0.748955 0.450209
0.674520 0.534013
0.120396 0.860317
0.172979 0.764153
0.194769 0.703146
0.154790 0.607685
0.832911 0.453902
0.620685 0.469955
0.056459 0.844600
0.230415 0.734123
0.144780 0.798151
0.071352 0.787835
0.596881 0.510239
0.068239 0.729881
0.903714 0.366863
0.687765 0.472610
0.083804 0.798975
0.647389 0.450911
0.150060 0.736961
0.191321 0.891354
0.008637 0.782342
0.921140 0.479995
0.269539 0.787164
0.074435 0.659719
0.896207 0.389416
0.813593 0.383557
0.262551 0.745415
0.230506 0.635426
0.581103 0.376537
0.711936 0.229133
0.572863 0.321696
0.687979 0.455336
0.650075 0.497208
0.841365 0.507187
0.112949 0.649739
0.860805 0.336131
0.821345 0.501572
0.180059 0.724998
0.095035 0.757591
0.103030 0.619434
0.841792 0.405347
0.811426 0.470260
0.897580 0.455885
0.739494 0.449629
0.119236 0.886380
0.729484 0.249428
0.095553 0.716758
0.813379 0.553636
0.249275 0.671773
0.815973 0.587512
0.843776 0.313028
0.068972 0.728782
0.775933 0.513565
0.212989 0.849605
0.148930 0.769555
0.862087 0.412641
0.814814 0.518509
0.802576 0.456008
0.601215 0.509659
0.919889 0.302072
0.805933 0.259285
0.843806 0.445448
0.740379 0.543901
0.727073 0.581225
0.130100 0.839656
0.130680 0.842311
0.045808 0.733970
0.806421 0.491195
0.647755 0.451949
0.774834 0.266243
0.087008 0.719108
0.865078 0.418409
0.944487 0.436506
0.832301 0.387982
0.932768 0.457381
0.820978 0.290902
0.071261 0.678396
0.854671 0.449477
0.921598 0.395795
0.108493 0.796228
0.041200 0.741661
0.104556 0.739921
0.601062 0.390606
0.137242 0.866787
0.618702 0.540941
0.611072 0.452498
0.126957 0.857875
0.658712 0.458388
0.851344 0.474349
0.853633 0.323862
0.852443 0.258248
0.835688 0.290384
0.266366 0.842586
0.099277 0.844661
0.893216 0.384198
0.731498 0.227943
0.163579 0.697714
0.701498 0.232551
0.013886 0.751427
0.156194 0.675680
0.660878 0.252632
0.086612 0.672323
0.062197 0.832575
0.695547 0.516221
0.716208 0.557787
0.734550 0.453413
0.267281 0.762871
0.815210 0.500961
0.167516 0.755669
0.291971 0.760613
0.607257 0.507797
0.258766 0.726737
0.144047 0.894955
0.602313 0.432783
0.804895 0.463485
0.564470 0.473830
0.233283 0.675253
0.887936 0.438581
0.866573 0.318033
0.871914 0.485641
0.859828 0.408918
0.182531 0.750664
0.096103 0.623188
0.695486 0.510971
0.060488 0.794488
0.832698 0.221564
0.829646 0.228126
0.084292 0.681295
0.576312 0.493789
0.171148 0.894559
0.827448 0.311106
0.131535 0.609699
0.668538 0.493118
0.195837 0.792688
0.218665 0.836512
0.821223 0.585925
0.837184 0.272988
0.164312 0.692404
0.167760 0.897549
0.220496 0.759362
0.210608 0.647023
0.934294 0.414472
0.568377 0.401166
0.132389 0.865627
0.043336 0.674642
0.013337 0.783105
0.866359 0.499069
0.093173 0.779077
0.669942 0.455794
0.903867 0.398572
0.902219 0.511765
0.204382 0.782922
0.291482 0.730430
0.242347 0.797693
0.188299 0.620167
0.119724 0.893368
0.873623 0.424482
0.829615 0.489364
0.809320 0.209449
0.173589 0.888424
0.734458 0.515519
0.843318 0.461653
0.842738 0.574450
0.822169 0.424177
0.809687 0.332347
0.236702 0.834681
0.167425 0.684011
0.018067 0.683798
0.582476 0.487808
0.230598 0.826441
0.721458 0.583453
0.165319 0.637837
0.923338 0.486404
0.132328 0.635212
0.595813 0.437147
0.741935 0.233192
0.855312 0.534471
0.207434 0.669088
0.772759 0.570757
0.096103 0.857112
0.644429 0.461959
0.705893 0.566668
0.589282 0.463179
0.885952 0.407605
0.141087 0.720969
0.944090 0.417219
0.914884 0.310160
0.691946 0.456038
0.071993 0.768548
0.272561 0.813135
0.634754 0.257515
0.681997 0.573351
0.061831 0.827235
0.801813 0.579272
0.651540 0.505325
0.786920 0.298868
0.723258 0.514908
0.865749 0.378582
0.122684 0.735893
0.586261 0.341899
0.242836 0.774743
0.187780 0.634938
0.137364 0.764306
0.729484 0.537309
0.617969 0.459731
0.892941 0.484451
0.196112 0.846004
0.155431 0.631275
0.828547 0.388653
0.555712 0.384747
0.887661 0.409467
0.101688 0.862636
0.802515 0.298105
0.899869 0.442793
0.754295 0.585955
0.940397 0.447401
0.214759 0.816858
0.006104 0.733482
0.782434 0.564867
0.135807 0.736778
0.804682 0.573412
0.905820 0.439650
0.114078 0.789666
0.643757 0.510575
0.771538 0.275399
0.196234 0.766594
0.147435 0.784265
0.775231 0.583087
0.198553 0.714133
0.850429 0.345347
0.865627 0.251473
0.187872 0.665883
0.114628 0.639882
0.795862 0.572741
0.074831 0.879086
0.113956 0.866298
0.850551 0.327677
0.259224 0.654592
0.839473 0.243873
0.039766 0.806909
0.163152 0.831141
0.220466 0.767510
0.224403 0.759514
0.805475 0.427290
0.791162 0.395795
0.143834 0.801202
0.161168 0.883175
0.879147 0.510392
0.688040 0.516495
0.159185 0.680074
0.154973 0.862667
0.903378 0.403821
0.699057 0.214026
0.787835 0.221046
0.078677 0.851802
0.669851 0.529466
0.297830 0.737693
0.794763 0.253029
0.179296 0.861263
0.223640 0.839473
0.227638 0.649892
0.790124 0.305521
0.919370 0.420911
0.585040 0.472213
0.029115 0.745018
0.183660 0.768944
0.798853 0.294748
0.764122 0.451308
0.623432 0.459639
0.907743 0.387158
0.127720 0.790765
0.133305 0.741111
0.671621 0.531999
0.260506 0.695456
0.925993 0.327311
0.625172 0.483627
0.192419 0.633564
0.830317 0.281198
0.805383 0.454024
0.226081 0.761193
0.239509 0.644246
0.088565 0.671285
0.008209 0.732261
0.898801 0.400586
0.251717 0.660726
0.169042 0.642537
0.112949 0.870449
0.067782 0.638295
0.223823 0.722129
0.137425 0.864559
0.141301 0.873714
0.671834 0.517502
0.180731 0.770440
0.899899 0.370220
0.072665 0.853023
0.911618 0.427808
0.168889 0.870571
0.010620 0.713187
0.036409 0.752556
0.821253 0.576617
0.134220 0.811060
0.750969 0.504715
0.019044 0.724937
0.843928 0.261055
0.820032 0.381726
0.602527 0.439100
0.159062 0.779717
0.856594 0.393353
0.160283 0.697989
0.225257 0.824091
0.205512 0.779107
0.157994 0.755119
0.838588 0.540971
0.569628 0.425275
0.623554 0.438887
0.625294 0.486770
0.264534 0.820338
0.192877 0.808344
0.848262 0.320719
0.916135 0.508133
0.283822 0.791253
0.885434 0.359478
0.685263 0.548387
0.741203 0.545640
0.150456 0.789850
0.147099 0.874905
0.159001 0.708579
0.199347 0.692618
0.690176 0.505356
0.194555 0.656636
0.021973 0.769219
0.619709 0.285897
0.669576 0.446394
0.832148 0.541124
0.123783 0.607685
0.845637 0.452406
0.764763 0.534288
0.914762 0.492996
0.597522 0.337168
0.149083 0.827662
0.126988 0.610462
0.120243 0.689199
0.054598 0.814936
0.263619 0.843959
0.900113 0.306314
0.841090 0.515549
0.161687 0.716178
0.101230 0.859340
0.719596 0.451216
0.220527 0.748375
0.106510 0.681265
0.086978 0.747002
0.623127 0.481887
0.156865 0.729240
0.138768 0.625477
0.557909 0.441237
0.013459 0.701956
0.032136 0.757225
0.814936 0.518723
0.690939 0.482009
0.908780 0.450697
0.175726 0.785638
0.643178 0.523392
0.171545 0.897671
0.838740 0.336131
0.115574 0.715293
0.747978 0.596637
0.795099 0.524796
0.725455 0.448347
0.017182 0.795587
0.754112 0.452559
0.803644 0.441084
0.858425 0.466506
0.844050 0.258095
0.035310 0.724906
0.064302 0.631886
0.269539 0.747063
0.781396 0.560472
0.583178 0.324961
0.918394 0.457656
0.907132 0.445845
0.163091 0.667257
0.149174 0.652089
0.728385 0.515336
0.873440 0.244789
0.069613 0.867946
0.705710 0.232673
0.785730 0.433424
0.861263 0.388562
0.914396 0.310892
0.042756 0.768639
0.551561 0.379711
0.085482 0.623127
0.827113 0.223090
0.826899 0.254341
0.799982 0.298502
0.075594 0.731590
0.837428 0.479904
0.093692 0.766259
0.859127 0.296976
0.829951 0.329081
0.584582 0.450423
0.575426 0.396741
0.780999 0.522752
0.797052 0.426038
0.831294 0.295053
0.279244 0.735984
0.865322 0.438276
0.728080 0.546220
0.288247 0.806848
0.279824 0.806116
0.188665 0.775475
0.130741 0.611621
0.595386 0.397687
0.131809 0.800745
0.796747 0.450301
0.635670 0.531724
0.853908 0.281472
0.056185 0.639119
0.935301 0.328532
0.252602 0.747826
0.795587 0.422376
0.841334 0.245735
0.570208 0.338328
0.146947 0.831629
0.235878 0.666829
0.761315 0.497055
0.880856 0.300211
0.572161 0.369121
0.056032 0.655202
0.125553 0.640370
0.069185 0.771325
0.827357 0.547014
0.205512 0.803278
0.117740 0.841609
0.027406 0.679769
0.235420 0.653829
0.237953 0.829249
0.272988 0.738487
0.848994 0.428816
0.049287 0.855495
0.610309 0.431043
0.083377 0.708884
0.139866 0.747093
0.687368 0.551866
0.053011 0.863247
0.782800 0.234901
0.674368 0.497238
0.892666 0.429701
0.123600 0.726707
0.702445 0.519303
0.268929 0.779687
0.196814 0.785211
0.620991 0.514847
0.137211 0.712729
0.270669 0.799554
0.884762 0.345317
0.019593 0.678976
0.076907 0.819422
0.779565 0.583789
0.843348 0.343120
0.763146 0.471145
0.222755 0.820399
0.776086 0.434370
0.899594 0.407575
0.599933 0.529984
0.737571 0.539567
0.656636 0.449446
0.790643 0.486343
0.580279 0.446577
0.796075 0.229774
0.647114 0.264901
0.849391 0.290872
0.099033 0.638844
0.942534 0.414747
0.174535 0.846431
0.125340 0.885983
0.098605 0.750481
0.208777 0.630726
0.616199 0.474776
0.255898 0.682424
0.901486 0.351573
0.101138 0.770501
0.276254 0.742058
0.941923 0.349101
0.707968 0.571245
0.284036 0.793542
0.647084 0.457106
0.010071 0.773370
0.745018 0.217170
0.925016 0.496384
0.678243 0.522416
0.851802 0.533158
0.774987 0.431593
0.617237 0.418134
0.834010 0.339152
0.774865 0.475723
0.623768 0.421216
0.103122 0.843501
0.852229 0.561602
0.735893 0.507065
0.800317 0.236152
0.659536 0.515641
0.051088 0.692618
0.920835 0.375164
0.005036 0.763237
0.130284 0.887143
0.119846 0.620716
0.133885 0.850093
0.757683 0.437513
0.044618 0.820582
0.880398 0.516099
0.729392 0.530534
0.817133 0.320658
0.691733 0.236427
0.191717 0.833399
0.847652 0.492630
0.909848 0.310739
0.266152 0.682546
0.113834 0.830988
0.889004 0.310739
0.173040 0.849391
0.634144 0.553606
0.922636 0.442671
0.128544 0.863674
0.212256 0.792840
0.100620 0.756767
0.067873 0.736930
0.617389 0.514054
0.844569 0.363018
0.749626 0.449019
0.014832 0.767418
0.184606 0.672414
0.733604 0.498520
0.075045 0.858028
0.091861 0.780175
0.603412 0.409680
0.841731 0.415448
0.181341 0.780541
0.629872 0.474593
0.618854 0.410077
0.841884 0.345592
0.672689 0.241523
0.758568 0.526078
0.578478 0.305826
0.119755 0.850887
0.261574 0.786035
0.251076 0.837580
0.737785 0.212806
0.822230 0.434370
0.781182 0.580645
0.139348 0.776940
0.867794 0.250191
0.095309 0.752770
0.836055 0.377850
0.576098 0.374584
0.873806 0.267678
0.616291 0.530412
0.218421 0.687490
0.025636 0.715629
0.930815 0.408094
0.813410 0.458357
0.883938 0.507706
0.208533 0.639393
0.124271 0.787988
0.898648 0.344188
0.212195 0.662160
0.148747 0.742515
0.273995 0.669393
0.778375 0.571886
0.644551 0.541154
0.785699 0.535661
0.732719 0.528764
0.710349 0.585009
0.840114 0.551225
0.106388 0.670766
0.777398 0.552232
0.240181 0.728782
0.115452 0.803034
0.780572 0.596820
0.904233 0.372845
0.058077 0.796838
0.910428 0.320353
0.021607 0.798853
0.916807 0.324870
0.139927 0.660207
0.103916 0.717215
0.158757 0.772881
0.185766 0.804376
0.625355 0.438307
0.201147 0.716453
0.927427 0.466445
0.121952 0.830073
0.271737 0.745659
0.684774 0.544603
0.890713 0.429975
0.681478 0.220740
0.894223 0.392224
0.763421 0.266060
0.696371 0.458663
0.144688 0.747826
0.182592 0.664693
0.857479 0.415082
0.912442 0.289529
0.836604 0.275155
0.603046 0.417249
0.181768 0.615986
0.789789 0.528001
0.644337 0.503616
0.177435 0.683920
0.131382 0.801752
0.681661 0.233955
0.090945 0.721732
0.935514 0.438246
0.836818 0.424970
0.069430 0.742332
0.230171 0.811121
0.199896 0.806177
0.035585 0.777398
0.789636 0.252571
0.225501 0.698416
0.141514 0.793329
0.729575 0.559130
0.575549 0.312784
0.674062 0.476180
0.855098 0.443373
0.854762 0.477950
0.131413 0.634541
0.136326 0.891934
0.845393 0.397870
0.894925 0.460097
0.060823 0.746300
0.203314 0.790063
0.571093 0.360698
0.661214 0.459365
0.165380 0.756767
0.809778 0.302957
0.197241 0.743034
0.885495 0.374615
0.127720 0.746055
0.913480 0.313486
0.171575 0.652028
0.008332 0.759972
0.208411 0.882015
0.925993 0.452437
0.846797 0.322062
0.268746 0.714866
0.752098 0.220618
0.785760 0.464827
0.785089 0.263405
0.146031 0.737602
0.583453 0.388958
0.809290 0.261757
0.868252 0.432264
0.798547 0.563463
0.053377 0.774102
0.581439 0.416425
0.029633 0.803613
0.772210 0.489090
0.794397 0.530259
0.036622 0.705039
0.127201 0.889584
0.173925 0.615467
0.015351 0.778832
0.233619 0.756127
0.580493 0.441298
0.880093 0.290628
0.130833 0.879147
0.152318 0.705405
0.818628 0.380566
0.835841 0.479354
0.184210 0.661367
0.782281 0.239265
0.144658 0.687429
0.179083 0.804376
0.923978 0.420667
0.565172 0.408856
0.069063 0.827204
0.249123 0.777764
0.097049 0.782342
0.058199 0.676504
0.695456 0.497116
0.837794 0.426832
0.019898 0.795312
0.829707 0.322153
0.095004 0.863094
0.831050 0.451949
0.682943 0.500198
0.189245 0.752129
0.196661 0.613422
0.142949 0.801752
0.287210 0.708548
0.110050 0.806146
0.157537 0.645253
0.811335 0.340434
0.118748 0.633686
0.198828 0.694693
0.107669 0.629078
0.693564 0.568163
0.296976 0.727531
0.819849 0.323893
0.679434 0.458785
0.762383 0.203986
0.778466 0.501511
0.605762 0.281137
0.084933 0.874660
0.112033 0.701773
0.710623 0.557176
0.848231 0.252663
0.132298 0.635243
0.625843 0.537584
0.178747 0.677725
0.669424 0.222480
0.009766 0.773156
0.083743 0.627857
0.608325 0.473739
0.060732 0.719993
0.227149 0.705985
0.062777 0.786309
0.121860 0.782342
0.818537 0.542009
0.608661 0.512772
0.100742 0.861019
0.822230 0.432814
0.248421 0.788781
0.263680 0.691092
0.066347 0.757744
0.212317 0.638813
0.146825 0.662069
0.893551 0.332041
0.228828 0.856899
0.929411 0.313272
0.204505 0.612506
0.025697 0.668172
0.600482 0.508103
0.600421 0.465194
0.860103 0.252174
0.920133 0.322886
0.853877 0.538713
0.150487 0.850795
0.600757 0.372021
0.792261 0.405042
0.237129 0.711600
0.685202 0.243538
0.596942 0.351390
0.779290 0.230415
0.750389 0.230842
0.129948 0.754845
0.178076 0.619526
0.905057 0.365764
0.813837 0.307230
0.818781 0.428022
0.106845 0.740013
0.868007 0.260933
0.895016 0.536027
0.054231 0.685720
0.111911 0.770959
0.136876 0.761803
0.047517 0.715293
0.814051 0.478774
0.145970 0.842524
0.138371 0.865261
0.152287 0.605579
0.271981 0.772546
0.190039 0.830348
0.274758 0.752037
0.717643 0.516373
0.178777 0.872738
0.909452 0.452162
0.788018 0.547197
0.629261 0.469192
0.200049 0.741997
0.099216 0.613605
0.271157 0.678976
0.077944 0.860073
0.271676 0.714988
0.834559 0.570208
0.857021 0.283334
0.069399 0.797510
0.765465 0.504135
0.563219 0.452712
0.824702 0.408765
0.119541 0.837397
0.647572 0.570025
0.029939 0.690237
0.131382 0.858547
0.144353 0.773156
0.263466 0.656178
0.780816 0.288766
0.131046 0.860714
0.226722 0.621479
0.242195 0.805414
0.099521 0.886135
0.239174 0.791528
0.137883 0.730705
0.281045 0.784326
0.157537 0.616962
0.873379 0.478896
0.287393 0.702872
0.230628 0.695578
0.689932 0.230476
0.157598 0.782586
0.830836 0.418226
0.237159 0.872036
0.947844 0.421918
0.834315 0.494491
0.239570 0.766472
0.582415 0.395550
0.730613 0.232398
0.733909 0.480728
0.234077 0.796686
0.621021 0.463729
0.716636 0.567522
0.253121 0.849971
0.803766 0.527635
0.113498 0.831111
0.903317 0.324046
0.851466 0.262947
0.797998 0.409528
0.859554 0.461653
0.635640 0.243141
0.894345 0.425825
0.793085 0.276040
0.684744 0.521683
0.035432 0.778954
0.931272 0.376110
0.044740 0.844081
0.733055 0.587603
0.763146 0.529801
0.846706 0.445326
0.173315 0.702231
0.688040 0.556352
0.049379 0.655690
0.127750 0.613483
0.012085 0.782342
0.102481 0.734672
0.216773 0.723472
0.084689 0.651540
0.944517 0.381451
0.716239 0.553667
0.780236 0.588733
0.194586 0.756890
0.145177 0.640187
0.268166 0.789148
0.810450 0.502365
0.709861 0.495193
0.875118 0.285409
0.157842 0.733634
0.151921 0.644642
0.689352 0.250435
0.724082 0.450087
0.114841 0.782250
0.889004 0.289224
0.037385 0.723441
0.066439 0.739219
0.926145 0.305948
0.892026 0.505753
0.896756 0.281289
0.618793 0.521287
0.747093 0.553545
0.841487 0.446974
0.068026 0.841700
0.114811 0.846644
0.240516 0.780084
0.699606 0.554094
0.661336 0.501724
0.777795 0.472915
0.008576 0.740623
0.144414 0.699454
0.080752 0.682241
0.916044 0.380261
0.603717 0.421644
0.834986 0.482406
0.107944 0.638081
0.145238 0.638295
0.773156 0.564257
0.819971 0.398419
0.166601 0.638813
0.028352 0.798212
0.816828 0.384747
0.254738 0.780023
0.743950 0.217383
0.057344 0.657979
0.267953 0.697501
0.690176 0.522050
0.135166 0.853908
0.870540 0.260659
0.252785 0.808252
0.139378 0.897153
0.027711 0.700461
0.161626 0.685049
0.693167 0.575121
0.800775 0.284585
0.680502 0.456221
0.185980 0.892056
0.219855 0.755150
0.597278 0.444868
0.839503 0.513443
0.636830 0.539476
0.924375 0.360515
0.789789 0.265053
0.269906 0.832301
0.076968 0.665120
0.829371 0.246834
0.691946 0.515366
0.120487 0.624836
0.050203 0.830103
0.287973 0.743706
0.821467 0.551683
0.223457 0.683157
0.143681 0.606555
0.071718 0.869930
0.186682 0.736900
0.104343 0.787805
0.143803 0.849605
0.907926 0.484420
0.163427 0.780419
0.123661 0.715659
0.718070 0.230171
0.045473 0.719596
0.619556 0.506912
0.765099 0.560228
0.256386 0.709769
0.119114 0.752556
0.097262 0.727683
0.792199 0.397137
0.690176 0.477126
0.648885 0.443281
0.114383 0.768883
0.081210 0.796442
0.085513 0.769494
0.250343 0.687979
0.217170 0.709372
0.610920 0.285226
0.085788 0.832118
0.849178 0.428419
0.870693 0.262246
0.903928 0.472732
0.148564 0.714927
0.707053 0.243416
0.033815 0.832850
0.081759 0.850398
0.815394 0.550340
0.809900 0.271676
0.214576 0.794977
0.093387 0.702017
0.234870 0.684469
0.221747 0.837947
0.204688 0.756767
0.232337 0.733879
0.912351 0.500992
0.257149 0.688375
0.760826 0.224128
0.828242 0.544481
0.931211 0.389416
0.770959 0.220069
0.019868 0.806635
0.097324 0.803949
0.109043 0.839381
0.777429 0.508927
0.741722 0.475784
0.744652 0.225623
0.161382 0.687277
0.060640 0.805689
0.025025 0.784112
0.610645 0.457869
0.590991 0.428816
0.045381 0.763848
0.749962 0.200781
0.620319 0.547075
0.790490 0.302499
0.716086 0.492813
0.079958 0.625721
0.612781 0.522202
0.770837 0.507401
0.044557 0.799768
0.136357 0.602405
0.930540 0.456404
0.054476 0.794671
0.902676 0.408490
0.828547 0.428022
0.244911 0.806879
0.119266 0.824274
0.779565 0.463973
0.825251 0.438215
0.787744 0.542039
0.091372 0.745354
0.636708 0.478561
0.677999 0.585955
0.799951 0.474654
0.069460 0.701071
0.617054 0.442091
0.243751 0.791894
0.801477 0.438002
0.888760 0.411206
0.075655 0.715934
0.763176 0.558733
0.608692 0.293130
0.577624 0.447005
0.008606 0.797937
0.766106 0.495682
0.135899 0.622852
0.628437 0.549760
0.924833 0.481063
0.860073 0.453597
0.626362 0.481216
0.823237 0.512803
0.140294 0.819300
0.813410 0.571215
0.076662 0.725150
0.794855 0.291269
0.172246 0.741691
0.855525 0.477798
0.251167 0.648030
0.157109 0.817591
0.190954 0.666158
0.658742 0.446303
0.837977 0.283303
0.780206 0.503189
0.056032 0.643574
0.760399 0.493912
0.810144 0.292611
0.075747 0.694479
0.692801 0.239235
0.804315 0.210639
0.601550 0.475234
0.863002 0.438581
0.143193 0.601581
0.891751 0.358226
0.201666 0.712485
0.146641 0.649190
0.886074 0.337840
0.807367 0.488296
0.703970 0.564318
0.097690 0.677664
0.821497 0.466353
0.768883 0.511979
0.848170 0.412183
0.625874 0.502884
0.257912 0.819971
0.923612 0.472121
0.232856 0.628437
0.852077 0.342448
0.147160 0.753105
0.866207 0.439955
0.181616 0.861507
0.089602 0.829981
0.150487 0.616443
0.903134 0.491562
0.850581 0.488113
0.853175 0.310709
0.021851 0.681478
0.244942 0.634938
0.108524 0.800806
0.204138 0.620716
0.241615 0.758843
0.061342 0.653279
0.897824 0.425123
0.565661 0.405927
0.157903 0.753716
0.146947 0.720542
0.597125 0.394543
0.710685 0.212592
0.779931 0.459883
0.611469 0.524125
0.141301 0.752129
0.759301 0.474654
0.838282 0.401379
0.215186 0.837275
0.287210 0.799097
0.132633 0.742882
0.589160 0.512223
0.258522 0.736198
0.080081 0.840724
0.247932 0.706595
0.163915 0.643910
0.249977 0.785424
0.564989 0.467666
0.732261 0.574694
0.178106 0.751701
0.148350 0.829707
0.774316 0.217139
0.575976 0.450240
0.798578 0.330729
0.891629 0.371838
0.733207 0.534288
0.610096 0.281991
0.780450 0.578784
0.195715 0.834681
0.804682 0.538347
0.153264 0.749779
0.920652 0.307535
0.211371 0.737266
0.024689 0.779931
0.737175 0.445418
0.722221 0.250893
0.016633 0.781945
0.741050 0.569140
0.230293 0.743706
0.844691 0.291482
0.126743 0.691305
0.914151 0.485885
0.905301 0.392804
0.811518 0.376202
0.163915 0.878964
0.073458 0.723716
0.291391 0.758843
0.211829 0.720603
0.933439 0.376568
0.723197 0.518509
0.690481 0.245949
0.755303 0.439100
0.117344 0.752922
0.771569 0.263710
0.751549 0.478042
0.679678 0.243110
0.246132 0.790887
0.713218 0.471419
0.179601 0.815851
0.878628 0.281503
0.710837 0.522263
0.762261 0.453932
0.811518 0.434645
0.567675 0.436995
0.704855 0.545854
0.262520 0.813501
0.923704 0.434248
0.841273 0.472427
0.284799 0.766808
0.588672 0.296731
0.881191 0.289102
0.145634 0.891232
0.212500 0.855098
0.575274 0.330515
0.910733 0.282998
0.293191 0.767846
0.104373 0.701285
0.127689 0.897763
0.837611 0.574206
0.650746 0.490982
0.072268 0.708060
0.811457 0.427656
0.782464 0.449110
0.186651 0.868343
0.931608 0.324015
0.566210 0.428144
0.947417 0.418165
0.705924 0.576037
0.084719 0.814478
0.094760 0.827845
0.267495 0.823389
0.139195 0.636006
0.089480 0.731834
0.095767 0.781365
0.604541 0.296335
0.889004 0.475539
0.016236 0.810938
0.590533 0.309854
0.108982 0.762383
0.038301 0.664815
0.015595 0.700583
0.652577 0.252968
0.265877 0.748741
0.710349 0.569170
0.756096 0.568804
0.776543 0.429060
0.161992 0.791467
0.095614 0.831080
0.865688 0.286019
0.196478 0.844935
0.682150 0.543107
0.130955 0.656270
0.831660 0.531419
0.914731 0.327219
0.820185 0.245216
0.155217 0.636860
0.134831 0.840266
0.826838 0.464370
0.562792 0.376659
0.244728 0.710105
0.656117 0.477950
0.034028 0.763237
0.866451 0.475082
0.153081 0.894253
0.148198 0.887967
0.607013 0.289224
0.231117 0.651021
0.895108 0.463332
0.183233 0.834193
0.280709 0.803095
0.661641 0.221900
0.804621 0.560472
0.181310 0.699850
0.160894 0.650502
0.711875 0.485641
0.119755 0.703696
0.805902 0.313822
0.779962 0.242805
0.814997 0.328715
0.257515 0.808802
0.224586 0.861660
0.195898 0.708365
0.186468 0.635029
0.236671 0.815332
0.915128 0.316355
0.840632 0.315226
0.220405 0.872707
0.924009 0.363994
0.932340 0.344005
0.852107 0.541612
0.774255 0.201605
0.606281 0.493118
0.219092 0.811548
0.897488 0.380871
0.807703 0.554064
0.024049 0.816309
0.850734 0.502274
0.008728 0.748131
0.081271 0.693319
0.740318 0.517167
0.922391 0.475845
0.060945 0.833583
0.120396 0.880886
0.120792 0.635426
0.192297 0.650746
0.850276 0.343364
0.166478 0.820093
0.674551 0.235176
0.221137 0.703604
0.838679 0.266793
0.612323 0.441481
0.152623 0.647267
0.900235 0.396893
0.835353 0.259621
0.061281 0.674734
0.035981 0.828394
0.807825 0.483688
0.729179 0.252083
0.158757 0.626331
0.156774 0.720359
0.838404 0.571245
0.162969 0.705802
0.789270 0.240425
0.215796 0.871487
0.666250 0.447249
0.777215 0.527787
0.157842 0.898038
0.072451 0.639088
0.598437 0.504868
0.292825 0.712668
0.190130 0.800378
0.758629 0.229286
0.143620 0.833277
0.871914 0.362224
0.778558 0.552568
0.834315 0.301340
0.141270 0.751946
0.138707 0.811243
0.845302 0.350505
0.887570 0.526017
0.708243 0.494095
0.706137 0.465529
0.854305 0.479110
0.159764 0.729545
0.607959 0.280007
0.083895 0.830592
0.232429 0.807215
0.739494 0.579638
0.713492 0.571306
0.818384 0.477920
0.729392 0.235481
0.583666 0.495895
0.591479 0.404462
0.131840 0.628407
0.790643 0.586566
0.592883 0.279946
0.943785 0.414777
0.214148 0.786309
0.594470 0.437391
0.062410 0.790765
0.638813 0.267800
0.279519 0.748436
0.015656 0.799219
0.725791 0.469497
0.774529 0.557207
0.697439 0.567186
0.779443 0.228370
0.056215 0.718070
0.830714 0.295602
0.932157 0.430464
0.914487 0.475784
0.060152 0.722159
0.567583 0.353801
0.583331 0.486526
0.608295 0.402997
0.148991 0.835505
0.706168 0.218940
0.927854 0.471114
0.174535 0.624928
0.239509 0.699820
0.607898 0.261574
0.653279 0.444868
0.165227 0.672842
0.157872 0.713584
0.812281 0.456099
0.789544 0.449049
0.816126 0.243782
0.165288 0.681570
0.111972 0.845180
0.265847 0.796533
0.581683 0.399213
0.861629 0.255409
0.143376 0.789605
0.783593 0.416517
0.169866 0.868770
0.699026 0.586627
0.068087 0.792108
0.576861 0.434736
0.241523 0.725822
0.929563 0.477462
0.136418 0.781854
0.152257 0.645741
0.680868 0.227210
0.888821 0.518723
0.182623 0.796075
0.061525 0.644490
0.809168 0.404431
0.041627 0.725669
0.162420 0.621509
0.156621 0.647572
0.110660 0.855129
0.166509 0.638539
0.858211 0.554369
0.815729 0.343486
0.786676 0.421918
0.761406 0.500778
0.214423 0.791314
0.862941 0.558977
0.222175 0.732078
0.258675 0.706778
0.799738 0.526475
0.125828 0.766198
0.593921 0.369793
0.569994 0.478530
0.801386 0.406262
0.689291 0.466750
0.821497 0.316843
0.196142 0.678884
0.659902 0.235389
0.176611 0.785577
0.829554 0.467086
0.125706 0.660115
0.641224 0.243141
0.847072 0.428205
0.072176 0.791803
0.874172 0.280618
0.263924 0.819422
0.087405 0.762841
0.833918 0.331248
0.132847 0.869869
0.924558 0.461989
0.890072 0.319834
0.821284 0.297250
0.192724 0.865719
0.279672 0.705191
0.868374 0.292825
0.766564 0.475448
0.116520 0.759453
0.850978 0.489822
0.620960 0.444166
0.727409 0.495529
0.632374 0.479354
0.745293 0.442518
0.917234 0.423170
0.772912 0.553819
0.260292 0.653157
0.894284 0.343547
0.696677 0.213233
0.170232 0.840724
0.915372 0.311411
0.833674 0.347118
0.132389 0.727012
0.810297 0.304331
0.654225 0.540910
0.077914 0.830317
0.032014 0.694021
0.052126 0.728202
0.600604 0.326121
0.731956 0.560167
0.195013 0.616230
0.916959 0.478317
0.267800 0.737480
0.672658 0.538163
0.624470 0.441450
0.753105 0.242683
0.165014 0.659413
0.861873 0.369610
0.153356 0.703940
0.772485 0.537584
0.606494 0.482925
0.058626 0.858425
0.175298 0.785546
0.770074 0.540635
0.910825 0.490951
0.253059 0.675344
0.859157 0.398267
0.142064 0.637257
0.792047 0.286264
0.214118 0.758904
0.907956 0.380871
0.816370 0.559160
0.218207 0.697165
0.036073 0.760063
0.800836 0.421247
0.595569 0.443922
0.820276 0.228217
0.619129 0.419874
0.798639 0.559099
0.213111 0.648000
0.140019 0.834620
0.884732 0.267556
0.897305 0.469771
0.831660 0.248512
0.081545 0.866726
0.898038 0.485214
0.689047 0.555223
0.040407 0.848506
0.810694 0.381817
0.087374 0.816706
0.882534 0.375195
0.862270 0.387036
0.199286 0.788018
0.892880 0.524857
0.055574 0.729179
0.822016 0.574114
0.798486 0.304788
0.706412 0.510269
0.852504 0.276772
0.088504 0.812159
0.662832 0.460646
0.168615 0.706626
0.126377 0.776299
0.676107 0.554552
0.125950 0.803034
0.923826 0.403851
0.602954 0.524277
0.065340 0.830439
0.203589 0.721244
0.783746 0.275582
0.199957 0.699026
0.738304 0.465407
0.117862 0.858364
0.575732 0.365337
0.156133 0.715537
0.890103 0.346873
0.868404 0.512131
0.781152 0.496048
0.787713 0.247505
0.136296 0.862239
0.219398 0.864864
0.178137 0.702109
0.097964 0.692099
0.813166 0.464217
0.182226 0.675161
0.816279 0.304209
0.188849 0.624226
0.557817 0.432173
0.859035 0.393811
0.900662 0.294931
0.587024 0.357494
0.899136 0.319742
0.100375 0.646779
0.839259 0.294198
0.597919 0.443464
0.806238 0.427473
0.787072 0.247597
0.775628 0.591968
0.233802 0.771508
0.861721 0.527329
0.288003 0.778039
0.196356 0.801172
0.859951 0.430769
0.821833 0.575945
0.915006 0.300790
0.795434 0.470138
0.217139 0.755364
0.783563 0.490616
0.117679 0.758293
0.125034 0.801111
0.906949 0.428480
0.226661 0.672323
0.907804 0.419050
0.284433 0.814264
0.615650 0.450301
0.886013 0.265481
0.806726 0.450056
0.775170 0.223853
0.071657 0.856807
0.707266 0.235908
0.241401 0.729240
0.621265 0.511155
0.886776 0.395978
0.819361 0.249794
0.117679 0.873806
0.853481 0.352214
0.582629 0.487350
0.128574 0.790246
0.723807 0.250801
0.767632 0.222053
0.776086 0.430677
0.666524 0.548479
0.716208 0.215094
0.565264 0.405866
0.696097 0.570269
0.582476 0.412397
0.132084 0.763665
0.836146 0.556993
0.158574 0.709922
0.760979 0.555742
0.170782 0.867244
0.165746 0.652730
0.071749 0.674490
0.082217 0.750969
0.742149 0.214362
0.132694 0.855312
0.699484 0.543748
0.853298 0.322459
0.792566 0.501144
0.282388 0.694082
0.640919 0.454848
0.683279 0.239814
0.061220 0.707114
0.599567 0.513749
0.215491 0.676870
0.106784 0.749351
0.196478 0.814722
0.294961 0.739586
0.836421 0.249031
0.691610 0.533647
0.759941 0.240455
0.053255 0.761254
0.840663 0.499863
0.815027 0.224769
0.902158 0.425550
0.855159 0.255959
0.592212 0.438398
0.891049 0.404370
0.118046 0.639332
0.062777 0.829127
0.675344 0.574725
0.862209 0.542161
0.884762 0.537339
0.790246 0.291635
0.827845 0.252419
0.684347 0.222602
0.627613 0.252876
0.233314 0.756005
0.276254 0.755882
0.137638 0.659169
0.579211 0.408216
0.881863 0.536546
0.877285 0.518326
0.842647 0.497818
0.674947 0.533525
0.849452 0.491623
0.784356 0.212958
0.604999 0.427503
0.043977 0.718131
0.250099 0.824366
0.868862 0.395154
0.574908 0.449110
0.199377 0.767144
0.835627 0.275369
0.808893 0.526749
0.631153 0.267830
0.921628 0.323740
0.728965 0.501236
0.905850 0.503250
0.931669 0.446608
0.557970 0.367046
0.173162 0.668416
0.902249 0.400342
0.191595 0.766167
0.598621 0.329691
0.899319 0.511826
0.068819 0.829524
0.074801 0.876278
0.109195 0.780633
0.884487 0.334117
0.917692 0.385113
0.209754 0.736229
0.157384 0.652303
0.141942 0.780877
0.799127 0.565966
0.150761 0.613941
0.244331 0.847560
0.815027 0.390362
0.161260 0.659780
0.196753 0.860927
0.841792 0.553819
0.779534 0.595660
0.633900 0.481002
0.913175 0.450026
0.708487 0.538499
0.859310 0.364147
0.005860 0.714835
0.876522 0.453169
0.809961 0.585131
0.159124 0.700858
0.897366 0.504440
0.608753 0.473678
0.937529 0.457350
0.110935 0.699149
0.791284 0.587268
0.777764 0.452925
0.248024 0.844935
0.184912 0.625996
0.108737 0.669393
0.601917 0.372662
0.794885 0.491806
0.715506 0.536241
0.257607 0.684866
0.081545 0.648671
0.261147 0.733757
0.131352 0.755730
0.889737 0.413862
0.824091 0.459975
0.888943 0.313852
0.901242 0.380535
0.646779 0.264290
0.205267 0.686026
0.793146 0.482101
0.773186 0.255898
0.776666 0.487625
0.559648 0.379376
0.856807 0.312113
0.911985 0.487045
0.057009 0.671133
0.881375 0.262429
0.068545 0.797296
0.797967 0.240944
0.236518 0.631642
0.287851 0.768731
0.073946 0.704642
0.820673 0.567614
0.021912 0.702261
0.130955 0.629200
0.186193 0.704215
0.931516 0.375927
0.014832 0.738029
0.778771 0.453200
0.831965 0.345653
0.039155 0.768029
0.897031 0.393017
0.764306 0.259713
0.080721 0.644185
0.158727 0.892331
0.809961 0.505173
0.918882 0.370281
0.255959 0.689169
0.735893 0.499039
0.753258 0.572527
0.076266 0.769463
0.899197 0.305979
0.162053 0.667013
0.132054 0.771783
0.818445 0.429456
0.795648 0.392438
0.088809 0.705741
0.789636 0.541124
0.183477 0.648549
0.190741 0.746147
0.784478 0.587329
0.921140 0.463424
0.903867 0.481491
0.555040 0.400891
0.753563 0.476516
0.702689 0.492660
0.081881 0.868313
0.272530 0.802637
0.913419 0.314493
0.905637 0.289102
0.702170 0.222968
0.784753 0.438581
0.785638 0.288369
0.125492 0.673208
0.067202 0.630818
0.632252 0.263436
0.894559 0.511887
0.222083 0.828059
0.066225 0.833460
0.238075 0.683187
0.735588 0.528306
0.660024 0.520157
0.070681 0.828516
0.006623 0.738304
0.631306 0.521043
0.006836 0.735923
0.894742 0.458724
0.822077 0.460463
0.564745 0.336314
0.232765 0.648366
0.745262 0.219489
0.605213 0.305429
0.150609 0.826624
0.661672 0.459609
0.193365 0.621876
0.228675 0.714743
0.128910 0.886319
0.164556 0.807031
0.894375 0.388409
0.625843 0.533311
0.832636 0.509629
0.639760 0.474288
0.724998 0.222938
0.603442 0.531175
0.563829 0.346110
0.202826 0.776513
0.734062 0.588153
0.609912 0.406446
0.013764 0.810358
0.760277 0.256996
0.110111 0.832087
0.778375 0.247169
0.876888 0.293924
0.254463 0.772149
0.262032 0.723655
0.864650 0.404614
0.774316 0.561144
0.216224 0.761742
0.768395 0.540361
0.081576 0.728782
0.885739 0.542100
0.037416 0.794336
0.778802 0.578570
0.858699 0.423017
0.246223 0.802271
0.207160 0.626362
0.621570 0.285226
0.160344 0.612476
0.195624 0.863826
0.915738 0.446913
0.855434 0.399701
0.016694 0.787835
0.801141 0.463027
0.826075 0.508621
0.137761 0.709983
0.134953 0.804590
0.137242 0.638447
0.695730 0.529801
0.274117 0.770653
0.555895 0.375164
0.047823 0.656819
0.181127 0.671957
0.812159 0.457595
0.071718 0.669607
0.118198 0.837001
0.871120 0.520432
0.247871 0.740379
0.928739 0.327158
0.575365 0.339396
0.823572 0.549150
0.907651 0.363475
0.693899 0.235237
0.780297 0.465896
0.851497 0.490036
0.171392 0.874142
0.060610 0.704245
0.922727 0.424177
0.182867 0.811029
0.550127 0.393750
0.872585 0.522660
0.604816 0.299448
0.243080 0.733116
0.620228 0.542314
0.809381 0.470077
0.117374 0.845759
0.664693 0.475234
0.280068 0.677877
0.795221 0.273598
0.194281 0.823847
0.853236 0.485641
0.661794 0.560839
0.095462 0.732658
0.237495 0.732170
0.202338 0.890408
0.219733 0.648885
0.723106 0.573443
0.140599 0.846095
0.076235 0.858699
0.221503 0.764092
0.230110 0.675954
0.932463 0.407605
0.105441 0.616993
0.244850 0.660817
0.821070 0.238594
0.637959 0.479843
0.854854 0.427229
0.278634 0.676382
0.154118 0.627461
0.229438 0.632496
0.297128 0.765618
0.168096 0.617298
0.215522 0.655110
0.137028 0.740165
0.837123 0.416089
0.216865 0.622669
0.874081 0.265694
0.220466 0.869198
0.249306 0.641957
0.619098 0.272256
0.754326 0.485580
0.873012 0.462722
0.225410 0.717887
0.750511 0.577105
0.075869 0.704672
0.742637 0.517228
0.853145 0.469069
0.651204 0.548814
0.686575 0.220557
0.227546 0.788751
0.637104 0.459273
0.071627 0.627522
0.160894 0.872311
0.790765 0.441298
0.931486 0.474197
0.599811 0.340831
0.769036 0.468520
0.272958 0.810755
0.082156 0.661794
0.795129 0.557268
0.160802 0.624744
0.126713 0.752159
0.126102 0.766076
0.155431 0.824976
0.874447 0.459517
0.813501 0.453475
0.918210 0.328318
0.174718 0.811975
0.811975 0.470016
0.244179 0.822840
0.103153 0.702994
0.657735 0.254097
0.773339 0.454756
0.160833 0.681448
0.191412 0.704703
0.244819 0.688955
0.148717 0.851863
0.565722 0.338450
0.071047 0.779656
0.717521 0.596210
0.049379 0.712363
0.806238 0.237129
0.855037 0.484909
0.270028 0.834498
0.876766 0.456648
0.705588 0.248695
0.134617 0.822932
0.920866 0.386853
0.848445 0.563341
0.140172 0.694418
0.200903 0.737602
0.213782 0.873684
0.796777 0.519486
0.555681 0.386975
0.811182 0.468734
0.163762 0.791772
0.776330 0.237770
0.107791 0.715110
0.100955 0.707755
0.649434 0.476821
0.069185 0.769066
0.636280 0.440382
0.666707 0.459273
0.898862 0.309427
0.846126 0.561113
0.602527 0.429762
0.778802 0.478317
0.927152 0.343822
0.692923 0.247902
0.076510 0.709250
0.178686 0.751976
0.199225 0.628529
0.178228 0.846095
0.848079 0.228584
0.833216 0.231483
0.237251 0.786554
0.297189 0.760735
0.239662 0.686911
0.802698 0.562944
0.268532 0.803430
0.071535 0.751823
0.790948 0.450880
0.646229 0.548967
0.164800 0.827326
0.211951 0.784417
0.679037 0.234046
0.654714 0.254158
0.847804 0.499008
0.731285 0.474563
0.849788 0.319803
0.886166 0.264962
0.867306 0.455794
0.835108 0.574114
0.111057 0.817103
0.872799 0.355907
0.704794 0.215705
0.890805 0.259590
0.141789 0.708182
0.563555 0.388867
0.079165 0.673299
0.888607 0.485733
0.744896 0.494461
0.642964 0.490310
0.894467 0.277169
0.591571 0.447371
0.073275 0.626728
0.186590 0.751091
0.579913 0.480850
0.037019 0.761834
0.568194 0.455061
0.260903 0.824396
0.251839 0.849788
0.652760 0.259346
0.695761 0.588977
0.198675 0.826228
0.856044 0.537034
0.202216 0.617359
0.872036 0.340709
0.255623 0.830500
0.765679 0.584002
0.890011 0.386456
0.605640 0.387646
0.858699 0.253578
0.870174 0.463332
0.192572 0.842921
0.636219 0.494888
0.820032 0.364940
0.226478 0.642537
0.758965 0.445143
0.196814 0.757195
0.171453 0.895657
0.095218 0.616932
0.207160 0.752678
0.691122 0.508499
0.084597 0.791192
0.895413 0.274575
0.786584 0.543992
0.034059 0.808466
0.124882 0.611988
0.555834 0.386212
0.262307 0.751946
0.199255 0.621937
0.132450 0.772393
0.741356 0.240089
0.077120 0.852992
0.740257 0.203467
0.874142 0.452162
0.135105 0.774224
0.132267 0.628101
0.019990 0.762200
0.095920 0.817530
0.734550 0.451857
0.225105 0.797845
0.158269 0.720237
0.848537 0.457747
0.781426 0.498489
0.798395 0.206854
0.086550 0.879666
0.033937 0.841700
0.026673 0.782769
0.801538 0.428144
0.184423 0.764153
0.145177 0.898312
0.682821 0.480514
0.227668 0.864956
0.186468 0.621204
0.112186 0.782739
0.911496 0.394330
0.182653 0.891781
0.053163 0.762261
0.114902 0.748589
0.257485 0.710227
0.221656 0.674856
0.215125 0.658101
0.772332 0.230689
0.850429 0.468154
0.913785 0.382153
0.100986 0.701315
0.843684 0.545122
0.560045 0.398999
0.155522 0.757225
0.138920 0.820460
0.861110 0.239082
0.740959 0.490036
0.591235 0.462752
0.119388 0.616871
0.125065 0.795312
0.588183 0.413312
0.274880 0.704184
0.679006 0.558367
0.166173 0.851436
0.638997 0.515061
0.746879 0.489822
0.597064 0.372143
0.773309 0.552843
0.566240 0.448683
0.817591 0.542985
0.042665 0.681448
0.825861 0.309488
0.743156 0.457869
0.758263 0.548357
0.796197 0.260140
0.207404 0.668966
0.781823 0.527573
0.194555 0.882290
0.054811 0.687124
0.761223 0.253029
0.123600 0.610462
0.252297 0.711753
0.711203 0.518021
0.769005 0.510208
0.708975 0.507401
0.080172 0.668722
0.568102 0.390698
0.772576 0.574419
0.073611 0.769463
0.200598 0.829676
0.692709 0.581927
0.655324 0.253853
0.857051 0.393689
0.822382 0.278298
0.145756 0.805048
0.842372 0.232582
0.225379 0.781823
0.797876 0.581378
0.266121 0.764550
0.611774 0.465865
0.826380 0.465041
0.021241 0.732994
0.075259 0.758019
0.178045 0.845668
0.793023 0.236030
0.220649 0.712180
0.245888 0.686636
0.688070 0.500290
0.198859 0.762963
0.831782 0.538377
0.593768 0.461989
0.258858 0.817621
0.077853 0.874813
0.869594 0.381756
0.879849 0.325144
0.736961 0.593799
0.750114 0.454573
0.037965 0.796594
0.101657 0.721305
0.052828 0.658101
0.648854 0.549638
0.859645 0.330851
0.200720 0.705435
0.750389 0.580523
0.870083 0.406995
0.602618 0.426893
0.029359 0.821070
0.766381 0.500900
0.034089 0.699973
0.878384 0.364483
0.626026 0.268685
0.817042 0.403882
0.846858 0.506882
0.106693 0.733177
0.825343 0.264840
0.143101 0.878231
0.119144 0.868221
0.886624 0.300424
0.200720 0.794427
0.735618 0.470321
0.125675 0.614002
0.931211 0.447249
0.728507 0.483200
0.041993 0.706778
0.066286 0.633168
0.216102 0.656087
0.226783 0.848445
0.794000 0.295297
0.825587 0.257698
0.768822 0.447768
0.890347 0.327677
0.793146 0.245827
0.014618 0.807947
0.815241 0.254219
0.075045 0.800958
0.597980 0.443251
0.722037 0.234046
0.829035 0.405560
0.196478 0.613788
0.852016 0.488693
0.211341 0.733573
0.581713 0.503433
0.089145 0.770440
0.273721 0.758232
0.937223 0.347880
0.153203 0.815149
0.869350 0.310190
0.198218 0.609668
0.827326 0.515458
0.220649 0.694815
0.866207 0.286782
0.079226 0.823206
0.899930 0.335337
0.115787 0.620991
0.787133 0.506821
0.177038 0.878445
0.893246 0.263070
0.097842 0.699423
0.241188 0.681234
0.729179 0.576739
0.095737 0.715567
0.622394 0.255379
0.766076 0.249092
0.809992 0.364086
0.805261 0.590991
0.246071 0.813654
0.266243 0.791467
0.806421 0.223487
0.724143 0.475723
0.177801 0.721366
0.205817 0.670248
0.680013 0.492691
0.821100 0.533738
0.073336 0.820704
0.791192 0.540452
0.088382 0.864864
0.091342 0.848018
0.739280 0.583941
0.134678 0.739006
0.126835 0.672262
0.833460 0.387402
0.213172 0.625050
0.870540 0.390545
0.608783 0.494247
0.205298 0.848231
0.837123 0.555773
0.771599 0.248390
0.295724 0.742363
0.700705 0.498032
0.812128 0.234046
0.890072 0.413526
0.243568 0.676595
0.109317 0.697836
0.133915 0.620960
0.119938 0.661214
0.591266 0.387188
0.897855 0.355083
0.695639 0.246712
0.224372 0.697989
0.823878 0.535936
0.115055 0.769463
0.901395 0.458968
0.907285 0.325053
0.239540 0.728446
0.159337 0.797327
0.673330 0.543046
0.747642 0.229225
0.270363 0.829035
0.224067 0.690268
0.814692 0.499893
0.605121 0.515854
0.263283 0.751823
0.667776 0.513871
0.942930 0.445235
0.165838 0.739402
0.676778 0.231056
0.058962 0.855312
0.799371 0.273782
0.836756 0.402722
0.011628 0.780969
0.294778 0.746605
0.682638 0.491348
0.761986 0.584185
0.698660 0.490463
0.099796 0.795465
0.203497 0.796808
0.787072 0.476485
0.075472 0.751457
0.681692 0.503159
0.009522 0.723838
0.564989 0.382275
0.176946 0.816309
0.247414 0.755516
0.110446 0.760765
0.866817 0.493088
0.635548 0.556597
0.852168 0.565020
0.878475 0.480850
0.034181 0.656575
0.039460 0.794427
0.900235 0.436354
0.152532 0.771294
0.125828 0.735069
0.176183 0.666677
0.768792 0.479415
0.866970 0.346477
0.192633 0.685690
0.119541 0.618793
0.922025 0.487442
0.614185 0.423536
0.811518 0.478195
0.793390 0.418867
0.201025 0.626392
0.792322 0.397015
0.261971 0.843287
0.241035 0.803766
0.807550 0.323344
0.885281 0.298807
0.599506 0.344249
0.856319 0.524094
0.712149 0.538133
0.277993 0.712180
0.244942 0.861049
0.708701 0.559954
0.748161 0.439192
0.717948 0.518967
0.764855 0.519425
0.884335 0.538102
0.193274 0.886166
0.236763 0.671468
0.082003 0.639424
0.114444 0.770470
0.205634 0.843715
0.558428 0.411939
0.820856 0.324656
0.095157 0.666799
0.623920 0.552080
0.829279 0.254738
0.192297 0.801599
0.014283 0.805567
0.088290 0.869411
0.752220 0.210425
0.851466 0.354137
0.885464 0.332224
0.831965 0.379467
0.868892 0.271920
0.147557 0.670186
0.599353 0.470565
0.247749 0.699545
0.839869 0.472030
0.860530 0.284402
0.874172 0.444624
0.810541 0.584185
0.052858 0.683706
0.802393 0.546709
0.224036 0.803858
0.874142 0.398846
0.834468 0.223334
0.915922 0.344523
0.915403 0.346538
0.167455 0.682699
0.251991 0.682180
0.091281 0.674764
0.562700 0.469527
0.911222 0.500107
0.932646 0.455367
0.151036 0.685690
0.656728 0.457595
0.773858 0.574847
0.076113 0.877316
0.819361 0.370159
0.162725 0.691061
0.727409 0.515152
0.832179 0.459883
0.159825 0.697623
0.692831 0.559160
0.732810 0.231178
0.554521 0.382916
0.900784 0.382366
0.230293 0.751152
0.808771 0.345744
0.100253 0.725974
0.257485 0.736015
0.019715 0.785302
0.922208 0.428510
0.845363 0.295328
0.028535 0.745048
0.850459 0.259316
0.731162 0.477981
0.647389 0.511093
0.938047 0.393323
0.795831 0.400647
0.261727 0.703116
0.235817 0.627094
0.644124 0.452437
0.100040 0.700369
0.232734 0.776360
0.805597 0.273659
0.223457 0.649403
0.772454 0.213599
0.105869 0.746513
0.809229 0.277017
0.890896 0.505905
0.099155 0.765954
0.198737 0.653157
0.784814 0.423414
0.088382 0.813440
0.822291 0.540574
0.786187 0.546831
0.817438 0.225471
0.153233 0.663259
0.578692 0.300363
0.868831 0.452132
0.588519 0.375683
0.808252 0.376141
0.917570 0.330851
0.556352 0.384533
0.221168 0.843562
0.722007 0.554399
0.150182 0.842586
0.793909 0.547838
0.554430 0.401837
0.049776 0.763298
0.082034 0.726707
0.179571 0.861690
0.841578 0.288980
0.843104 0.396954
0.851405 0.314737
0.118229 0.833369
0.813623 0.325602
0.096194 0.752525
0.680349 0.226661
0.172277 0.825526
0.184240 0.678884
0.184820 0.831843
0.145756 0.718772
0.849208 0.323069
0.921171 0.463088
0.557451 0.408399
0.562609 0.396863
0.655477 0.231330
0.941679 0.446333
0.196173 0.744621
0.211982 0.655354
0.085543 0.744682
0.727805 0.239326
0.584124 0.447218
0.910978 0.391156
0.767388 0.222907
0.028871 0.801752
0.285409 0.804285
0.789697 0.265664
0.709555 0.496841
0.604724 0.287759
0.785577 0.448805
0.086489 0.797937
0.268746 0.659841
0.596728 0.323984
0.717704 0.469253
0.860439 0.320292
0.876949 0.248115
0.796167 0.258583
0.644704 0.560533
0.728324 0.498337
0.203162 0.705100
0.099643 0.791894
0.238014 0.826991
0.234169 0.641713
0.122776 0.747032
0.006012 0.786554
0.096042 0.672018
0.909177 0.344432
0.600696 0.369732
0.817133 0.244148
0.100406 0.807459
0.779809 0.440870
0.696585 0.573443
0.108219 0.742698
0.634114 0.521043
0.203314 0.707389
0.580554 0.329142
0.872494 0.499100
0.826472 0.329569
0.070193 0.875484
0.809442 0.506882
0.212867 0.688314
0.188177 0.774834
0.267281 0.776452
0.862667 0.420698
0.135746 0.701590
0.109745 0.710715
0.273171 0.818140
0.738029 0.452559
0.134831 0.806696
0.621418 0.538713
0.845759 0.450789
0.920225 0.466811
0.931211 0.333171
0.916471 0.413831
0.835871 0.359966
0.144230 0.863735
0.116214 0.808191
0.132481 0.648122
0.277505 0.720878
0.838618 0.295877
0.908780 0.461837
0.708701 0.523453
0.886441 0.488632
0.800073 0.510483
0.180578 0.812433
0.196539 0.854976
0.220679 0.822077
0.135105 0.724021
0.119572 0.743583
0.186316 0.817743
0.733909 0.467421
0.791925 0.236824
0.078585 0.823115
0.905240 0.307260
0.096133 0.641255
0.117374 0.877194
0.735099 0.459304
0.596149 0.398419
0.632374 0.255776
0.901547 0.510880
0.909299 0.481460
0.661885 0.536576
0.151555 0.765099
0.280770 0.758721
0.012970 0.768853
0.190527 0.734794
0.032960 0.666280
0.139561 0.664113
0.690176 0.239387
0.241432 0.698111
0.235298 0.710166
0.018036 0.713004
0.579424 0.366070
0.722221 0.535295
0.744194 0.455733
0.067415 0.795404
0.230323 0.689291
0.183264 0.835108
0.850978 0.271187
0.815210 0.268807
0.774438 0.556475
0.579485 0.412275
0.841792 0.446760
0.718741 0.524033
0.800317 0.556566
0.782739 0.275765
0.689505 0.240425
0.651570 0.536607
0.058382 0.720481
0.597369 0.394391
0.060823 0.867214
0.118900 0.773553
0.575182 0.494308
0.759392 0.550798
0.236061 0.733177
0.203467 0.799768
0.813044 0.395581
0.571459 0.351024
0.564501 0.370830
0.838893 0.363018
0.791925 0.221656
0.747246 0.502762
0.755821 0.565844
0.863613 0.343089
0.839686 0.405499
0.103336 0.727714
0.194891 0.614460
0.633442 0.539781
0.909787 0.347758
0.697531 0.568621
0.128941 0.715934
0.171087 0.889615
0.069002 0.785028
0.598865 0.351482
0.619984 0.490677
0.854427 0.492386
0.899411 0.341868
0.644612 0.484146
0.769890 0.427320
0.568865 0.323008
0.696249 0.481704
0.611042 0.429640
0.814478 0.526749
0.888607 0.382153
0.838832 0.567370
0.830775 0.294259
0.865963 0.552873
0.067232 0.808222
0.813379 0.289193
0.912809 0.394543
0.250343 0.740715
0.124119 0.849269
0.728996 0.516068
0.170446 0.650136
0.913266 0.425153
0.088229 0.691580
0.605762 0.293649
0.715598 0.561571
0.772423 0.242317
0.732078 0.254189
0.133915 0.706778
0.209296 0.797052
0.815973 0.265206
0.845454 0.326182
0.806085 0.519120
0.856105 0.293893
0.171514 0.842158
0.252327 0.765313
0.168371 0.855312
0.192816 0.675497
0.137211 0.742882
0.244789 0.834559
0.160497 0.770196
0.169134 0.790551
0.195135 0.676382
0.058870 0.738945
0.054201 0.762902
0.852718 0.375988
0.755852 0.504471
0.267434 0.690634
0.741722 0.454634
0.688345 0.507675
0.693533 0.491806
0.599811 0.397687
0.247200 0.642506
0.105045 0.832331
0.932218 0.346507
0.199438 0.725059
0.596026 0.476943
0.105319 0.710715
0.229041 0.721335
0.279763 0.781152
0.248787 0.807306
0.742821 0.587634
0.813593 0.583758
0.276193 0.809839
0.196692 0.610096
0.680349 0.239601
0.094485 0.620746
0.712516 0.478072
0.927000 0.491928
0.094882 0.636250
0.730369 0.486251
0.025300 0.723838
0.285409 0.804132
0.562548 0.449751
0.793481 0.420881
0.744652 0.447035
0.626759 0.499405
0.087497 0.837886
0.881100 0.371563
0.227241 0.662496
0.841365 0.240699
0.893216 0.386853
0.807489 0.490738
0.761528 0.588275
0.741783 0.454329
0.624775 0.426740
0.128849 0.686789
0.787317 0.287820
0.595141 0.415937
0.828944 0.403668
0.577868 0.318583
0.614765 0.296823
0.873714 0.346782
0.093051 0.733146
0.668264 0.478042
0.249123 0.782037
0.793085 0.588794
0.626057 0.467421
0.798456 0.574633
0.833583 0.225288
0.874050 0.455702
0.732963 0.476791
0.655507 0.237709
0.588641 0.385113
0.189642 0.758507
0.244240 0.838771
0.209235 0.855129
0.208258 0.727103
0.090548 0.730186
0.067324 0.835475
0.689901 0.532090
0.107913 0.790094
0.854793 0.535691
0.177190 0.662343
0.123142 0.705985
0.082919 0.667043
0.139653 0.844356
0.053072 0.797540
0.841914 0.442061
0.621052 0.433302
0.929594 0.355571
0.217963 0.656087
0.158055 0.601703
0.834254 0.464370
0.846400 0.561419
0.638661 0.434950
0.132206 0.623218
0.199622 0.757469
0.910642 0.478256
0.106479 0.864742
0.212409 0.871364
0.735771 0.528642
0.178686 0.895138
0.606647 0.269753
0.263222 0.722068
0.813501 0.389416
0.760826 0.221137
0.809107 0.577593
0.555773 0.434004
0.067873 0.657491
0.297800 0.727165
0.075259 0.736717
0.090243 0.771264
0.886837 0.320414
0.703055 0.528397
0.040864 0.814783
0.752739 0.460585
0.209113 0.868587
0.795495 0.542772
0.031190 0.743034
0.880734 0.509049
0.119297 0.665273
0.693960 0.536760
0.190466 0.856349
0.903226 0.323222
0.750053 0.206214
0.114933 0.809748
0.722007 0.575854
0.843104 0.307413
0.639485 0.451765
0.753380 0.556322
0.179937 0.777978
0.818934 0.442488
0.073000 0.869594
0.787255 0.549944
0.622669 0.249062
0.740165 0.474105
0.717063 0.561480
0.225715 0.624348
0.845698 0.435713
0.596240 0.294534
0.907743 0.344218
0.216224 0.673177
0.817011 0.432936
0.290780 0.776391
0.200934 0.880886
0.262459 0.663839
0.612445 0.434248
0.196081 0.726859
0.773064 0.229499
0.115360 0.747093
0.653066 0.471694
0.066134 0.836390
0.813929 0.483535
0.721213 0.484237
0.176550 0.664663
0.011567 0.720206
0.038087 0.699942
0.730918 0.446791
0.125126 0.664022
0.649312 0.531510
0.942412 0.369152
0.816218 0.351360
0.883847 0.422712
0.249153 0.712729
0.256050 0.785302
0.820032 0.462630
0.759636 0.514573
0.924894 0.313944
0.837947 0.331706
0.741050 0.254311
0.611957 0.418409
0.145634 0.670003
0.185675 0.720817
0.809046 0.327189
0.267678 0.712821
0.814386 0.385815
0.640065 0.506607
0.022187 0.764214
0.896329 0.303568
0.886807 0.422712
0.121342 0.634053
0.689444 0.540574
0.940428 0.391980
0.225013 0.800806
0.071200 0.850795
0.715934 0.463424
0.828333 0.502762
0.683432 0.546953
0.743706 0.474380
0.739708 0.566759
0.101688 0.770592
0.051851 0.712668
0.743004 0.470901
0.102939 0.625355
0.171911 0.880551
0.766015 0.234870
0.221595 0.809900
0.139073 0.790765
0.265542 0.680441
0.789850 0.462691
0.758690 0.245796
0.576281 0.492050
0.236427 0.862423
0.889828 0.371868
0.644826 0.552843
0.783685 0.555620
0.743065 0.467910
0.612018 0.256355
0.646748 0.515915
0.111362 0.673299
0.677236 0.519700
0.816126 0.512192
0.755058 0.564348
0.682363 0.511643
0.048708 0.674642
0.231880 0.683584
0.186529 0.679250
0.195685 0.623676
0.151891 0.608997
0.059450 0.789300
0.129734 0.715415
0.154027 0.746513
0.895993 0.287332
0.811274 0.549181
0.872280 0.526933
0.695822 0.567553
0.227638 0.684286
0.774163 0.595386
0.604907 0.280770
0.690268 0.452986
0.015259 0.706748
0.926572 0.334422
0.603442 0.387646
0.628193 0.446303
0.130100 0.626820
0.830988 0.412091
0.238929 0.812250
0.168920 0.897977
0.727134 0.449995
0.106998 0.824213
0.838679 0.247291
0.148808 0.873898
0.815180 0.403546
0.224433 0.741997
0.570086 0.435316
0.812250 0.564165
0.269875 0.704764
0.931700 0.370983
0.091891 0.765313
0.264779 0.736717
0.162175 0.788659
0.071383 0.643818
0.887661 0.500809
0.831812 0.490280
0.152989 0.721030
0.566881 0.448531
0.276376 0.811304
0.798456 0.246467
0.288369 0.756829
0.809534 0.587664
0.803583 0.284494
0.060884 0.818873
0.769860 0.225227
0.172643 0.718070
0.914090 0.383221
0.774895 0.227241
0.858913 0.532365
0.587664 0.357555
0.649220 0.436323
0.189856 0.781396
0.232704 0.857387
0.080599 0.715629
0.206885 0.781701
0.694479 0.528367
0.059877 0.754357
0.805689 0.380749
0.862331 0.251595
0.827815 0.454421
0.745720 0.565722
0.887936 0.409070
0.091922 0.885800
0.150609 0.799066
0.107303 0.816431
0.762169 0.506119
0.088748 0.635212
0.797266 0.493912
0.223182 0.723441
0.875698 0.360149
0.787561 0.552049
0.901578 0.388684
0.253548 0.681692
0.890133 0.320658
0.135685 0.667837
0.083895 0.718558
0.863887 0.495987
0.106174 0.853877
0.915616 0.305673
0.262459 0.727744
0.288369 0.776330
0.247139 0.828944
0.677786 0.471603
0.106784 0.805170
0.556871 0.371319
0.829249 0.408795
0.235786 0.737846
0.608997 0.307901
0.846797 0.488052
0.059877 0.741874
0.259835 0.797632
0.827845 0.245552
0.204840 0.737632
0.820887 0.343852
0.784753 0.289712
0.221015 0.800897
0.211402 0.804193
0.877102 0.485153
0.171300 0.732505
0.571245 0.340953
0.867336 0.365123
0.153966 0.887417
0.180853 0.840846
0.125431 0.732292
0.927671 0.409497
0.162969 0.822596
0.589862 0.505264
0.781335 0.442274
0.041871 0.743156
0.132237 0.638081
0.070925 0.754631
0.868404 0.383618
0.029664 0.728538
0.602466 0.417707
0.274789 0.803705
0.234352 0.819514
0.151646 0.618122
0.684103 0.462294
0.821345 0.431623
0.838343 0.476516
0.626087 0.520463
0.911222 0.317698
0.053102 0.707938
0.709342 0.235572
0.866451 0.298227
0.248695 0.753349
0.590716 0.428358
0.154790 0.891720
0.853938 0.321543
0.201727 0.687185
0.214698 0.701224
0.723197 0.561724
0.578936 0.336039
0.838496 0.287454
0.098605 0.875057
0.182012 0.873318
0.715232 0.507157
0.113651 0.676046
0.688162 0.470473
0.773858 0.574938
0.171941 0.834712
0.850551 0.527879
0.671285 0.510453
0.705557 0.245491
0.810266 0.312571
0.237892 0.852321
0.893887 0.319376
0.101047 0.717887
0.126316 0.697897
0.583331 0.492172
0.586444 0.483413
0.826868 0.472304
0.785394 0.591235
0.688345 0.237983
0.800745 0.402478
0.881985 0.375958
0.236671 0.706076
0.060183 0.679159
0.792138 0.527268
0.033723 0.800501
0.575457 0.428724
0.819422 0.580309
0.866970 0.514359
0.134831 0.661550
0.050600 0.737724
0.706870 0.214911
0.797601 0.539201
0.781640 0.283609
0.860805 0.291391
0.614826 0.268014
0.259804 0.804437
0.184301 0.875179
0.211707 0.804376
0.896603 0.296030
0.709464 0.213630
0.228980 0.815516
0.072970 0.767022
0.616779 0.432875
0.826868 0.352184
0.097079 0.858882
0.775811 0.247993
0.278970 0.780725
0.722190 0.223334
0.556688 0.375652
0.194464 0.851772
0.834803 0.379986
0.858577 0.354625
0.622089 0.445051
0.197333 0.792566
0.151708 0.707541
0.230842 0.715201
0.082125 0.619984
0.231788 0.756859
0.682363 0.565477
0.893429 0.482131
0.750908 0.223182
0.291086 0.744957
0.847560 0.263833
0.158025 0.810114
0.588672 0.362651
0.269662 0.687399
0.133488 0.671010
0.088504 0.776269
0.169378 0.806909
0.197546 0.767571
0.571642 0.439222
0.016449 0.707877
0.564653 0.416334
0.289773 0.705771
0.124760 0.802087
0.820673 0.425245
0.082186 0.620930
0.813227 0.225043
0.725700 0.235603
0.855861 0.371197
0.140660 0.897519
0.203803 0.871883
0.945647 0.419507
0.847987 0.513260
0.593616 0.508683
0.238502 0.690146
0.694418 0.476791
0.626514 0.539750
0.231422 0.832545
0.278909 0.774712
0.880581 0.402966
0.770562 0.573016
0.690878 0.452223
0.233528 0.835475
0.728477 0.492782
0.736320 0.579943
0.717215 0.451857
0.804163 0.584246
0.651204 0.452803
0.098514 0.880154
0.039247 0.844661
0.737358 0.517472
0.181555 0.699515
0.786615 0.401196
0.593951 0.384106
0.277657 0.803186
0.678335 0.544572
0.825404 0.321024
0.706442 0.489364
0.825861 0.578784
0.904599 0.329356
0.879849 0.355022
0.236244 0.629902
0.080599 0.674215
0.261757 0.815546
0.289560 0.760460
0.727012 0.541948
0.227912 0.786920
0.722709 0.565416
0.767022 0.453810
0.193701 0.709006
0.258400 0.721549
0.111454 0.702841
0.816492 0.466140
0.783166 0.506058
0.924863 0.416059
0.584857 0.332255
0.839167 0.536149
0.567370 0.329569
0.832362 0.369793
0.914365 0.347484
0.241218 0.631062
0.209296 0.880154
0.874111 0.518754
0.267220 0.788263
0.163823 0.802789
0.796442 0.320933
0.111301 0.883816
0.129398 0.790399
0.156560 0.622150
0.841823 0.559526
0.258126 0.715690
0.576617 0.317881
0.790216 0.226112
0.752068 0.493942
0.606861 0.443281
0.872921 0.349742
0.658101 0.505264
0.835902 0.392865
0.081454 0.720420
0.058687 0.841792
0.844539 0.274606
0.027589 0.810572
0.801050 0.439192
0.211402 0.673238
0.697134 0.569048
0.190222 0.854518
0.285195 0.760277
0.897885 0.479476
0.730979 0.235817
0.896908 0.490097
0.167425 0.844234
0.879788 0.451155
0.136387 0.637806
0.266549 0.769616
0.071169 0.719108
0.098788 0.662038
0.914304 0.495529
0.588885 0.346019
0.591845 0.324351
0.558000 0.406690
0.860012 0.333201
0.215430 0.645039
0.579302 0.471725
0.191748 0.753777
0.072481 0.690420
0.245338 0.795618
0.042146 0.785485
0.745048 0.592883
0.219062 0.704062
0.614917 0.447218
0.892758 0.539171
0.702048 0.546373
0.154912 0.699057
0.777459 0.209021
0.850917 0.405774
0.224677 0.699789
0.199835 0.773003
0.772942 0.230506
0.729392 0.456832
0.116611 0.874111
0.779473 0.441450
0.115940 0.792047
0.750481 0.473617
0.100711 0.842982
0.143956 0.820460
0.082095 0.780908
0.576403 0.325266
0.103610 0.691305
0.876217 0.451704
0.231574 0.772973
0.731468 0.518662
0.065981 0.784082
0.141057 0.776330
0.705069 0.534776
0.648732 0.450026
0.056764 0.641438
0.201575 0.705832
0.219672 0.762535
0.067354 0.674459
0.822871 0.364757
0.589801 0.426435
0.220069 0.858089
0.104587 0.748222
0.106906 0.836970
0.753380 0.550981
0.833735 0.292428
0.132237 0.678610
0.245369 0.698569
0.065584 0.723746
0.714866 0.583880
0.920225 0.352977
0.070315 0.790735
0.701651 0.455000
0.697043 0.557421
0.238075 0.823725
0.878506 0.352367
0.775994 0.229011
0.687155 0.568163
0.822321 0.506363
0.606769 0.273202
0.769585 0.213416
0.739921 0.599475
0.253853 0.800623
0.094363 0.680349
0.271676 0.667104
0.743431 0.250404
0.571703 0.312326
0.176794 0.832636
0.137669 0.741691
0.559404 0.454634
0.885403 0.452406
0.649434 0.509018
0.584216 0.349101
0.759514 0.598407
0.841853 0.242927
0.837825 0.251595
0.010956 0.730918
0.136387 0.869381
0.746757 0.559862
0.140507 0.894864
0.857173 0.564714
0.002808 0.771477
0.212256 0.699911
0.146428 0.793176
0.069033 0.796716
0.876247 0.389142
0.594897 0.280984
0.795892 0.566057
0.800684 0.369640
0.761986 0.556200
0.182440 0.894559
0.015015 0.698447
0.682119 0.230140
0.822718 0.342112
0.848720 0.561052
0.900754 0.298532
0.057253 0.727073
0.144841 0.654958
0.681417 0.470443
0.735282 0.520920
0.900174 0.413099
0.097568 0.809565
0.784295 0.248451
0.820246 0.577013
0.734245 0.465773
0.146397 0.768273
0.728538 0.547380
0.214759 0.797388
0.179785 0.854122
0.229316 0.820978
0.659322 0.508927
0.752312 0.486831
0.865322 0.555467
0.792810 0.303537
0.165227 0.712363
0.177252 0.693899
0.702048 0.531297
0.660207 0.499710
0.876125 0.530869
0.687796 0.541124
0.087893 0.827998
0.864528 0.290597
0.759758 0.457320
0.136570 0.759850
0.283609 0.692740
0.813105 0.297678
0.866695 0.395825
0.910764 0.396771
0.083346 0.862331
0.723716 0.516221
0.221839 0.852351
0.601001 0.494919
0.862056 0.451491
0.702506 0.566759
0.162267 0.771203
0.560137 0.460982
0.030305 0.727683
0.180609 0.619709
0.094089 0.724265
0.168523 0.803858
0.264595 0.659566
0.083743 0.819025
0.818232 0.353496
0.738487 0.598193
0.768273 0.513504
0.629994 0.522385
0.804651 0.470199
0.285043 0.813776
0.887326 0.436842
0.737754 0.519883
0.821497 0.337962
0.777764 0.422498
0.050050 0.683065
0.767785 0.582202
0.551347 0.406690
0.828211 0.290567
0.851131 0.361431
0.261605 0.706595
0.833064 0.554521
0.065584 0.745506
0.847194 0.275765
0.637898 0.465957
0.035249 0.707450
0.081271 0.716483
0.802698 0.315775
0.093905 0.645100
0.014161 0.719504
0.024659 0.769066
0.286081 0.794519
0.903195 0.507950
0.809076 0.264504
0.047761 0.671957
0.036653 0.848109
0.863186 0.343364
0.738792 0.486740
0.692099 0.576830
0.789178 0.436811
0.077700 0.840022
0.144414 0.796930
0.886776 0.402539
0.252998 0.787957
0.929380 0.330363
0.113193 0.799188
0.652181 0.238990
0.796472 0.570147
0.776238 0.436110
0.639332 0.515275
0.222999 0.643910
0.892697 0.349345
0.225013 0.679220
0.248360 0.819330
0.213721 0.835047
0.867122 0.357463
0.892544 0.370037
0.027406 0.822901
0.928282 0.455641
0.853267 0.301279
0.906796 0.421247
0.631336 0.261727
0.858425 0.393658
0.723411 0.237068
0.832728 0.559862
0.611560 0.448378
0.745811 0.582965
0.607135 0.492477
0.864010 0.464003
0.794916 0.316538
0.678823 0.565294
0.880703 0.484939
0.798761 0.549821
0.849513 0.229377
0.819544 0.294748
0.816309 0.544939
0.231178 0.723685
0.212439 0.867061
0.183111 0.864650
0.899197 0.438276
0.578967 0.478195
0.835353 0.324625
0.890378 0.538530
0.206671 0.705161
0.582202 0.473983
0.158147 0.830500
0.735740 0.485244
0.676321 0.235298
0.093265 0.663778
0.123173 0.646321
0.032472 0.731407
0.129215 0.664205
0.583300 0.389386
0.023988 0.687338
0.216071 0.649251
0.064486 0.855739
0.666158 0.574602
0.573260 0.385083
0.021760 0.728874
0.021210 0.707694
0.268319 0.704337
0.040071 0.747612
0.281320 0.791559
0.716941 0.542741
0.091220 0.860256
0.607532 0.538438
0.840083 0.297983
0.823328 0.486770
0.173925 0.758232
0.200842 0.722434
0.927152 0.375042
0.680898 0.470229
0.576128 0.338023
0.802881 0.315867
0.210852 0.787011
0.019379 0.683248
0.727470 0.521958
0.718497 0.537339
