0.292485 0.789013
0.935646 0.410709
0.137241 0.607255
0.764826 0.429394
0.592631 0.349763
0.061206 0.696731
0.146770 0.757193
0.134877 0.872880
0.166709 0.874153
0.232865 0.756612
0.577219 0.315974
0.855866 0.540856
0.812179 0.300515
0.649399 0.442388
0.588706 0.386807
0.057109 0.834707
0.562943 0.382369
0.889885 0.304542
0.153253 0.717087
0.783454 0.514210
0.585019 0.411800
0.058836 0.857960
0.693846 0.463105
0.648210 0.459766
0.856928 0.381753
0.808435 0.374721
0.568894 0.407524
0.051389 0.692684
0.933206 0.395752
0.237627 0.790551
0.818855 0.499861
0.162119 0.729233
0.211562 0.720567
0.834665 0.220460
0.885780 0.308461
0.826997 0.344882
0.064838 0.732073
0.044728 0.735673
0.054725 0.755948
0.808380 0.444894
0.558663 0.447048
0.083943 0.832163
0.160159 0.791050
0.187346 0.717817
0.224110 0.619907
0.872168 0.532550
0.107559 0.746715
0.249640 0.698152
0.116186 0.745427
0.140168 0.805604
0.792126 0.260458
0.621424 0.278601
0.129923 0.623704
0.722093 0.216972
0.645893 0.521223
0.182179 0.882998
0.168660 0.663815
0.744895 0.443791
0.671698 0.225400
0.076612 0.619816
0.017482 0.813235
0.263682 0.702568
0.057340 0.715201
0.719356 0.223255
0.925000 0.475082
0.709435 0.477746
0.091857 0.845910
0.850095 0.538847
0.729070 0.482233
0.553127 0.402576
0.093394 0.681264
0.912440 0.371474
0.252206 0.821470
0.870851 0.396369
0.775061 0.453929
0.192104 0.685577
0.152785 0.855139
0.730678 0.503438
0.765526 0.201474
0.595193 0.413429
0.920053 0.331406
0.200854 0.756407
0.161286 0.731560
0.072572 0.713415
0.238040 0.743474
0.880201 0.534344
0.597151 0.320126
0.747580 0.578165
0.124698 0.796705
0.886024 0.401057
0.823720 0.266535
0.718603 0.561081
0.093523 0.848839
0.135347 0.781105
0.157841 0.829599
0.845620 0.329982
0.097023 0.666861
0.719773 0.217149
0.826158 0.232592
0.178890 0.611629
0.138671 0.645111
0.875547 0.324270
0.923328 0.380671
0.709677 0.541033
0.103508 0.664706
0.789637 0.427810
0.676296 0.514334
0.179196 0.752583
0.741330 0.540580
0.032350 0.703226
0.210433 0.753565
0.855983 0.501486
0.232156 0.849652
0.223759 0.719537
0.268621 0.715458
0.713838 0.482743
0.073939 0.698616
0.830336 0.461194
0.094822 0.666558
0.706939 0.518522
0.922319 0.417595
0.802614 0.527027
0.817891 0.301022
0.238511 0.660723
0.774336 0.259280
0.243511 0.694070
0.131123 0.779845
0.889005 0.513910
0.130525 0.729394
0.921309 0.443569
0.067511 0.651425
0.786782 0.439911
0.727169 0.532888
0.164262 0.743218
0.787261 0.497314
0.191396 0.795201
0.163837 0.613654
0.675524 0.525347
0.879362 0.437550
0.218579 0.650021
0.699147 0.559212
0.820933 0.415994
0.240358 0.695901
0.150698 0.777368
0.635286 0.260128
0.642856 0.478793
0.179071 0.638062
0.212093 0.651949
0.809629 0.427093
0.144097 0.846120
0.816759 0.275423
0.672055 0.227905
0.733177 0.504197
0.020992 0.817806
0.857518 0.312406
0.224182 0.830905
0.588701 0.305827
0.070259 0.836693
0.617095 0.523138
0.014327 0.785850
0.775417 0.430098
0.039968 0.740498
0.786844 0.487188
0.173725 0.792071
0.771796 0.576829
0.748532 0.580961
0.612627 0.429102
0.185913 0.632291
0.838242 0.337785
0.929576 0.387678
0.696349 0.530505
0.848653 0.313613
0.886561 0.435473
0.862396 0.284773
0.101364 0.620112
0.803917 0.427861
0.060972 0.757806
0.810927 0.251440
0.286708 0.700851
0.223280 0.666641
0.137787 0.789355
0.855926 0.544408
0.858828 0.326136
0.803852 0.336677
0.028073 0.825287
0.882689 0.349297
0.095771 0.614969
0.124518 0.778974
0.602277 0.467414
0.826759 0.346758
0.846273 0.304086
0.772132 0.221246
0.578301 0.496865
0.811117 0.448449
0.818729 0.382343
0.263503 0.690472
0.810765 0.529475
0.033307 0.789694
0.051041 0.846057
0.680876 0.484649
0.048711 0.684236
0.846040 0.386832
0.742220 0.483178
0.204536 0.638703
0.140106 0.766920
0.933385 0.406533
0.597279 0.460685
0.713109 0.222415
0.119228 0.857982
0.095120 0.681406
0.836576 0.333016
0.236197 0.756178
0.085601 0.693677
0.901022 0.472586
0.105117 0.694606
0.776259 0.589730
0.586505 0.392600
0.055855 0.752636
0.887211 0.351881
0.551817 0.382429
0.927794 0.441876
0.561517 0.423036
0.727821 0.495847
0.864898 0.341270
0.820623 0.215810
0.025153 0.752692
0.052111 0.829128
0.159733 0.636144
0.042521 0.648372
0.668861 0.547120
0.078457 0.634825
0.229297 0.798046
0.176225 0.818531
0.058883 0.644886
0.076678 0.735105
0.145283 0.771806
0.744666 0.594775
0.842528 0.365630
0.825330 0.329000
0.206800 0.680836
0.825159 0.443261
0.895783 0.428718
0.840497 0.227821
0.572761 0.397178
0.725559 0.469828
0.850036 0.549571
0.634989 0.255908
0.244819 0.665749
0.626672 0.473478
0.110719 0.850000
0.780653 0.440375
0.108626 0.683250
0.838839 0.363724
0.200433 0.669348
0.759295 0.471654
0.591856 0.328767
0.892154 0.434144
0.598938 0.343926
0.586390 0.464511
0.293256 0.757385
0.639350 0.563271
0.067043 0.784766
0.840622 0.336018
0.617448 0.440687
0.628875 0.497637
0.104347 0.752577
0.110304 0.878168
0.697224 0.241426
0.786550 0.551410
0.068528 0.741875
0.701228 0.543717
0.906615 0.484741
0.818132 0.338082
0.754899 0.579521
0.005639 0.770351
0.848716 0.375925
0.636714 0.251049
0.266718 0.733469
0.168250 0.785697
0.619173 0.435037
0.672609 0.534772
0.757746 0.444523
0.595305 0.289120
0.694009 0.211107
0.110531 0.691191
0.133569 0.886323
0.779927 0.236272
0.016169 0.748727
0.776072 0.439804
0.597868 0.370496
0.934221 0.459209
0.930468 0.374979
0.272198 0.832375
0.275406 0.744116
0.898939 0.468390
0.590788 0.368094
0.658430 0.241214
0.090895 0.670824
0.797678 0.581897
0.578765 0.308756
0.711162 0.504310
0.852225 0.349535
0.113267 0.685824
0.583054 0.387151
0.890315 0.524086
0.700814 0.577497
0.218229 0.775759
0.037290 0.727973
0.846390 0.279360
0.808251 0.280840
0.081798 0.773888
0.739603 0.502207
0.695021 0.221267
0.265708 0.758067
0.923987 0.448706
0.175150 0.753573
0.760490 0.552200
0.877285 0.520916
0.671892 0.480732
0.667488 0.463376
0.138556 0.706417
0.606743 0.522225
0.831464 0.418492
0.119646 0.895844
0.136471 0.667128
0.174739 0.834914
0.135053 0.839810
0.679551 0.217619
0.935465 0.366611
0.934458 0.435983
0.569068 0.329319
0.821114 0.470947
0.788870 0.546162
0.199907 0.844545
0.882573 0.401525
0.594831 0.322416
0.819751 0.557866
0.193234 0.680253
0.875783 0.276500
0.141594 0.764414
0.612738 0.294595
0.789151 0.261667
0.719668 0.460833
0.221088 0.826074
0.773164 0.560896
0.171695 0.684050
0.821942 0.384471
0.736687 0.495525
0.628397 0.469253
0.076503 0.782599
0.143501 0.820729
0.724554 0.577228
0.554258 0.410002
0.902805 0.444215
0.106602 0.660262
0.093572 0.663447
0.228580 0.749828
0.849671 0.423347
0.841756 0.395810
0.818244 0.233926
0.660585 0.456236
0.021941 0.767132
0.825037 0.402520
0.154449 0.829745
0.811702 0.282861
0.132495 0.851669
0.119104 0.777717
0.834793 0.373236
0.928860 0.356091
0.807894 0.272208
0.941835 0.428901
0.848116 0.282734
0.906672 0.431771
0.229769 0.723427
0.674633 0.553386
0.907567 0.478428
0.206329 0.778951
0.813262 0.491861
0.198297 0.772563
0.897986 0.447640
0.730440 0.497981
0.639823 0.502841
0.243330 0.639383
0.051096 0.764896
0.161651 0.872364
0.081134 0.622063
0.052346 0.783417
0.123921 0.738775
0.807672 0.543694
0.868831 0.434701
0.290577 0.728236
0.805048 0.447472
0.563121 0.371620
0.815642 0.503078
0.238871 0.705599
0.788687 0.461258
0.270642 0.674395
0.820328 0.258729
0.832067 0.548843
0.806781 0.569236
0.121057 0.605423
0.807305 0.376946
0.600065 0.293100
0.835145 0.274961
0.880483 0.269611
0.583000 0.473806
0.272844 0.682548
0.829323 0.426726
0.819153 0.511132
0.597094 0.350666
0.732566 0.230318
0.137667 0.761433
0.804996 0.571443
0.841647 0.560972
0.258216 0.842907
0.245482 0.822543
0.694386 0.537357
0.082089 0.671505
0.160929 0.730300
0.598470 0.486016
0.205257 0.750721
0.875604 0.280488
0.032767 0.717077
0.912207 0.455785
0.723818 0.205186
0.068823 0.709319
0.237563 0.718972
0.806708 0.332975
0.785540 0.569582
0.902322 0.324513
0.092028 0.712905
0.859671 0.497092
0.928388 0.422516
0.199314 0.876388
0.585852 0.409230
0.826992 0.252578
0.251315 0.850049
0.768279 0.458478
0.740381 0.577777
0.723422 0.557139
0.842165 0.267691
0.155641 0.853440
0.268979 0.738045
0.795414 0.515290
0.166040 0.626456
0.745119 0.212211
0.130286 0.713324
0.781197 0.574210
0.632801 0.481834
0.785062 0.535869
0.752453 0.484680
0.019976 0.743673
0.086083 0.804731
0.891733 0.359435
0.091249 0.615773
0.292603 0.770438
0.885361 0.268915
0.086087 0.861683
0.671002 0.522646
0.267965 0.681584
0.691709 0.549493
0.076680 0.768437
0.125055 0.807200
0.056922 0.686088
0.087266 0.681603
0.119339 0.735394
0.774353 0.552910
0.159737 0.707544
0.749604 0.590227
0.699625 0.592910
0.206451 0.818283
0.886567 0.534649
0.719372 0.492090
0.135106 0.730685
0.106186 0.676488
0.727747 0.252198
0.853605 0.532845
0.247496 0.660305
0.027470 0.682798
0.779035 0.234272
0.202881 0.826079
0.101617 0.884419
0.193173 0.660180
0.654697 0.490881
0.225426 0.742596
0.796708 0.273873
0.250354 0.696790
0.799453 0.409552
0.944093 0.375584
0.255115 0.709590
0.909471 0.482111
0.835754 0.509324
0.201573 0.833645
0.069771 0.639056
0.826705 0.437357
0.834380 0.418208
0.258274 0.808688
0.940524 0.391747
0.914226 0.400540
0.886676 0.370590
0.783141 0.248456
0.123678 0.657253
0.682528 0.243943
0.846103 0.459655
0.123623 0.728897
0.796305 0.490398
0.196873 0.850271
0.898572 0.293064
0.749006 0.547501
0.892092 0.385473
0.150461 0.796250
0.830696 0.512316
0.075971 0.844275
0.119809 0.637742
0.093633 0.696528
0.777498 0.413397
0.770960 0.522595
0.815645 0.550044
0.103981 0.612822
0.104580 0.679098
0.168429 0.794388
0.755710 0.210552
0.740492 0.447911
0.598756 0.295140
0.652791 0.457113
0.677233 0.252505
0.710330 0.524043
0.177236 0.810847
0.913813 0.451280
0.666582 0.242020
0.827714 0.390103
0.774109 0.448691
0.200917 0.812873
0.128971 0.622997
0.833130 0.421930
0.916368 0.402324
0.864072 0.449778
0.101023 0.887899
0.109339 0.664060
0.146832 0.806356
0.650654 0.545935
0.749718 0.516438
0.171159 0.669692
0.576989 0.457081
0.665709 0.566215
0.216331 0.871322
0.107255 0.629412
0.246722 0.659790
0.046633 0.757224
0.097863 0.788378
0.273979 0.770366
0.805825 0.497035
0.111245 0.694282
0.799582 0.577965
0.866035 0.450220
0.842895 0.530218
0.936238 0.351419
0.174861 0.895871
0.899653 0.461104
0.258862 0.695451
0.682128 0.530382
0.593051 0.416067
0.861278 0.493566
0.804391 0.397062
0.884477 0.402531
0.862472 0.561324
0.885317 0.518891
0.795178 0.559233
0.219359 0.769184
0.049673 0.850102
0.929454 0.327675
0.745020 0.553827
0.168489 0.794880
0.037525 0.675218
0.213826 0.773916
0.208887 0.771060
0.198299 0.813518
0.813840 0.212376
0.817714 0.313360
0.768336 0.427156
0.858890 0.356963
0.221439 0.722868
0.059420 0.665997
0.740436 0.501343
0.869479 0.333859
0.126422 0.768554
0.266545 0.818593
0.091964 0.632921
0.293911 0.769838
0.778392 0.428889
0.829788 0.241238
0.853237 0.356517
0.234474 0.801586
0.702592 0.458802
0.741446 0.484760
0.170991 0.841923
0.168136 0.855307
0.081493 0.653909
0.894301 0.510200
0.928624 0.383425
0.231846 0.628673
0.075490 0.765693
0.938856 0.344403
0.710432 0.228469
0.846700 0.491776
0.603517 0.302430
0.194843 0.732028
0.669457 0.565021
0.165623 0.634025
0.802596 0.232466
0.670641 0.462180
0.842240 0.533449
0.680935 0.478527
0.107684 0.836723
0.803684 0.508807
0.833552 0.500936
0.225074 0.814293
0.826580 0.337691
0.042294 0.840882
0.267018 0.770607
0.587758 0.442958
0.709122 0.218183
0.763756 0.449477
0.083692 0.617287
0.709378 0.515885
0.252263 0.776147
0.572937 0.347336
0.674673 0.224129
0.844428 0.301270
0.115950 0.777857
0.645832 0.493801
0.878877 0.279899
0.883698 0.305486
0.825744 0.279301
0.060851 0.724523
0.148086 0.877690
0.003733 0.747767
0.718344 0.203375
0.239284 0.643198
0.061682 0.695030
0.836825 0.524107
0.851108 0.571563
0.093223 0.794234
0.221972 0.679975
0.686293 0.529914
0.840097 0.507138
0.084533 0.748353
0.847709 0.446831
0.832827 0.321211
0.099231 0.777790
0.200975 0.780932
0.783814 0.568877
0.696643 0.477607
0.161461 0.670088
0.858237 0.393041
0.221919 0.790563
0.774512 0.224222
0.235424 0.769704
0.078993 0.640299
0.873060 0.516181
0.598639 0.327685
0.252850 0.655568
0.829444 0.467585
0.886435 0.315701
0.785597 0.521096
0.066917 0.672022
0.233638 0.759334
0.128975 0.683573
0.818494 0.422333
0.901251 0.322604
0.648018 0.235764
0.245958 0.808101
0.116239 0.636154
0.756081 0.455274
0.036164 0.816256
0.225726 0.769058
0.806064 0.519210
0.601552 0.288582
0.140941 0.801948
0.592332 0.326259
0.844255 0.392013
0.870441 0.508914
0.124041 0.759669
0.744302 0.475579
0.189185 0.634778
0.593055 0.481065
0.820863 0.248535
0.844189 0.282555
0.899295 0.458224
0.887031 0.335089
0.282130 0.751050
0.596320 0.347787
0.262494 0.740490
0.224830 0.714371
0.117907 0.657945
0.245838 0.801036
0.904773 0.511509
0.876688 0.496268
0.072519 0.820779
0.610670 0.528736
0.795177 0.546805
0.146582 0.608934
0.816819 0.279617
0.073886 0.801456
0.626361 0.243124
0.714179 0.205259
0.792005 0.231973
0.768504 0.255050
0.206444 0.698876
0.049251 0.758825
0.122022 0.817645
0.931010 0.479034
0.130407 0.745840
0.627032 0.530102
0.265347 0.686557
0.192413 0.881895
0.259936 0.747864
0.554553 0.366034
0.795044 0.300120
0.082860 0.626658
0.701151 0.243405
0.635123 0.508713
0.677962 0.504929
0.776966 0.462301
0.176466 0.858112
0.863176 0.404288
0.752281 0.578859
0.259821 0.813483
0.720308 0.223053
0.690975 0.219838
0.043541 0.793137
0.837005 0.539341
0.296647 0.749546
0.795644 0.383160
0.093525 0.871528
0.773265 0.259249
0.602100 0.488017
0.108215 0.773122
0.768404 0.569039
0.836579 0.382878
0.601026 0.452001
0.607337 0.512515
0.841348 0.529149
0.188011 0.892691
0.259047 0.802496
0.868893 0.480945
0.663072 0.253054
0.190202 0.724696
0.757160 0.588009
0.669933 0.571405
0.191092 0.679769
0.216795 0.665744
0.917974 0.392083
0.885435 0.501662
0.821525 0.376043
0.768445 0.248039
0.170279 0.875006
0.927913 0.427159
0.878046 0.316091
0.848481 0.418318
0.704975 0.509260
0.018010 0.690826
0.727586 0.529616
0.147953 0.654257
0.627374 0.271644
0.130356 0.897954
0.859133 0.454904
0.651423 0.472217
0.804217 0.468927
0.146477 0.839877
0.811049 0.293339
0.913276 0.436148
0.150345 0.841435
0.160216 0.743276
0.242924 0.815838
0.033839 0.734670
0.771656 0.214361
0.673201 0.497373
0.044603 0.650799
0.153906 0.701616
0.691332 0.224135
0.832831 0.393268
0.019740 0.774561
0.745178 0.205581
0.169968 0.650223
0.223638 0.681731
0.646131 0.522979
0.736455 0.595027
0.129628 0.664517
0.700271 0.460043
0.936953 0.372143
0.603880 0.416922
0.878228 0.380466
0.656664 0.550670
0.103217 0.762252
0.202694 0.682869
0.132912 0.857482
0.805945 0.514251
0.837770 0.401658
0.073995 0.633601
0.664933 0.523109
0.177715 0.852434
0.887212 0.379085
0.929699 0.452399
0.904354 0.479485
0.706348 0.587838
0.789689 0.297688
0.740970 0.487776
0.708886 0.248977
0.564430 0.373101
0.091144 0.853479
0.930345 0.314116
0.903992 0.399359
0.051150 0.684589
0.880378 0.508912
0.710091 0.505092
0.153187 0.617506
0.918516 0.502157
0.782621 0.506418
0.221506 0.847400
0.881198 0.287126
0.723179 0.464308
0.629704 0.442027
0.153369 0.671895
0.765066 0.470172
0.883111 0.444777
0.277013 0.752322
0.867046 0.447771
0.127009 0.644109
0.563542 0.442862
0.776137 0.535527
0.609656 0.489861
0.094588 0.735459
0.579606 0.444227
0.923684 0.363687
0.600609 0.427506
0.159318 0.652064
0.864485 0.395642
0.228170 0.848246
0.902737 0.301299
0.839265 0.526284
0.650160 0.244732
0.631613 0.518363
0.779942 0.487514
0.061395 0.868430
0.699977 0.509731
0.251668 0.786146
0.760603 0.449625
0.761380 0.519724
0.790938 0.287720
0.086203 0.808743
0.568122 0.421504
0.214604 0.851834
0.773639 0.553685
0.779294 0.596604
0.073828 0.827723
0.189017 0.806359
0.027172 0.684158
0.146890 0.778986
0.060849 0.682010
0.872694 0.369218
0.630541 0.494868
0.706802 0.222938
0.925827 0.381414
0.716102 0.519774
0.140407 0.819084
0.189064 0.606942
0.816823 0.348841
0.296646 0.730379
0.042830 0.837395
0.643629 0.469345
0.647619 0.535562
0.603647 0.488844
0.709677 0.537268
0.119868 0.616703
0.073353 0.840169
0.276415 0.710871
0.629115 0.536489
0.191568 0.677465
0.134091 0.659245
0.015571 0.709491
0.120597 0.866051
0.675348 0.570823
0.815111 0.566546
0.586860 0.361607
0.637029 0.550777
0.821937 0.298075
0.079956 0.826984
0.607692 0.487463
0.647020 0.469763
0.617154 0.510403
0.845038 0.547349
0.147781 0.757264
0.857648 0.483895
0.822667 0.569963
0.175571 0.818671
0.818610 0.385085
0.026106 0.756967
0.810817 0.396113
0.569906 0.409873
0.741272 0.565337
0.173955 0.666907
0.699981 0.578094
0.045142 0.701275
0.789043 0.452492
0.688000 0.221955
0.200674 0.733033
0.093808 0.629405
0.810040 0.338207
0.821042 0.258995
0.864072 0.452118
0.809335 0.485562
0.842353 0.423713
0.252680 0.788464
0.207931 0.701567
0.058001 0.825163
0.106609 0.773588
0.693254 0.514866
0.157481 0.777554
0.724829 0.209202
0.179495 0.765185
0.247980 0.800535
0.854251 0.394961
0.584417 0.304631
0.155039 0.741708
0.097564 0.757244
0.657854 0.544750
0.878883 0.379622
0.743113 0.504375
0.033775 0.664172
0.801604 0.560014
0.828074 0.447650
0.799739 0.210091
0.626613 0.486832
0.177536 0.852610
0.887336 0.453989
0.078403 0.719766
0.614475 0.481622
0.181222 0.806423
0.088520 0.749845
0.067101 0.770865
0.611085 0.503267
0.025747 0.732901
0.037891 0.834962
0.813621 0.526712
0.188478 0.750921
0.262141 0.802694
0.166812 0.609847
0.768940 0.572103
0.185803 0.792601
0.224951 0.746856
0.181217 0.711199
0.768502 0.214517
0.190255 0.613208
0.188365 0.848018
0.249529 0.828902
0.012422 0.781102
0.666061 0.490934
0.158855 0.883046
0.139145 0.604020
0.756028 0.567200
0.706168 0.570796
0.594716 0.396198
0.733236 0.490037
0.261184 0.726447
0.208712 0.822451
0.196506 0.677496
0.074069 0.872516
0.595665 0.333941
0.097922 0.776387
0.046993 0.808518
0.233638 0.755272
0.860863 0.524411
0.803031 0.541222
0.908699 0.499745
0.847651 0.472283
0.815986 0.278555
0.056747 0.740916
0.624948 0.496393
0.121715 0.659653
0.784581 0.447152
0.053540 0.846557
0.279749 0.745303
0.129149 0.610526
0.835742 0.312490
0.850856 0.334006
0.642027 0.553389
0.264814 0.725059
0.069841 0.809537
0.594658 0.410114
0.124985 0.617106
0.708247 0.512874
0.884708 0.284747
0.034135 0.713885
0.191810 0.747991
0.050912 0.684891
0.180990 0.890906
0.731972 0.254045
0.814504 0.363904
0.071379 0.665959
0.771598 0.240910
0.267791 0.763530
0.260174 0.750825
0.113503 0.650428
0.864732 0.557110
0.121007 0.772619
0.279635 0.824024
0.276416 0.721781
0.767984 0.509677
0.146287 0.649074
0.191210 0.663409
0.739428 0.568297
0.819453 0.542525
0.215722 0.633383
0.275581 0.692067
0.130885 0.786464
0.093225 0.826181
0.944390 0.354345
0.092505 0.732570
0.137967 0.814552
0.609109 0.294887
0.835205 0.283905
0.201630 0.789495
0.840694 0.549747
0.080543 0.682582
0.238277 0.723887
0.242979 0.752451
0.829439 0.380266
0.128498 0.664707
0.726913 0.231633
0.201860 0.658344
0.289267 0.707048
0.799383 0.230299
0.097268 0.777748
0.788333 0.515479
0.568237 0.361966
0.220664 0.694616
0.754419 0.520755
0.117315 0.720898
0.069424 0.807675
0.044134 0.752638
0.785641 0.260422
0.910479 0.419970
0.855618 0.374770
0.149383 0.673189
0.872985 0.256057
0.897509 0.441577
0.942487 0.387007
0.888993 0.297534
0.633214 0.435148
0.145339 0.705007
0.064309 0.840245
0.751799 0.488537
0.855927 0.565954
0.029261 0.795082
0.943503 0.446841
0.058234 0.742229
0.212879 0.849149
0.839425 0.222789
0.246781 0.656055
0.186690 0.694275
0.229110 0.646234
0.253272 0.736898
0.787674 0.431149
0.769714 0.590352
0.645295 0.468236
0.806168 0.271831
0.569490 0.419352
0.855497 0.342958
0.809442 0.294940
0.063594 0.818151
0.669216 0.511588
0.255595 0.784791
0.858471 0.318850
0.906128 0.299799
0.939987 0.362175
0.262797 0.826150
0.108873 0.829535
0.568355 0.349269
0.103337 0.792428
0.168301 0.627282
0.120407 0.679373
0.193245 0.874566
0.835323 0.274237
0.726042 0.590946
0.731805 0.446594
0.215131 0.698801
0.747045 0.587921
0.167826 0.643571
0.820875 0.447231
0.605070 0.417389
0.071742 0.760040
0.068228 0.702899
0.065011 0.633402
0.753883 0.519210
0.864731 0.538671
0.116780 0.722459
0.859734 0.549089
0.861637 0.531915
0.898347 0.517678
0.616365 0.254404
0.263330 0.787703
0.806842 0.588378
0.865726 0.250615
0.218579 0.662355
0.629469 0.479951
0.811711 0.425606
0.052284 0.730379
0.189373 0.788758
0.221616 0.699040
0.277072 0.750058
0.600078 0.510641
0.156347 0.717245
0.654921 0.255701
0.822353 0.282038
0.208238 0.849095
0.748765 0.494678
0.054480 0.647981
0.193000 0.749177
0.174131 0.613488
0.887990 0.448269
0.273440 0.698595
0.789883 0.561800
0.175324 0.678530
0.049249 0.727574
0.614940 0.297191
0.707418 0.582195
0.032595 0.819661
0.699440 0.482789
0.077576 0.817817
0.720251 0.251598
0.163013 0.759806
0.059842 0.764264
0.710850 0.249020
0.793135 0.220279
0.223946 0.865338
0.592928 0.339684
0.053539 0.837486
0.820460 0.472214
0.883165 0.359852
0.029079 0.724077
0.639344 0.450626
0.880779 0.251791
0.853897 0.438843
0.165982 0.667123
0.570622 0.435841
0.180382 0.681000
0.274037 0.738598
0.609881 0.271570
0.839861 0.548411
0.011946 0.778006
0.809568 0.403012
0.693972 0.586829
0.076803 0.826311
0.802608 0.426223
0.875433 0.404884
0.114814 0.672962
0.824016 0.241233
0.777027 0.493166
0.862036 0.242495
0.863289 0.292704
0.926481 0.373087
0.838068 0.408601
0.813206 0.547125
0.789566 0.233201
0.770111 0.248566
0.641247 0.440323
0.721341 0.574959
0.770486 0.553708
0.812177 0.261218
0.124041 0.754480
0.689072 0.230047
0.932965 0.335651
0.122853 0.792128
0.558662 0.425259
0.200787 0.629856
0.231196 0.713127
0.895251 0.491435
0.230188 0.762314
0.201631 0.806502
0.590081 0.498138
0.668327 0.570485
0.147309 0.821138
0.861921 0.309068
0.861509 0.387247
0.852585 0.392196
0.166756 0.671402
0.144978 0.643585
0.050919 0.802842
0.212400 0.814418
0.772504 0.477137
0.851510 0.328529
0.069658 0.744128
0.082148 0.655264
0.836991 0.307336
0.195145 0.804486
0.939093 0.342762
0.691886 0.532239
0.121248 0.811839
0.074959 0.838240
0.018783 0.677982
0.793556 0.288054
0.784642 0.485343
0.771670 0.454036
0.077568 0.691171
0.723297 0.453513
0.881450 0.522326
0.739543 0.506388
0.755532 0.220910
0.831572 0.237254
0.560324 0.360185
0.629824 0.453717
0.626433 0.463912
0.748175 0.575827
0.928686 0.420028
0.206500 0.640717
0.712530 0.499771
0.045793 0.644801
0.628759 0.554592
0.149991 0.896736
0.911306 0.322928
0.212284 0.859641
0.765602 0.471475
0.122738 0.857293
0.085601 0.695947
0.095414 0.623006
0.820564 0.216383
0.745911 0.533036
0.205072 0.646392
0.838905 0.472470
0.797603 0.306771
0.907379 0.317514
0.040799 0.709401
0.902087 0.380320
0.814688 0.464758
0.190376 0.653801
0.614701 0.276418
0.748109 0.460765
0.113682 0.648608
0.927678 0.477739
0.277670 0.797770
0.794209 0.273482
0.680146 0.220360
0.730246 0.243792
0.851566 0.276420
0.262497 0.782455
0.886144 0.419337
0.081852 0.690270
0.283795 0.746035
0.613762 0.502159
0.023663 0.709046
0.226017 0.670290
0.611073 0.298021
0.833782 0.372210
0.734290 0.208890
0.642737 0.487123
0.811048 0.284253
0.235655 0.657476
0.199239 0.614253
0.012124 0.772476
0.250595 0.755804
0.793505 0.441984
0.175144 0.653121
0.596799 0.402773
0.861099 0.499252
0.822308 0.537155
0.147968 0.897516
0.041570 0.665705
0.622674 0.279082
0.081145 0.797538
0.883888 0.507621
0.590785 0.325370
0.851693 0.409583
0.854785 0.368856
0.615958 0.410362
0.740080 0.528188
0.675526 0.570028
0.252146 0.812730
0.166396 0.615334
0.922503 0.499540
0.209541 0.760135
0.165516 0.830016
0.073889 0.859825
0.599419 0.435718
0.119214 0.626039
0.841231 0.562077
0.218221 0.637366
0.205078 0.745896
0.846752 0.369253
0.870906 0.311201
0.846167 0.524510
0.176815 0.731106
0.160811 0.754509
0.712157 0.223234
0.023544 0.705112
0.160515 0.776109
0.801762 0.210116
0.056035 0.784822
0.077635 0.818067
0.245654 0.708689
0.277312 0.781124
0.815928 0.302772
0.745496 0.558113
0.058179 0.807158
0.905355 0.298243
0.799221 0.507481
0.776673 0.550557
0.583176 0.440939
0.148070 0.616438
0.079304 0.859979
0.194007 0.679062
0.734232 0.244799
0.826236 0.554983
0.926069 0.448339
0.087219 0.884300
0.020211 0.678075
0.551460 0.389519
0.187883 0.753478
0.195731 0.643046
0.673024 0.517811
0.875965 0.349109
0.826643 0.383834
0.764181 0.597777
0.154691 0.893274
0.161348 0.769736
0.824142 0.358282
0.641191 0.499155
0.259046 0.780081
0.169266 0.853012
0.877925 0.290595
0.031336 0.661213
0.156951 0.876945
0.813724 0.262882
0.782617 0.444558
0.780777 0.512086
0.583289 0.346464
0.203109 0.651374
0.639272 0.244856
0.667368 0.460554
0.281596 0.787063
0.799801 0.254582
0.767384 0.429243
0.082444 0.640364
0.058292 0.710781
0.104640 0.691971
0.899594 0.474277
0.167836 0.825198
0.770122 0.444726
0.694249 0.237555
0.586323 0.336638
0.864423 0.361309
0.821110 0.396855
0.594714 0.360142
0.796483 0.486325
0.861043 0.552214
0.834192 0.267312
0.812073 0.515124
0.691884 0.496168
0.759533 0.464417
0.192052 0.812921
0.197401 0.712249
0.766360 0.205416
0.648448 0.462797
0.667432 0.523289
0.718366 0.569852
0.710744 0.475980
0.787601 0.207316
0.746981 0.505142
0.928681 0.349286
0.742146 0.245531
0.211557 0.642374
0.910596 0.388357
0.188718 0.782010
0.246314 0.791532
0.213230 0.759873
0.026644 0.799546
0.127139 0.817344
0.092743 0.726656
0.902735 0.273092
0.021579 0.683241
0.598998 0.357339
0.888098 0.258101
0.811116 0.433759
0.185555 0.615097
0.932432 0.378238
0.254943 0.827092
0.929393 0.312924
0.191816 0.856973
0.144918 0.639063
0.757866 0.447854
0.788692 0.548843
0.876734 0.267941
0.278737 0.740332
0.767810 0.586614
0.782913 0.421933
0.824329 0.505359
0.564257 0.466474
0.822772 0.333886
0.270648 0.777953
0.022715 0.776710
0.900660 0.396013
0.170749 0.775858
0.194487 0.746663
0.935706 0.411475
0.191753 0.800930
0.225013 0.790518
0.236976 0.849890
0.186693 0.751282
0.821353 0.479629
0.122026 0.892676
0.104815 0.631587
0.626497 0.532423
0.111375 0.876227
0.784627 0.234070
0.879654 0.352346
0.652677 0.536170
0.775525 0.251286
0.573896 0.463951
0.186450 0.659813
0.242438 0.660221
0.871386 0.388648
0.020633 0.770793
0.257738 0.803895
0.060499 0.808734
0.815752 0.350454
0.104884 0.780897
0.167229 0.617805
0.610009 0.418398
0.021408 0.811864
0.153197 0.773704
0.657849 0.470681
0.148556 0.777822
0.588595 0.508697
0.097974 0.656650
0.210201 0.845819
0.685100 0.472299
0.784936 0.423829
0.050554 0.661428
0.192579 0.667010
0.638156 0.490387
0.732043 0.450462
0.660171 0.491487
0.820870 0.369037
0.213887 0.804179
0.901666 0.292651
0.217811 0.743931
0.079302 0.834457
0.721995 0.571579
0.267369 0.678404
0.802596 0.223090
0.815274 0.312483
0.173360 0.667648
0.653789 0.238148
0.731338 0.590531
0.829564 0.484432
0.127070 0.665819
0.917028 0.488572
0.690752 0.463862
0.651423 0.467153
0.214297 0.693028
0.586327 0.393152
0.584182 0.345897
0.245597 0.741444
0.702954 0.543913
0.574245 0.332492
0.127617 0.857584
0.566814 0.440801
0.270287 0.722003
0.171757 0.720050
0.830038 0.451880
0.740379 0.552944
0.822965 0.577932
0.927137 0.383474
0.897154 0.463092
0.668441 0.491264
0.677426 0.501732
0.155930 0.707800
0.139689 0.751503
0.860026 0.459361
0.071914 0.662057
0.105242 0.810183
0.709255 0.451751
0.696290 0.547137
0.252621 0.797583
0.032354 0.769233
0.746847 0.249732
0.715505 0.496802
0.683970 0.475674
0.640714 0.482598
0.584127 0.426611
0.700814 0.577974
0.021821 0.749306
0.694309 0.244840
0.025809 0.764025
0.048896 0.797573
0.814093 0.458064
0.684448 0.511711
0.830750 0.418492
0.881496 0.298859
0.615488 0.498654
0.837536 0.471710
0.193658 0.816399
0.587337 0.377782
0.269222 0.818682
0.185381 0.691275
0.256310 0.808341
0.598459 0.308702
0.582642 0.463499
0.287601 0.713252
0.906380 0.523417
0.019743 0.812339
0.602576 0.487999
0.223761 0.756595
0.610247 0.428098
0.591212 0.495812
0.684987 0.577864
0.890244 0.323138
0.908810 0.366616
0.246486 0.698199
0.914466 0.423670
0.620189 0.524815
0.228573 0.628402
0.602385 0.289511
0.895193 0.509390
0.917850 0.298631
0.186214 0.703082
0.247143 0.724606
0.184618 0.872606
0.880791 0.452013
0.112743 0.877159
0.560925 0.458972
0.189793 0.854654
0.175156 0.845940
0.709124 0.248917
0.786829 0.228323
0.588055 0.447350
0.831224 0.374184
0.186806 0.647909
0.714075 0.463376
0.843243 0.382088
0.642854 0.450861
0.156768 0.801933
0.793752 0.583331
0.737267 0.241492
0.213701 0.668865
0.714359 0.238752
0.238217 0.720609
0.823788 0.405310
0.772607 0.204307
0.137792 0.877081
0.828596 0.219194
0.884960 0.528423
0.149452 0.842370
0.132669 0.765011
0.129745 0.624279
0.677307 0.502189
0.746368 0.203441
0.242384 0.747471
0.283139 0.717679
0.044314 0.786428
0.137073 0.779032
0.941894 0.406798
0.798741 0.443527
0.158251 0.718941
0.126532 0.615037
0.829856 0.385524
0.121596 0.661565
0.582818 0.413876
0.007539 0.703776
0.751979 0.512756
0.577050 0.481639
0.179496 0.789047
0.194365 0.687554
0.712773 0.569702
0.765052 0.228642
0.791134 0.589908
0.065905 0.658536
0.911903 0.355731
0.774296 0.595964
0.810230 0.539630
0.608764 0.500869
0.247564 0.812737
0.708013 0.568736
0.742160 0.490442
0.599535 0.390902
0.817188 0.473327
0.848840 0.457363
0.792959 0.265519
0.578949 0.387602
0.843116 0.249590
0.867039 0.322800
0.224112 0.646650
0.247674 0.663549
0.086380 0.789463
0.176871 0.663829
0.629646 0.452164
0.198109 0.626072
0.765006 0.460821
0.637012 0.252373
0.578715 0.460604
0.104581 0.693913
0.603993 0.318738
0.186635 0.768799
0.843254 0.575384
0.187759 0.657952
0.191045 0.893657
0.166763 0.791874
0.711755 0.463349
0.259883 0.849788
0.886263 0.417964
0.908224 0.520957
0.240422 0.768943
0.576569 0.390386
0.225493 0.853862
0.797856 0.570537
0.022657 0.796590
0.840736 0.246967
