5000
0.049043 0.319956
0.680624 0.210974
0.885861 0.254219
0.897397 0.441450
0.733818 0.547411
0.141514 0.433576
0.296701 0.102268
0.162297 0.066988
0.053224 0.629688
0.886288 0.884793
0.906125 0.326334
0.508835 0.443953
0.254830 0.281381
0.399823 0.223090
0.980529 0.617389
0.676016 0.072329
0.226783 0.053041
0.246132 0.529557
0.919950 0.900082
0.553423 0.178900
0.945769 0.015656
0.293649 0.699179
0.156316 0.087466
0.914884 0.483688
0.383587 0.087008
0.600757 0.187017
0.547136 0.105594
0.026978 0.433058
0.322794 0.973724
0.797540 0.921171
0.743461 0.204260
0.016877 0.559771
0.791040 0.610736
0.831446 0.969329
0.137791 0.439955
0.947996 0.168371
0.810541 0.864193
0.690115 0.971831
0.486251 0.051393
0.969695 0.056673
0.720786 0.101230
0.897580 0.026917
0.589282 0.034852
0.418104 0.934996
0.882107 0.828089
0.753349 0.890866
0.531144 0.127049
0.262978 0.161901
0.812098 0.519517
0.827082 0.903470
0.311289 0.774010
0.035646 0.675985
0.855739 0.384869
0.980529 0.979919
0.116398 0.321787
0.303690 0.735252
0.294717 0.596515
0.200964 0.651509
0.132084 0.352306
0.539872 0.361858
0.982330 0.848445
0.296884 0.197333
0.099857 0.056825
0.263985 0.693014
0.900571 0.355937
0.569750 0.246651
0.586657 0.977447
0.993622 0.323557
0.633778 0.032899
0.656178 0.394055
0.647969 0.111942
0.250313 0.979064
0.918607 0.839595
0.007721 0.760216
0.081088 0.836177
0.559832 0.495865
0.645314 0.988006
0.096255 0.334574
0.513871 0.042695
0.601032 0.158544
0.116123 0.746849
0.662191 0.040315
0.000732 0.444411
0.572863 0.125095
0.207862 0.584155
0.551897 0.948363
0.591845 0.466811
0.012940 0.599231
0.145085 0.032533
0.089663 0.343944
0.096011 0.728324
0.540117 0.447798
0.093844 0.782250
0.135624 0.424696
0.194983 0.416456
0.320536 0.906125
0.745628 0.469314
0.979431 0.682363
0.822779 0.573321
0.628101 0.331065
0.248207 0.239418
0.623341 0.523545
0.793542 0.192389
0.507675 0.111576
0.894284 0.531999
0.854305 0.102329
0.449324 0.427442
0.058473 0.101444
0.767327 0.076296
0.037873 0.522446
0.321177 0.280404
0.300760 0.798181
0.320353 0.745415
0.891476 0.501724
0.089511 0.878567
0.828272 0.300485
0.290414 0.209784
0.957518 0.176733
0.692068 0.446883
0.320597 0.663228
0.108829 0.757256
0.139073 0.664144
0.621662 0.017731
0.865169 0.014557
0.726341 0.971740
0.776971 0.459243
0.504776 0.474563
0.819605 0.481582
0.523026 0.460524
0.530412 0.970153
0.313761 0.961943
0.919126 0.100742
0.050020 0.312845
0.912778 0.287423
0.122074 0.796350
0.576250 0.316355
0.893033 0.162175
0.225593 0.770013
0.822413 0.017945
0.645253 0.019837
0.690725 0.125645
0.483688 0.905057
0.202918 0.978515
0.079012 0.690451
0.032838 0.228980
0.210211 0.338481
0.895413 0.426374
0.757225 0.872311
0.381878 0.866390
0.140172 0.335612
0.602466 0.031068
0.192236 0.464766
0.587542 0.272897
0.155950 0.411145
0.840938 0.192480
0.341014 0.328318
0.440321 0.264809
0.663045 0.294198
0.100345 0.551225
0.185888 0.034333
0.588641 0.056001
0.913022 0.633198
0.837306 0.017182
0.153356 0.249092
0.184637 0.771935
0.142277 0.192755
0.949736 0.456435
0.074068 0.666768
0.475387 0.019440
0.787530 0.852199
0.342112 0.949065
0.012665 0.324351
0.914365 0.970977
0.271187 0.174535
0.848964 0.625019
0.611133 0.075472
0.503861 0.226661
0.118015 0.514054
0.867061 0.430525
0.635884 0.542833
0.121616 0.380444
0.384564 0.966185
0.627735 0.181280
0.133824 0.252327
0.020661 0.687429
0.242164 0.002106
0.681661 0.569109
0.216010 0.585406
0.045595 0.053255
0.257118 0.316355
0.851833 0.356975
0.783563 0.610614
0.509873 0.068850
0.927580 0.326121
0.878414 0.989044
0.749229 0.137181
0.979064 0.326212
0.361980 0.799921
0.019837 0.750389
0.912687 0.289560
0.291696 0.214301
0.176458 0.048830
0.809046 0.935087
0.221503 0.215644
0.878506 0.019196
0.735954 0.438246
0.466781 0.396344
0.221595 0.761101
0.966277 0.070864
0.497635 0.942747
0.145299 0.103153
0.495224 0.134892
0.429884 0.417768
0.790277 0.300638
0.841182 0.969756
0.483230 0.057131
0.056124 0.204840
0.897305 0.177313
0.446455 0.267830
0.547685 0.085025
0.015473 0.076662
0.395734 0.250526
0.072298 0.455367
0.904263 0.915159
0.854122 0.489029
0.628925 0.375591
0.235603 0.058107
0.774987 0.394848
0.752800 0.939909
0.355022 0.402417
0.215308 0.910978
0.922483 0.588305
0.002960 0.482864
0.582873 0.975463
0.434614 0.313822
0.903653 0.959288
0.295114 0.345470
0.822871 0.598560
0.868252 0.108066
0.223670 0.925779
0.977630 0.578997
0.049745 0.823847
0.408795 0.033509
0.217505 0.400678
0.001038 0.852535
0.913602 0.031831
0.828730 0.314798
0.990204 0.971862
0.658712 0.397290
0.199499 0.992340
0.755272 0.323130
0.867214 0.090793
0.705985 0.080233
0.565081 0.986358
0.499039 0.920042
0.414136 0.257698
0.457900 0.039369
0.125126 0.747765
0.628437 0.076388
0.956053 0.665517
0.934935 0.104465
0.648183 0.402570
0.855495 0.230903
0.755119 0.171880
0.770074 0.250191
0.958617 0.104862
0.251991 0.317972
0.302622 0.187292
0.358776 0.843867
0.490310 0.248054
0.159246 0.930509
0.427961 0.024995
0.896603 0.000244
0.914426 0.855312
0.969817 0.282571
0.990844 0.040834
0.289682 0.063387
0.228248 0.704520
0.275307 0.637837
0.604450 0.205573
0.446913 0.936216
0.999176 0.963530
0.874020 0.442366
0.206305 0.901395
0.173345 0.832240
0.758721 0.531083
0.481063 0.145787
0.159734 0.936827
0.119114 0.620960
0.701285 0.006928
0.037324 0.841762
0.028474 0.308512
0.527329 0.455428
0.133732 0.562120
0.833918 0.007263
0.041780 0.211463
0.571825 0.315744
0.809534 0.049409
0.972350 0.357372
0.996185 0.431990
0.366375 0.442610
0.260598 0.111423
0.810114 0.964080
0.241920 0.219855
0.259316 0.498154
0.379345 0.434278
0.198981 0.541581
0.827784 0.854793
0.134129 0.663747
0.125584 0.626606
0.848292 0.356517
0.835536 0.362529
0.795038 0.314890
0.107730 0.362926
0.123417 0.481979
0.331370 0.972350
0.088748 0.300668
0.202429 0.192724
0.040254 0.268380
0.093509 0.124363
0.909085 0.235267
0.779748 0.385266
0.927458 0.497635
0.878262 0.919401
0.377361 0.368145
0.962828 0.588946
0.281411 0.869930
0.471419 0.971465
0.687002 0.093570
0.029969 0.954833
0.870144 0.878567
0.619190 0.513169
0.742790 0.041505
0.515946 0.480392
0.202094 0.561937
0.848689 0.033662
0.785119 0.101871
0.646046 0.537370
0.769860 0.418928
0.734458 0.592883
0.067568 0.953307
0.375164 0.360271
0.689261 0.239570
0.885067 0.542772
0.500412 0.244911
0.430036 0.305795
0.824030 0.015961
0.150792 0.262215
0.958403 0.962615
0.835170 0.916990
0.008026 0.920225
0.543046 0.350017
0.142216 0.907010
0.346324 0.854122
0.486099 0.907590
0.860286 0.928526
0.141850 0.695364
0.602008 0.277779
0.271737 0.100406
0.059328 0.718192
0.022858 0.100650
0.885311 0.996490
0.210700 0.596149
0.841212 0.944212
0.102206 0.409558
0.705710 0.130894
0.509659 0.124821
0.528825 0.458357
0.624348 0.027772
0.317850 0.832606
0.974761 0.465316
0.814386 0.089602
0.245705 0.584857
0.969573 0.290780
0.139653 0.014161
0.050539 0.691610
0.217170 0.137822
0.543596 0.141758
0.843989 0.199683
0.250191 0.503250
0.435621 0.036073
0.125523 0.434156
0.528855 0.428724
0.940367 0.982177
0.995239 0.434645
0.498459 0.207099
0.741752 0.573534
0.018738 0.618793
0.239570 0.930509
0.250099 0.457350
0.807703 0.929868
0.275704 0.905393
0.101932 0.493210
0.163030 0.762841
0.215217 0.364055
0.115909 0.616108
0.295114 0.879177
0.284646 0.032350
0.085788 0.968810
0.299478 0.666616
0.224616 0.910520
0.476455 0.915860
0.159215 0.275216
0.296396 0.902127
0.246742 0.719382
0.006531 0.692129
0.126102 0.300729
0.000885 0.766961
0.124760 0.830348
0.573687 0.349010
0.424543 0.160955
0.840266 0.929350
0.816706 0.077425
0.080508 0.433546
0.493301 0.240028
0.791864 0.373089
0.615284 0.075198
0.702475 0.334300
0.794061 0.161046
0.885311 0.544816
0.645222 0.880062
0.748650 0.380108
0.404431 0.184057
0.018281 0.587146
0.417737 0.192938
0.931242 0.430555
0.572649 0.378002
0.311502 0.828944
0.722739 0.003571
0.873348 0.829707
0.655843 0.415571
0.950591 0.816523
0.565264 0.501511
0.978820 0.688131
0.638112 0.550005
0.041932 0.843745
0.224067 0.369976
0.639332 0.506485
0.990204 0.451094
0.329966 0.415906
0.968352 0.446120
0.409833 0.420820
0.278787 0.003845
0.795831 0.506211
0.653005 0.268929
0.081759 0.672384
0.296152 0.675710
0.308695 0.281777
0.685232 0.189825
0.981903 0.835963
0.639241 0.464522
0.788720 0.400006
0.362896 0.938871
0.752068 0.384136
0.688467 0.427107
0.996094 0.215125
0.238899 0.447615
0.205267 0.291574
0.155858 0.482009
0.964354 0.608966
0.987548 0.933531
0.293222 0.792566
0.545122 0.078219
0.979125 0.658071
0.329295 0.132206
0.950987 0.280526
0.029603 0.783319
0.376293 0.964476
0.654988 0.887600
0.508042 0.078097
0.835963 0.624073
0.666494 0.880917
0.026612 0.280831
0.769768 0.071139
0.793603 0.453017
0.374798 0.268380
0.034120 0.627247
0.987030 0.560259
0.173345 0.964049
0.316691 0.740287
0.067537 0.567003
0.802545 0.944670
0.321177 0.235481
0.173437 0.093539
0.209784 0.203436
0.778893 0.132908
0.081118 0.951201
0.459975 0.287240
0.113346 0.105258
0.036561 0.067965
0.358531 0.250191
0.032807 0.569414
0.034303 0.731437
0.916776 0.373974
0.932920 0.053774
0.029939 0.389355
0.034852 0.664846
0.362194 0.148442
0.734275 0.904202
0.828730 0.603320
0.581652 0.400128
0.205329 0.944731
0.533982 0.378796
0.063021 0.088046
0.078097 0.517655
0.654866 0.320566
0.257179 0.649464
0.098270 0.136723
0.247078 0.730674
0.860866 0.152898
0.777398 0.084811
0.059877 0.481185
0.941221 0.580187
0.092837 0.386670
0.147984 0.021149
0.173833 0.168371
0.019807 0.881588
0.783959 0.906461
0.718162 0.339457
0.020142 0.562487
0.027558 0.320536
0.983917 0.046175
0.164495 0.006775
0.049989 0.225318
0.239021 0.715018
0.827143 0.096500
0.292947 0.724540
0.763115 0.959563
0.997833 0.808496
0.675619 0.449629
0.253853 0.657826
0.098331 0.799615
0.187201 0.370159
0.076693 0.957671
0.786523 0.947569
0.361126 0.230598
0.757103 0.130955
0.371899 0.975005
0.228889 0.659169
0.186041 0.647969
0.147557 0.453291
0.241188 0.906125
0.893338 0.282205
0.674886 0.486465
0.474013 0.207373
0.229591 0.835505
0.482315 0.202521
0.397229 0.234748
0.000793 0.575091
0.216895 0.798456
0.229682 0.818049
0.677694 0.911740
0.209632 0.499069
0.031861 0.878109
0.847682 0.276498
0.198370 0.162542
0.515702 0.914121
0.260750 0.348521
0.941893 0.372509
0.606342 0.354625
0.179937 0.735221
0.159459 0.028260
0.670583 0.196081
0.166112 0.405042
0.229865 0.606159
0.077761 0.726249
0.887753 0.601672
0.384869 0.929685
0.937620 0.369152
0.061373 0.464858
0.991272 0.170019
0.955016 0.350597
0.269265 0.625904
0.430342 0.256966
0.968963 0.022431
0.498123 0.048860
0.304697 0.789178
0.151616 0.401318
0.787011 0.287576
0.126957 0.143437
0.315836 0.156163
0.993774 0.611957
0.244789 0.742943
0.071963 0.657521
0.914396 0.973266
0.421491 0.111209
0.976653 0.127049
0.284829 0.936949
0.246376 0.094607
0.999145 0.101444
0.356151 0.379192
0.031953 0.157476
0.280984 0.655934
0.057802 0.482559
0.185736 0.038179
0.119785 0.117801
0.461043 0.481613
0.250893 0.590350
0.709525 0.200751
0.897122 0.648762
0.318461 0.695120
0.428907 0.073458
0.896756 0.176366
0.300790 0.618946
0.345683 0.355968
0.551836 0.389111
0.777306 0.289926
0.457076 0.371227
0.289926 0.327036
0.005371 0.593158
0.792199 0.457533
0.712973 0.140996
0.927641 0.894253
0.899167 0.017212
0.223121 0.549486
0.364757 0.156468
0.706839 0.864834
0.707419 0.498947
0.859371 0.994446
0.176000 0.663472
0.226936 0.591266
0.437147 0.273965
0.567370 0.993805
0.139988 0.889126
0.185553 0.844203
0.186651 0.816889
0.113437 0.595264
0.490036 0.420057
0.742271 0.301279
0.643635 0.331339
0.305185 0.229225
0.550707 0.914426
0.512284 0.131657
0.094485 0.062929
0.127323 0.903287
0.925138 0.288583
0.925687 0.198614
0.227180 0.899655
0.206885 0.013825
0.798914 0.149693
0.508225 0.113529
0.014222 0.384320
0.891232 0.518509
0.694113 0.990722
0.143895 0.515641
0.797876 0.231361
0.464217 0.332987
0.022370 0.574236
0.036592 0.861721
0.552019 0.077578
0.931669 0.916410
0.303110 0.674245
0.836665 0.933988
0.688498 0.296793
0.322459 0.794885
0.162053 0.320566
0.022217 0.068667
0.925718 0.513627
0.924009 0.635151
0.884945 0.239326
0.604602 0.504135
0.477248 0.069643
0.676565 0.445173
0.646260 0.197485
0.732688 0.435194
0.797571 0.589434
0.211158 0.951140
0.624165 0.300851
0.559984 0.285501
0.988250 0.577532
0.210944 0.125858
0.985504 0.623524
0.993896 0.911924
0.923521 0.532487
0.451582 0.924406
0.910764 0.951689
0.011628 0.952116
0.191259 0.557329
0.913175 0.869839
0.268685 0.741569
0.429090 0.254463
0.171789 0.297678
0.612079 0.115787
0.195013 0.892575
0.518265 0.322581
0.707846 0.227058
0.934843 0.643757
0.635212 0.961730
0.252144 0.350383
0.359935 0.429060
0.242836 0.811914
0.837336 0.358440
0.251869 0.747581
0.593402 0.974517
0.823023 0.559404
0.232582 0.882015
0.993316 0.246895
0.005524 0.068484
0.454176 0.213507
0.765923 0.378796
0.946104 0.877438
0.130619 0.889157
0.231941 0.865200
0.071871 0.030457
0.224982 0.512009
0.294473 0.750481
0.270791 0.649861
0.377697 0.043825
0.661794 0.962310
0.087588 0.661824
0.146580 0.431837
0.808374 0.407300
0.229041 0.131169
0.389660 0.066805
0.136021 0.750847
0.565538 0.264809
0.875149 0.004975
0.641438 0.325388
0.691488 0.971740
0.598621 0.005951
0.347087 0.852474
0.483383 0.928343
0.900845 0.076327
0.725333 0.388195
0.661367 0.282571
0.918699 0.545915
0.743706 0.148198
0.174261 0.650197
0.241371 0.867611
0.919950 0.078829
0.827723 0.884274
0.950591 0.540635
0.795404 0.849330
0.945921 0.135685
0.947111 0.573168
0.984497 0.357219
0.890774 0.057070
0.590777 0.391156
0.656026 0.155705
0.700644 0.077883
0.977905 0.479019
0.983154 0.115665
0.280892 0.104007
0.156346 0.500107
0.268777 0.156377
0.632862 0.124882
0.642445 0.939817
0.306619 0.819636
0.769890 0.962462
0.221107 0.537034
0.010254 0.737358
0.748070 0.023652
0.288400 0.867550
0.566424 0.992492
0.151463 0.846767
0.292550 0.715262
0.185980 0.224464
0.675436 0.927885
0.279427 0.165624
0.016572 0.133885
0.675222 0.160131
0.512772 0.129917
0.709525 0.109958
0.320688 0.287820
0.972015 0.284768
0.772912 0.411328
0.540605 0.460097
0.956969 0.668630
0.250954 0.736778
0.179998 0.011139
0.946898 0.617237
0.165136 0.184240
0.217811 0.906522
0.786096 0.868557
0.283395 0.075076
0.022370 0.419904
0.268777 0.332286
0.519639 0.393933
0.252724 0.359539
0.104221 0.830683
0.184454 0.409497
0.570330 0.130406
0.171484 0.836818
0.117344 0.019990
0.857936 0.870052
0.265450 0.256020
0.123478 0.112125
0.988311 0.043947
0.693136 0.191046
0.179022 0.816340
0.461531 0.272134
0.849178 0.848750
0.886105 0.481643
0.178472 0.566027
0.597064 0.142949
0.600665 0.414319
0.643117 0.107212
0.898740 0.559740
0.528397 0.165441
0.931547 0.183050
0.534379 0.396558
0.859981 0.424848
0.049837 0.160802
0.872585 0.614185
0.342540 0.074740
0.295724 0.371715
0.451735 0.213141
0.648640 0.510514
0.937040 0.569628
0.589221 0.316965
0.658620 0.906095
0.304910 0.309244
0.320109 0.836634
0.277963 0.566698
0.605976 0.040742
0.771264 0.896756
0.805261 0.017243
0.691305 0.871364
0.984375 0.263527
0.018555 0.440168
0.222053 0.915647
0.679617 0.466201
0.699637 0.218879
0.203864 0.227027
0.627094 0.474258
0.892544 0.531144
0.116153 0.815180
0.986541 0.276101
0.669637 0.182348
0.919462 0.866085
0.877132 0.196875
0.961699 0.646962
0.142277 0.063753
0.236244 0.610614
0.204169 0.597217
0.701987 0.050783
0.952574 0.402112
0.090396 0.910428
0.392926 0.963530
0.058412 0.150121
0.856685 0.959532
0.980956 0.434217
0.249336 0.568804
0.958251 0.585955
0.296701 0.936918
0.536241 0.166295
0.537858 0.149907
0.107242 0.764367
0.976867 0.975097
0.012085 0.489029
0.744987 0.064791
0.898495 0.349376
0.801233 0.294290
0.174535 0.150273
0.788903 0.428999
0.580767 0.190069
0.825892 0.054262
0.881100 0.606189
0.089236 0.340434
0.959746 0.060884
0.147282 0.417158
0.424116 0.242225
0.905332 0.160894
0.368175 0.198889
0.725394 0.460402
0.700125 0.982177
0.626240 0.242500
0.190924 0.125248
0.969359 0.038423
0.899747 0.992431
0.537736 0.372692
0.132389 0.527757
0.589648 0.436201
0.860866 0.327158
0.919706 0.852290
0.113010 0.439894
0.778130 0.368755
0.594806 0.981048
0.954863 0.159001
0.100803 0.318949
0.858333 0.950072
0.132298 0.283059
0.028779 0.825922
0.601154 0.298685
0.843471 0.413556
0.239906 0.201361
0.344493 0.285195
0.140996 0.880764
0.278420 0.207038
0.639607 0.436018
0.016083 0.113590
0.819208 0.871029
0.996765 0.693442
0.129337 0.501022
0.075869 0.597522
0.846370 0.501694
0.300272 0.200232
0.949370 0.052705
0.622272 0.879330
0.485824 0.384442
0.480880 0.474349
0.166692 0.008332
0.045412 0.757073
0.690451 0.419233
0.944426 0.839167
0.429151 0.281289
0.023865 0.902585
0.436964 0.353282
0.077822 0.537797
0.041505 0.304758
0.415906 0.207373
0.475509 0.192083
0.354778 0.349712
0.253517 0.996979
0.220985 0.502060
0.093570 0.936247
0.292398 0.864010
0.851375 0.415143
0.749107 0.362407
0.104160 0.351939
0.034700 0.672689
0.134983 0.277444
0.661336 0.212256
0.970672 0.588458
0.980468 0.380230
0.017396 0.404431
0.423414 0.099246
0.554521 0.196905
0.663045 0.151006
0.658956 0.004639
0.015259 0.245949
0.048982 0.806543
0.578295 0.996521
0.699362 0.251198
0.817652 0.275979
0.072878 0.490432
0.228675 0.737388
0.226936 0.548967
0.664480 0.369671
0.709861 0.989532
0.692160 0.263100
0.118717 0.439833
0.532731 0.424574
0.719474 0.977874
0.110782 0.475417
0.127720 0.322306
0.842097 0.002869
0.557268 0.470748
0.920438 0.230476
0.950438 0.671743
0.117649 0.575091
0.266823 0.194433
0.318705 0.977874
0.144230 0.994446
0.839045 0.307230
0.886624 0.371807
0.220222 0.340556
0.749809 0.410047
0.669210 0.960692
0.013794 0.169012
0.967925 0.652272
0.232582 0.461867
0.968352 0.084964
0.602557 0.009491
0.539842 0.395276
0.210395 0.207862
0.326884 0.064913
0.856716 0.260598
0.854946 0.438337
0.222999 0.760155
0.251411 0.492569
0.055361 0.714713
0.573748 0.344493
0.911863 0.300851
0.170873 0.019501
0.887997 0.167882
0.633351 0.186102
0.854183 0.487564
0.324656 0.151830
0.503952 0.899289
0.000519 0.408795
0.163549 0.666524
0.541612 0.013764
0.056276 0.797357
0.797388 0.036683
0.824091 0.363384
0.288522 0.641224
0.426893 0.354625
0.769524 0.273904
0.983764 0.274514
0.373272 0.967925
0.201514 0.420637
0.672231 0.451765
0.226569 0.912839
0.268990 0.115513
0.851711 0.252846
0.191626 0.359020
0.387646 0.943510
0.149083 0.017701
0.140629 0.530351
0.751518 0.420484
0.405774 0.004089
0.454237 0.145177
0.117832 0.055055
0.202704 0.807154
0.798334 0.586657
0.985687 0.035066
0.031831 0.453597
0.910642 0.997253
0.990783 0.870785
0.446455 0.256905
0.160161 0.867916
0.727927 0.990661
0.988098 0.236854
0.331553 0.242714
0.268715 0.376476
0.602771 0.454360
0.270699 0.321085
0.333323 0.321757
0.235481 0.493362
0.314005 0.795221
0.745079 0.417127
0.539720 0.063723
0.181494 0.137883
0.711936 0.269143
0.432905 0.915189
0.607715 0.432020
0.794092 0.081301
0.964110 0.988006
0.682333 0.453047
0.624195 0.027345
0.961425 0.619984
0.703116 0.968871
0.628498 0.500961
0.162816 0.338908
0.827052 0.309122
0.827723 0.959288
0.421033 0.262703
0.167608 0.330668
0.205573 0.995880
0.259529 0.791864
0.991180 0.992218
0.728935 0.189306
0.925626 0.487899
0.839747 0.577960
0.753075 0.245308
0.654775 0.450880
0.347209 0.084536
0.503739 0.929624
0.400403 0.996094
0.924650 0.272988
0.867397 0.921995
0.685934 0.129643
0.449141 0.237526
0.035524 0.440443
0.463240 0.279336
0.886135 0.275185
0.856166 0.239296
0.099979 0.822810
0.233436 0.283486
0.496658 0.322977
0.696707 0.899594
0.171941 0.652821
0.993377 0.090548
0.537767 0.194189
0.087680 0.748009
0.663717 0.197058
0.322520 0.155858
0.368053 0.070925
0.015931 0.304575
0.713614 0.223731
0.295663 0.330882
0.798120 0.200720
0.054353 0.509659
0.260353 0.728233
0.250313 0.970489
0.449568 0.106815
0.274850 0.803980
0.259194 0.839473
0.168340 0.542375
0.869076 0.288308
0.095798 0.188025
0.735923 0.012757
0.738578 0.438307
0.568529 0.406995
0.951781 0.394330
0.018921 0.192236
0.853847 0.913877
0.866329 0.617512
0.913114 0.018891
0.303323 0.405713
0.447920 0.124393
0.632405 0.155736
0.964537 0.338755
0.836177 0.505661
0.995239 0.113926
0.250954 0.094333
0.099002 0.085574
0.809259 0.032899
0.969756 0.988952
0.040773 0.048524
0.753563 0.566759
0.271950 0.817438
0.386120 0.411878
0.597461 0.376812
0.156835 0.583117
0.143406 0.030763
0.907407 0.430342
0.736839 0.522202
0.152379 0.935240
0.169561 0.408795
0.291452 0.060854
0.734733 0.086459
0.915586 0.888119
0.047029 0.187201
0.343760 0.076662
0.818995 0.577166
0.620685 0.314920
0.949828 0.221107
0.847407 0.250069
0.991241 0.168523
0.789239 0.882962
0.993805 0.207434
0.261299 0.514786
0.361888 0.993652
0.820185 0.319376
0.953124 0.954192
0.855007 0.108005
0.980224 0.477279
0.122959 0.841029
0.023804 0.057772
0.541917 0.503952
0.802301 0.841609
0.957183 0.300089
0.246620 0.462966
0.189215 0.423811
0.283425 0.197363
0.927946 0.967009
0.002716 0.756310
0.510300 0.480850
0.546953 0.150822
0.240822 0.292642
0.758080 0.979369
0.981841 0.553117
0.870266 0.024598
0.148045 0.806604
0.878658 0.616810
0.747826 0.192663
0.221015 0.917783
0.370434 0.219123
0.046480 0.963103
0.960265 0.399274
0.276589 0.103854
0.616871 0.475661
0.059084 0.270363
0.928953 0.044252
0.020478 0.839381
0.223762 0.386212
0.802667 0.607074
0.237159 0.102939
0.078738 0.408216
0.220985 0.163610
0.338725 0.866543
0.219916 0.408551
0.092776 0.496292
0.797540 0.217322
0.025727 0.534227
0.355754 0.978729
0.962004 0.611377
0.430586 0.345408
0.239631 0.191321
0.282205 0.124302
0.895932 0.260964
0.905118 0.918455
0.050386 0.610706
0.144810 0.146764
0.079440 0.711570
0.288156 0.349895
0.658620 0.144688
0.267769 0.200903
0.855129 0.949309
0.744041 0.885372
0.112705 0.292520
0.219642 0.381695
0.535569 0.243233
0.377209 0.930143
0.064241 0.423444
0.140629 0.866115
0.774865 0.144200
0.196142 0.720054
0.130222 0.391125
0.323008 0.316691
0.668172 0.014161
0.081149 0.146764
0.905454 0.996796
0.419172 0.167730
0.059999 0.914029
0.424909 0.176916
0.056612 0.541032
0.625019 0.538377
0.739341 0.544237
0.573901 0.479324
0.296793 0.192053
0.116977 0.048585
0.018860 0.659810
0.040254 0.613453
0.376751 0.258919
0.734214 0.528520
0.228797 0.147343
0.026124 0.907926
0.944090 0.583666
0.543291 0.161504
0.918607 0.003204
0.608905 0.931394
0.959960 0.381542
0.017396 0.923032
0.721061 0.418744
0.410382 0.004486
0.480178 0.069704
0.141789 0.176366
0.501236 0.197455
0.726859 0.893551
0.802179 0.330149
0.044710 0.325297
0.751213 0.548997
0.793725 0.051088
0.087008 0.706931
0.708579 0.486404
0.204413 0.196203
0.382366 0.041902
0.522019 0.328959
0.904050 0.186834
0.827754 0.397504
0.885708 0.569140
0.396985 0.446486
0.696371 0.259133
0.611499 0.998108
0.309549 0.054659
0.001129 0.455794
0.191565 0.239082
0.169225 0.148656
0.956938 0.825312
0.123447 0.237739
0.490707 0.131260
0.950316 0.954253
0.009980 0.787805
0.162145 0.206397
0.163396 0.878231
0.911527 0.973113
0.719443 0.940641
0.635426 0.392560
0.082156 0.805536
0.638173 0.896298
0.631825 0.184057
0.884976 0.306467
0.177984 0.529710
0.952239 0.622211
0.187872 0.099490
0.032502 0.248756
0.567400 0.477187
0.826228 0.372906
0.034516 0.612842
0.283639 0.268349
0.179937 0.777093
0.702292 0.139683
0.599902 0.167089
0.613758 0.397473
0.095126 0.140446
0.235481 0.819483
0.274331 0.347240
0.141850 0.241005
0.425611 0.132145
0.106326 0.001373
0.092044 0.562548
0.214331 0.697562
0.246345 0.379254
0.150975 0.985351
0.548051 0.349559
0.302103 0.345439
0.096011 0.951994
0.312387 0.192022
0.933775 0.277047
0.910550 0.413923
0.010010 0.449477
0.308786 0.115207
0.290292 0.239296
0.996673 0.967284
0.653981 0.387707
0.536973 0.341899
0.280007 0.759270
0.809137 0.958007
0.832392 0.097232
0.585223 0.933378
0.973785 0.534898
0.493362 0.125614
0.906552 0.428541
0.074435 0.582598
0.734550 0.389142
0.517930 0.298685
0.988708 0.677114
0.045045 0.918546
0.035493 0.964080
0.364757 0.028901
0.145695 0.853664
0.555040 0.322428
0.864071 0.832148
0.275521 0.023225
0.684530 0.072726
0.035707 0.532975
0.075503 0.266243
0.974700 0.300027
0.594501 0.531938
0.860103 0.145116
0.908902 0.979308
0.006806 0.701132
0.028871 0.926359
0.882473 0.312998
0.448225 0.988159
0.353404 0.337107
0.148350 0.666402
0.173193 0.743034
0.655385 0.129978
0.651540 0.230903
0.620838 0.886624
0.823237 0.189978
0.924558 0.622120
0.108402 0.564257
0.997040 0.164586
0.164098 0.459365
0.791253 0.345134
0.927061 0.274483
0.981414 0.026399
0.653493 0.208136
0.569964 0.906461
0.559313 0.129124
0.480270 0.389111
0.843837 0.232521
0.979034 0.466414
0.448805 0.233894
0.984130 0.010163
0.822230 0.054628
0.833583 0.122318
0.716941 0.038362
0.267922 0.650288
0.280343 0.846492
0.310923 0.076998
0.856655 0.115665
0.550218 0.095584
0.960784 0.216163
0.206763 0.116947
0.817316 0.204199
0.737175 0.084140
0.625080 0.498398
0.165166 0.479965
0.377880 0.977569
0.111759 0.697928
0.107212 0.473312
0.801660 0.411298
0.674764 0.477676
0.177282 0.588855
0.816523 0.265542
0.994079 0.567888
0.625538 0.497787
0.098331 0.085421
0.935179 0.921323
0.952177 0.606128
0.761437 0.373089
0.517869 0.007080
0.680502 0.002136
0.216285 0.922727
0.598132 0.163701
0.263344 0.360118
0.028809 0.207617
0.430372 0.042848
0.188910 0.823115
0.134556 0.764733
0.060854 0.471480
0.265816 0.534318
0.084231 0.938139
0.629902 0.534715
0.597308 0.480209
0.913785 0.983062
0.315256 0.248878
0.803522 0.576495
0.093478 0.198279
0.926023 0.088595
0.646962 0.082980
0.192907 0.854793
0.657582 0.094424
0.116672 0.945494
0.590258 0.308969
0.554582 0.029786
0.215613 0.581164
0.943541 0.295389
0.975005 0.073977
0.834010 0.472243
0.034486 0.721030
0.628895 0.240761
0.185308 0.151341
0.245491 0.108493
0.424574 0.920743
0.120182 0.895138
0.639424 0.132420
0.176275 0.873836
0.087771 0.556413
0.670186 0.874874
0.808008 0.311869
0.555834 0.060793
0.825190 0.224891
0.854884 0.254341
0.357250 0.136113
0.061586 0.424360
0.642750 0.395093
0.432478 0.385846
0.983154 0.357524
0.619648 0.524735
0.693838 0.157872
0.478103 0.001068
0.369182 0.016755
0.930998 0.171545
0.619129 0.959532
0.816462 0.329539
0.883786 0.404889
0.396954 0.933683
0.584826 0.374371
0.156316 0.995025
0.903043 0.975066
0.394543 0.041444
0.142186 0.621815
0.075381 0.993835
0.031312 0.149266
0.777398 0.427229
0.935362 0.357707
0.790887 0.269112
0.366039 0.386151
0.175817 0.408521
0.949705 0.975249
0.351451 0.164525
0.993286 0.219977
0.197851 0.752403
0.030122 0.372234
0.181646 0.313547
0.397931 0.348704
0.452437 0.069399
0.544847 0.306894
0.453230 0.224097
0.259835 0.673452
0.672445 0.049287
0.017426 0.656087
0.092868 0.278603
0.070437 0.635701
0.654378 0.345042
0.862484 0.553240
0.218207 0.112522
0.189764 0.632954
0.898648 0.999115
0.455733 0.959624
0.882839 0.140294
0.791894 0.548875
0.690909 0.880886
0.397931 0.280740
0.745994 0.262612
0.726249 0.444716
0.185156 0.017914
0.632099 0.127659
0.100711 0.879940
0.714408 0.393414
0.212958 0.473128
0.170415 0.242286
0.243782 0.962462
0.013611 0.609119
0.963744 0.812220
0.023499 0.138371
0.990417 0.015687
0.181616 0.500992
0.964019 0.193854
0.255837 0.094607
0.651082 0.977752
0.866482 0.523453
0.295450 0.113376
0.669393 0.237220
0.530717 0.045442
0.350597 0.947569
0.343791 0.155919
0.530839 0.030091
0.986114 0.279794
0.844630 0.518998
0.769890 0.554064
0.014283 0.425275
0.305857 0.387005
0.836116 0.067080
0.172094 0.364818
0.057863 0.281777
0.850826 0.471938
0.972961 0.829279
0.324381 0.720542
0.166356 0.589587
0.547105 0.965178
0.346019 0.824763
0.084658 0.927091
0.902097 0.864406
0.633503 0.904477
0.217505 0.818049
0.144963 0.035920
0.475845 0.133671
0.961852 0.935759
0.619678 0.488784
0.139592 0.536119
0.639210 0.302988
0.339274 0.807154
0.194433 0.596759
0.102390 0.474990
0.283029 0.163091
0.865688 0.463607
0.555254 0.078585
0.855373 0.488021
0.191046 0.309458
0.061953 0.284371
0.141209 0.648366
0.051759 0.515854
0.254311 0.685293
0.837703 0.391675
0.154576 0.715690
0.609516 0.317392
0.163610 0.800714
0.532090 0.284524
0.006012 0.197485
0.177740 0.205329
0.820643 0.571398
0.956542 0.107150
0.582263 0.340281
0.123112 0.283059
0.137272 0.981353
0.167577 0.589709
0.684225 0.043245
0.579669 0.441725
0.005554 0.672140
0.673818 0.937742
0.020356 0.605823
0.479659 0.076388
0.804712 0.044038
0.279153 0.911344
0.743217 0.468184
0.914274 0.364727
0.191504 0.043306
0.391461 0.436720
0.130894 0.760979
0.033418 0.090274
0.051912 0.492569
0.319742 0.075686
0.207282 0.758141
0.336558 0.204718
0.400678 0.078829
0.669637 0.441725
0.999573 0.297037
0.211829 0.385083
0.854732 0.065676
0.593249 0.270638
0.961608 0.320505
0.645192 0.876583
0.069399 0.560595
0.378857 0.880398
0.978790 0.997406
0.733116 0.346110
0.962065 0.502640
0.955382 0.154576
0.042573 0.948454
0.940733 0.076144
0.107913 0.873653
0.967437 0.090976
0.272713 0.268838
0.129398 0.308145
0.593860 0.141575
0.172124 0.894589
0.278451 0.992309
0.197302 0.213904
0.755028 0.401502
0.025269 0.846614
0.621601 0.257790
0.005402 0.508164
0.120060 0.353099
0.191595 0.997314
0.895108 0.143376
0.981964 0.027772
0.200781 0.433973
0.158391 0.736167
0.180761 0.519944
0.363781 0.106967
0.346324 0.231178
0.788842 0.607685
0.790460 0.479995
0.730430 0.423872
0.303690 0.400464
0.551531 0.324503
0.176092 0.062197
0.723319 0.355419
0.790399 0.100162
0.048006 0.822443
0.396710 0.226997
0.839991 0.899991
0.891690 0.295602
0.764763 0.360881
0.922544 0.604938
0.919401 0.363201
0.035463 0.350719
0.879025 0.961486
0.943999 0.110996
0.051576 0.272408
0.358623 0.239662
0.309885 0.357036
0.748375 0.557756
0.934690 0.622394
0.902188 0.139103
0.144230 0.072115
0.711386 0.055757
0.143803 0.293039
0.774590 0.533830
0.169500 0.447554
0.782403 0.598498
0.205359 0.167974
0.584185 0.961913
0.834193 0.048311
0.871334 0.630543
0.294748 0.097232
0.942442 0.234474
0.619221 0.951231
0.189245 0.194494
0.256722 0.628590
0.089633 0.105716
0.954161 0.437147
0.248665 0.496994
0.810389 0.874264
0.632862 0.119144
0.035524 0.675802
0.541307 0.222114
0.939024 0.236396
0.321940 0.666768
0.723930 0.089663
0.444624 0.331187
0.903928 0.527024
0.625355 0.036348
0.358531 0.206427
0.913083 0.241676
0.681021 0.993194
0.948729 0.557909
0.909146 0.400922
0.311655 0.123630
0.694388 0.904904
0.840693 0.553636
0.687185 0.468734
0.078951 0.379254
0.121189 0.763543
0.611164 0.911954
0.303201 0.663747
0.030335 0.366649
0.963439 0.910428
0.694815 0.453291
0.379559 0.885586
0.342723 0.057009
0.123051 0.399213
0.344707 0.095920
0.776971 0.004913
0.969726 0.460891
0.962951 0.852565
0.480026 0.962065
0.162267 0.903623
0.311197 0.720359
0.217658 0.842891
0.789300 0.561480
0.778985 0.307566
0.319651 0.086825
0.083499 0.573412
0.040376 0.200018
0.427564 0.960997
0.206366 0.952330
0.339274 0.394421
0.194769 0.132908
0.657369 0.535844
0.640126 0.322398
0.147221 0.987121
0.236763 0.542619
0.872188 0.407422
0.934385 0.341533
0.497299 0.374279
0.038514 0.233100
0.065188 0.379437
0.330821 0.317148
0.767998 0.892636
0.467544 0.255226
0.866237 0.398633
0.729942 0.578936
0.117985 0.898404
0.042390 0.931608
0.740715 0.335826
0.280862 0.618610
0.148137 0.680868
0.970000 0.186468
0.548570 0.138157
0.710501 0.364147
0.899197 0.108951
0.994018 0.616199
0.605945 0.371868
0.288705 0.915250
0.294778 0.140141
0.626545 0.524339
0.181799 0.590106
0.919858 0.157781
0.448531 0.167669
0.921171 0.372692
0.047517 0.938078
0.011109 0.588794
0.872921 0.245949
0.120121 0.009461
0.830592 0.325297
0.191259 0.370525
0.518265 0.467208
0.597797 0.312326
0.234107 0.619648
0.469039 0.027406
0.158818 0.465560
0.580706 0.214728
0.618030 0.261147
0.965697 0.871670
0.830805 0.214576
0.902097 0.955412
0.051180 0.687582
0.434309 0.444502
0.507950 0.000000
0.083682 0.832301
0.049928 0.119510
0.904630 0.582812
0.902463 0.017273
0.441267 0.970580
0.452254 0.110324
0.924924 0.380932
0.351085 0.882443
0.093448 0.154149
0.063845 0.039338
0.559343 0.479781
0.317606 0.385113
0.804529 0.086184
0.904202 0.112980
0.042726 0.451827
0.529466 0.182134
0.666372 0.089419
0.085238 0.126499
0.945341 0.074557
0.189123 0.060640
0.134037 0.349437
0.001160 0.426496
0.801233 0.931211
0.275002 0.049654
0.785516 0.464492
0.070193 0.918424
0.098025 0.725761
0.215644 0.923582
0.495285 0.083956
0.735893 0.037385
0.682089 0.526841
0.853572 0.977447
0.732719 0.269204
0.203406 0.417676
0.280435 0.006867
0.888791 0.543260
0.727744 0.085726
0.712424 0.925016
0.961089 0.001892
0.157079 0.885464
0.538072 0.308695
0.586322 0.160375
0.191382 0.416334
0.554765 0.898556
0.655690 0.412336
0.731101 0.883236
0.978271 0.909513
0.354961 0.136357
0.432264 0.143376
0.156438 0.349498
0.816156 0.522080
0.736961 0.535386
0.988189 0.053743
0.180242 0.545427
0.650502 0.115543
0.273598 0.764946
0.529038 0.498428
0.376812 0.166631
0.749046 0.991577
0.128361 0.147771
0.231330 0.762017
0.706229 0.123814
0.043611 0.496292
0.812067 0.413404
0.754173 0.425825
0.443709 0.447249
0.948454 0.418195
0.291757 0.775079
0.799860 0.269143
0.348033 0.365093
0.983551 0.195013
0.791314 0.356639
0.958953 0.674703
0.207160 0.327708
0.040254 0.495956
0.401166 0.211921
0.551683 0.103732
0.202338 0.782434
0.494125 0.264351
0.953887 0.235847
0.785272 0.110691
0.234382 0.000244
0.069002 0.463759
0.526048 0.180975
0.446150 0.194739
0.115085 0.960509
0.789850 0.150060
0.190191 0.210852
0.715293 0.033570
0.063051 0.613819
0.992859 0.089480
0.615467 0.538530
0.920103 0.861660
0.662496 0.230598
0.572741 0.031373
0.826746 0.547411
0.703513 0.866512
0.227271 0.864650
0.486373 0.441053
0.353252 0.080508
0.629688 0.921690
0.022034 0.254219
0.985137 0.974334
0.568072 0.282113
0.369549 0.827357
0.876003 0.100131
0.667135 0.079653
0.077456 0.840083
0.117740 0.466659
0.738701 0.872219
0.405683 0.155004
0.902127 0.042238
0.877468 0.905393
0.163671 0.535386
0.722282 0.138585
0.176946 0.693991
0.078433 0.078707
0.235725 0.935423
0.892026 0.651509
0.595904 0.261605
0.765343 0.259011
0.741569 0.968993
0.063692 0.542009
0.039827 0.587451
0.803186 0.134495
0.042299 0.601459
0.613056 0.401166
0.397687 0.336711
0.200262 0.668844
0.282235 0.294290
0.472182 0.483474
0.973724 0.923826
0.936033 0.643330
0.795038 0.502884
0.438795 0.307596
0.921628 0.038911
0.976836 0.574450
0.205237 0.568743
0.838893 0.951170
0.528489 0.902799
0.332652 0.840052
0.697165 0.362590
0.032441 0.394940
0.158635 0.536882
0.040407 0.157476
0.909116 0.172826
0.239021 0.936583
0.250740 0.302286
0.022187 0.168035
0.526231 0.427412
0.208258 0.677755
0.135105 0.024567
0.319681 0.050996
0.877377 0.395306
0.176061 0.353008
0.195776 0.253090
0.398053 0.069369
0.808771 0.400433
0.486526 0.273293
0.392590 0.251625
0.556505 0.897702
0.901212 0.926206
0.894650 0.909330
0.438398 0.455153
0.232582 0.080874
0.503433 0.305704
0.272622 0.000122
0.184301 0.277200
0.325449 0.910276
0.335826 0.913266
0.936613 0.145970
0.540300 0.207556
0.967589 0.649190
0.533860 0.370800
0.265603 0.682333
0.930540 0.330882
0.274667 0.770074
0.519944 0.413251
0.251198 0.843318
0.270058 0.317637
0.880276 0.509598
0.870632 0.938475
0.088412 0.659536
0.138554 0.858303
0.615711 0.180944
0.197241 0.015534
0.210059 0.139348
0.491958 0.438093
0.812128 0.880337
0.121952 0.506943
0.176122 0.734825
0.744316 0.006256
0.923521 0.467727
0.935789 0.314768
0.071993 0.886715
0.376324 0.027619
0.449049 0.351329
0.551744 0.493728
0.342296 0.991363
0.888516 0.348796
0.957701 0.274453
0.055269 0.534410
0.086978 0.595721
0.661367 0.914945
0.624592 0.119053
0.161260 0.769677
0.926511 0.072695
0.436232 0.395825
0.496811 0.363292
0.428968 0.216742
0.938566 0.611347
0.108524 0.476180
0.078188 0.808985
0.550676 0.390118
0.397626 0.330485
0.307657 0.872616
0.717093 0.979308
0.065096 0.912442
0.389508 0.400769
0.041047 0.593493
0.529527 0.401898
0.861995 0.394147
0.128178 0.230689
0.620228 0.028169
0.796411 0.302194
0.195990 0.874233
0.480819 0.076693
0.799738 0.612018
0.357891 0.962157
0.953215 0.079989
0.366008 0.109714
0.770257 0.523301
0.331187 0.393414
0.188116 0.042817
0.561419 0.495224
0.207617 0.481216
0.270363 0.268044
0.095218 0.906400
0.080660 0.895260
0.417188 0.196020
0.600360 0.340190
0.236183 0.779290
0.224006 0.866634
0.912107 0.644398
0.975585 0.494919
0.606708 0.136509
0.725822 0.314188
0.277993 0.718772
0.342601 0.303964
0.407270 0.177618
0.998169 0.524216
0.336283 0.170263
0.034944 0.309214
0.120029 0.964995
0.113773 0.787957
0.351817 0.787378
0.940550 0.077670
0.075137 0.715690
0.098849 0.057894
0.088198 0.522019
0.481368 0.484756
0.552019 0.246406
0.589618 0.436506
0.298898 0.904508
0.803735 0.574664
0.599536 0.303415
0.317789 0.060183
0.075320 0.658467
0.669942 0.296274
0.663778 0.239082
0.727103 0.378491
0.306162 0.693655
0.071993 0.657643
0.208777 0.720725
0.920652 0.917844
0.222785 0.656087
0.098300 0.685629
0.261361 0.782220
0.191595 0.398877
0.917508 0.099948
0.005554 0.328654
0.453597 0.194037
0.933164 0.416028
0.622150 0.273415
0.309000 0.339000
0.023682 0.590381
0.693686 0.477065
0.836848 0.158361
0.898923 0.338725
0.204413 0.043580
0.742271 0.923154
0.274087 0.868068
0.662770 0.497452
0.990875 0.056795
0.104556 0.071596
0.798090 0.360485
0.074068 0.351573
0.777215 0.452376
0.260537 0.756462
0.743217 0.152043
0.940703 0.661733
0.340800 0.968047
0.020081 0.780816
0.093173 0.836940
0.670003 0.157262
0.160375 0.629048
0.425825 0.153386
0.938627 0.213782
0.520402 0.258675
0.646229 0.449263
0.324168 0.803858
0.338725 0.811243
0.328959 0.289987
0.404981 0.944121
0.539018 0.023164
0.546739 0.199866
0.256417 0.677908
0.024171 0.855739
0.142186 0.263161
0.487899 0.964293
0.842647 0.507218
0.615253 0.487716
0.621326 0.927854
0.504959 0.927763
0.499130 0.355907
0.320536 0.328928
0.092105 0.040040
0.045900 0.318491
0.612201 0.950896
0.112949 0.080172
0.354839 0.891903
0.027345 0.392285
0.449843 0.921354
0.771081 0.338878
0.055513 0.832301
0.660665 0.382702
0.045900 0.716239
0.168401 0.114383
0.328806 0.788629
0.070711 0.493210
0.159062 0.642232
0.408368 0.989929
0.495743 0.452498
0.128880 0.537339
0.266335 0.915067
0.865566 0.612720
0.209449 0.501938
0.084719 0.329997
0.989868 0.193854
0.147801 0.353099
0.333323 0.775750
0.285012 0.790185
0.048311 0.835261
0.000885 0.296731
0.482955 0.917478
0.491440 0.066256
0.163823 0.767785
0.677633 0.048158
0.174627 0.195929
0.187262 0.609638
0.967376 0.077670
0.521775 0.387432
0.127934 0.600360
0.481552 0.301614
0.873898 0.289621
0.575640 0.470107
0.659841 0.126865
0.149815 0.710776
0.932951 0.668081
0.407514 0.405103
0.113620 0.336711
0.763726 0.267495
0.680502 0.332133
0.214728 0.026490
0.988952 0.096927
0.415326 0.243416
0.778039 0.511643
0.616260 0.932524
0.954375 0.894284
0.805628 0.135746
0.959410 0.912168
0.320322 0.885708
0.048280 0.149968
0.330638 0.971618
0.079257 0.425825
0.593860 0.317728
0.409070 0.005646
0.125004 0.976684
0.481552 0.220588
0.442946 0.355480
0.086306 0.174688
0.638844 0.503372
0.304483 0.720481
0.504257 0.088382
0.937132 0.864376
0.438978 0.193945
0.003723 0.177679
0.862880 0.635060
0.989349 0.952696
0.169713 0.935636
0.903500 0.323893
0.228828 0.100864
0.967925 0.686605
0.860775 0.607685
0.322336 0.989837
0.974090 0.975188
0.463576 0.134983
0.721244 0.325053
0.827143 0.606342
0.234169 0.488784
0.706717 0.419721
0.744224 0.188360
0.678579 0.012970
0.275735 0.146062
0.900021 0.576281
0.142033 0.590014
0.436293 0.452742
0.715384 0.858211
0.537400 0.977233
0.292276 0.832087
0.348704 0.804407
0.679861 0.047914
0.293863 0.005310
0.524522 0.501724
0.427107 0.284433
0.857662 0.369823
0.635456 0.439528
0.702322 0.954863
0.376995 0.164495
0.360149 0.437880
0.692679 0.518693
0.606952 0.131016
0.228828 0.315409
0.076754 0.228675
0.909696 0.865993
0.270241 0.925138
0.796411 0.857967
0.597827 0.252480
0.221809 0.345347
0.885586 0.016266
0.418500 0.183813
0.406903 0.375225
0.473098 0.924436
0.575549 0.387494
0.813349 0.977783
0.150029 0.413068
0.101779 0.179785
0.280465 0.173040
0.659261 0.986175
0.756249 0.068026
0.143071 0.757347
0.755821 0.077242
0.298593 0.120121
0.761895 0.024110
0.894650 0.025727
0.761406 0.596850
0.175695 0.046266
0.129734 0.210639
0.649403 0.264809
0.195379 0.857967
0.653462 0.979217
0.179052 0.606311
0.069796 0.466597
0.509751 0.301553
0.245277 0.186804
0.182348 0.069399
0.228217 0.447707
0.734275 0.441450
0.913877 0.331431
0.224189 0.659810
0.555956 0.472457
0.945647 0.021668
0.316172 0.337046
0.265145 0.682882
0.117954 0.641865
0.400586 0.179724
0.037080 0.298135
0.263161 0.880947
0.717063 0.956297
0.048036 0.687796
0.493545 0.990753
0.987854 0.334666
0.367046 0.288980
0.252541 0.313883
0.353343 0.825953
0.351695 0.294809
0.194281 0.568316
0.933287 0.310404
0.969634 0.262856
0.483871 0.274667
0.086123 0.044862
0.654683 0.870724
0.076083 0.430158
0.365093 0.345714
0.216956 0.155644
0.207068 0.375530
0.626118 0.934263
0.347270 0.044710
0.796503 0.547380
0.160436 0.571276
0.036714 0.509751
0.269051 0.714408
0.511795 0.140690
0.892850 0.978423
0.121372 0.684103
0.948363 0.016816
0.572832 0.084750
0.116123 0.499710
0.490280 0.398785
0.136326 0.069063
0.730613 0.178747
0.600024 0.347179
0.648549 0.888852
0.915922 0.547502
0.144749 0.485733
0.034028 0.879055
0.082034 0.446150
0.481491 0.228401
0.046022 0.718528
0.924131 0.340678
0.924467 0.624592
0.201788 0.659536
0.551897 0.077548
0.227210 0.088015
0.739830 0.008972
0.320780 0.194861
0.141881 0.100528
0.803400 0.524247
0.675680 0.372600
0.048555 0.559832
0.390454 0.359539
0.906766 0.889492
0.604938 0.357707
0.231727 0.223701
0.871792 0.156743
0.811151 0.229621
0.220313 0.593585
0.993622 0.382153
0.456374 0.482253
0.110538 0.962828
0.129643 0.152898
0.927366 0.324961
0.708975 0.106998
0.920591 0.983825
0.201605 0.067232
0.188238 0.346904
0.386151 0.083377
0.950011 0.072542
0.246223 0.475631
0.912626 0.596789
0.947020 0.023438
0.906369 0.939970
0.235054 0.333445
0.073031 0.292520
0.191961 0.702383
0.942930 0.616382
0.336741 0.167852
0.149571 0.563707
0.135166 0.887783
0.641285 0.908994
0.335215 0.426557
0.367962 0.420362
0.564531 0.934477
0.205634 0.442000
0.804651 0.571490
0.997253 0.169347
0.919797 0.524064
0.677236 0.221564
0.581042 0.418989
0.601276 0.043245
0.738273 0.253792
0.718314 0.548357
0.818201 0.137577
0.037141 0.159368
0.647938 0.162877
0.039399 0.424421
0.963012 0.109531
0.353374 0.160802
0.804132 0.198157
0.708579 0.107486
0.090121 0.455123
0.368236 0.264199
0.191412 0.501419
0.140751 0.896084
0.069674 0.278329
0.126621 0.763909
0.990600 0.339915
0.369213 0.052797
0.177343 0.308634
0.807855 0.907743
0.766198 0.262673
0.037385 0.965972
0.106021 0.255623
0.098788 0.034059
0.305673 0.660787
0.128788 0.046113
0.065889 0.983673
0.921812 0.665517
0.362957 0.175848
0.514512 0.290658
0.030793 0.283670
0.506516 0.487869
0.805200 0.205267
0.040254 0.655690
0.270028 0.079653
0.088595 0.060457
0.712790 0.860134
0.181127 0.201819
0.869686 0.133091
0.672201 0.175542
0.477035 0.117924
0.119175 0.163274
0.928068 0.321085
0.978484 0.044221
0.407331 0.026826
0.039094 0.004913
0.840205 0.549913
0.033387 0.467086
0.847163 0.163091
0.848354 0.388958
0.991272 0.972259
0.784265 0.227424
0.328043 0.032014
0.513565 0.956084
0.464827 0.436964
0.503220 0.422407
0.637318 0.480605
0.108066 0.143742
0.611957 0.992920
0.100406 0.554827
0.858272 0.230201
0.261574 0.557329
0.360302 0.193548
0.122044 0.246590
0.058443 0.819910
0.184301 0.925748
0.355083 0.133061
0.020600 0.935057
0.235359 0.379009
0.203284 0.835749
0.706687 0.886105
0.179693 0.677786
0.923490 0.837245
0.031404 0.477920
0.045106 0.142521
0.233345 0.432295
0.535478 0.508438
0.094974 0.259835
0.169012 0.198523
0.434217 0.468795
0.496963 0.445997
0.710532 0.444990
0.569140 0.978973
0.607379 0.034822
0.655629 0.059847
0.619068 0.410382
0.775689 0.523911
0.060823 0.663442
0.041231 0.373791
0.409436 0.409070
0.970885 0.462447
0.380016 0.180242
0.430860 0.294992
0.645253 0.894894
0.603717 0.176122
0.930723 0.868007
0.103030 0.807703
0.313517 0.889218
0.524613 0.104892
0.683340 0.153539
0.135624 0.483383
0.115268 0.005890
0.160527 0.189215
0.983306 0.007019
0.078829 0.851802
0.272988 0.283822
0.329234 0.302408
0.774285 0.093783
0.984466 0.002441
0.770013 0.395520
0.434156 0.923673
0.085757 0.867092
0.741386 0.900937
0.263802 0.583666
0.099216 0.525193
0.967833 0.949828
0.977233 0.513535
0.073153 0.391797
0.761254 0.172491
0.457564 0.971007
0.048952 0.288003
0.668996 0.180395
0.336985 0.333384
0.714743 0.021912
0.614673 0.878842
0.240059 0.593799
0.403546 0.153996
0.806757 0.962371
0.906552 0.309427
0.156407 0.061159
0.671377 0.382550
0.102054 0.502060
0.260323 0.645558
0.405683 0.189886
0.901364 0.076907
0.762017 0.027924
0.897031 0.898221
0.742790 0.144566
0.192724 0.607288
0.226997 0.656331
0.367718 0.141057
0.881100 0.632893
0.246284 0.027161
0.519883 0.238197
0.885861 0.858852
0.799707 0.595569
0.804651 0.386944
0.896084 0.559221
0.744133 0.310343
0.816797 0.478530
0.060915 0.778436
0.229316 0.573809
0.814447 0.539598
0.047792 0.311380
0.137913 0.360485
0.423658 0.029328
0.363292 0.798608
0.010804 0.831050
0.466079 0.375072
0.402478 0.966582
0.106479 0.377148
0.432844 0.345958
0.816797 0.921659
0.111240 0.361492
0.792840 0.001099
0.009125 0.781365
0.626576 0.968749
0.741844 0.550493
0.660085 0.466536
0.916410 0.634419
0.403668 0.454695
0.891629 0.099460
0.181646 0.799493
0.800684 0.603717
0.162816 0.916379
0.856838 0.451155
0.863887 0.209998
0.226722 0.396161
0.172155 0.932218
0.065126 0.895535
0.812128 0.053499
0.212592 0.014557
0.016297 0.089267
0.832759 0.622852
0.271981 0.550798
0.681722 0.949065
0.980895 0.441939
0.714652 0.451857
0.505478 0.255348
0.653737 0.873409
0.751396 0.371044
0.172369 0.443220
0.138707 0.430128
0.216681 0.991211
0.415204 0.950926
0.269723 0.988006
0.103641 0.569201
0.039521 0.777306
0.369213 0.923429
0.113132 0.856410
0.031648 0.837123
0.287912 0.251595
0.159948 0.293924
0.042817 0.659474
0.771813 0.391430
0.633015 0.196203
0.405774 0.928404
0.162572 0.815058
0.008759 0.825465
0.128636 0.618976
0.392651 0.017090
0.964080 0.560167
0.266976 0.742821
0.782067 0.997894
0.647938 0.410230
0.391491 0.012604
0.468093 0.175878
0.237648 0.773827
0.670278 0.957732
0.189917 0.634877
0.099429 0.135258
0.756310 0.156377
0.320292 0.774651
0.957549 0.118320
0.966155 0.556719
0.085360 0.809320
0.470595 0.908689
0.064516 0.479263
0.210608 0.722221
0.673605 0.051820
0.647298 0.888668
0.926511 0.491379
0.269784 0.972716
0.807093 0.489761
0.338847 0.236335
0.300729 0.062899
0.732200 0.891751
0.306894 0.691977
0.209143 0.448378
0.217963 0.356975
0.159978 0.841731
0.879727 0.336070
0.296579 0.804651
0.476577 0.278024
0.014954 0.383709
0.187902 0.844539
0.766198 0.529191
0.548143 0.391125
0.191504 0.215827
0.125675 0.169927
0.049348 0.874111
0.012452 0.255196
0.566607 0.973968
0.845729 0.093051
0.831050 0.473464
0.060335 0.636067
0.199164 0.704947
0.608631 0.191015
0.995636 0.447218
0.053377 0.863155
0.515366 0.915372
0.532640 0.335704
0.680776 0.131077
0.540574 0.514695
0.033082 0.510453
0.851375 0.592792
0.660756 0.360973
0.705893 0.361095
0.856349 0.238044
0.295389 0.093631
0.076174 0.999573
0.117862 0.194739
0.877102 0.965728
0.169195 0.021149
0.966216 0.463820
0.966521 0.990875
0.263405 0.080355
0.211585 0.114048
0.890805 0.490555
0.254372 0.714560
0.256294 0.832392
0.095370 0.047060
0.093448 0.799280
0.246773 0.974639
0.784722 0.259896
0.959227 0.462844
0.719016 0.434004
0.984344 0.309336
0.720420 0.887082
0.013153 0.779565
0.471511 0.004700
0.870754 0.605823
0.711020 0.033845
0.983459 0.536058
0.907224 0.108585
0.854335 0.184332
0.142521 0.973663
0.212378 0.252449
0.505448 0.200720
0.530900 0.455824
0.943876 0.163427
0.770745 0.523148
0.946867 0.843318
0.519974 0.285928
0.789087 0.900082
0.383618 0.240761
0.973968 0.676351
0.915647 0.501541
0.302774 0.311472
0.279916 0.195196
0.074984 0.796503
0.335978 0.745750
0.511368 0.491012
0.438978 0.285440
0.121830 0.644917
0.999908 0.599261
0.997223 0.148412
0.360271 0.126041
0.137455 0.547533
0.696890 0.996368
0.949217 0.040315
0.907620 0.414624
0.474715 0.327921
0.837245 0.094119
0.542619 0.929411
0.627918 0.904477
0.612354 0.414777
0.113437 0.546709
0.617695 0.917142
0.108036 0.888119
0.127689 0.254982
0.078402 0.261422
0.445387 0.115726
0.673879 0.084414
0.720420 0.341807
0.992676 0.686056
0.041169 0.586444
0.538591 0.934507
0.711814 0.120975
0.310587 0.943266
0.404675 0.013550
0.862545 0.245216
0.938810 0.942045
0.353710 0.334422
0.805078 0.474685
0.761773 0.891110
0.396100 0.107944
0.074343 0.021027
0.687857 0.533708
0.857204 0.603900
0.811457 0.548357
0.877163 0.206458
0.636372 0.315256
0.206305 0.749565
0.627918 0.341472
0.995819 0.141881
0.719535 0.106601
0.445265 0.339305
0.043611 0.573229
0.854671 0.953734
0.663747 0.499771
0.629994 0.214606
0.364605 0.214240
0.232704 0.576342
0.298166 0.639851
0.515458 0.334635
0.595141 0.991180
0.775903 0.487014
0.967223 0.673940
0.763146 0.120792
0.911832 0.227424
0.900266 0.020600
0.680197 0.314951
0.044252 0.033113
0.803156 0.982116
0.022370 0.939817
0.891018 0.301523
0.654073 0.214637
0.066591 0.245277
0.999176 0.886654
0.219703 0.405408
0.279489 0.906064
0.152623 0.916623
0.367534 0.134098
0.909085 0.574450
0.464553 0.064638
0.165502 0.522263
0.948302 0.335246
0.585101 0.185034
0.308573 0.729850
0.904416 0.123814
0.561815 0.481857
0.950865 0.563097
0.049165 0.981353
0.614948 0.299203
0.838069 0.075137
0.534257 0.336467
0.910031 0.000885
0.812952 0.484909
0.683401 0.108371
0.281289 0.391064
0.759697 0.309427
0.944853 0.930174
0.006043 0.602771
0.767479 0.955199
0.207343 0.922208
0.111270 0.800531
0.691305 0.459456
0.159215 0.991852
0.114963 0.186773
0.235206 0.036225
0.080752 0.244392
0.349742 0.428663
0.690329 0.069887
0.958464 0.148045
0.702445 0.102603
0.912870 0.347819
0.251930 0.994201
0.650197 0.113712
0.679952 0.555559
0.226539 0.462691
0.993896 0.319926
0.003479 0.795434
0.908841 0.549638
0.838099 0.378765
0.922819 0.139714
0.400220 0.009583
0.135441 0.016419
0.735984 0.575335
0.306925 0.132145
0.789453 0.340037
0.856624 0.094485
0.254219 0.617725
0.275948 0.273354
0.210089 0.577380
0.550066 0.087680
0.570116 0.949919
0.322214 0.418317
0.620594 0.925047
0.361614 0.314188
0.233345 0.953154
0.437757 0.325083
0.320688 0.817652
0.005768 0.513199
0.593829 0.148045
0.247597 0.040620
0.615040 0.070498
0.149876 0.441145
0.879147 0.430280
0.819391 0.990753
0.956755 0.156499
0.900510 0.138279
0.016907 0.100436
0.974120 0.258003
0.936125 0.608753
0.080721 0.862453
0.421949 0.036805
0.250984 0.042238
0.977752 0.582995
0.013977 0.034944
0.891476 0.225776
0.569536 0.009278
0.243171 0.483047
0.635640 0.971129
0.855983 0.214545
0.505600 0.306223
0.479324 0.066683
0.989898 0.648427
0.436842 0.134434
0.288217 0.281808
0.851802 0.243141
0.004822 0.693167
0.751030 0.293191
0.012940 0.990143
0.773095 0.122684
0.433943 0.208747
0.892850 0.912076
0.848415 0.931913
0.880306 0.309091
0.088961 0.385784
0.579821 0.263527
0.357768 0.310190
0.233283 0.165441
0.933775 0.109195
0.023774 0.925718
0.250862 0.796167
0.324564 0.109134
0.661763 0.885830
0.560167 0.473708
0.495224 0.928861
0.279397 0.335490
0.157811 0.277200
0.985595 0.683828
0.550157 0.274514
0.011689 0.928312
0.717399 0.463515
0.194800 0.661855
0.068575 0.553148
0.100070 0.613178
0.644826 0.238777
0.684683 0.280465
0.342662 0.157659
0.488327 0.928526
0.740898 0.377148
0.331858 0.126713
0.516526 0.269387
0.007172 0.015046
0.196326 0.931944
0.704886 0.493179
0.167760 0.442976
0.968017 0.098178
0.819910 0.133793
0.807215 0.285104
0.827296 0.362255
0.265145 0.549333
0.577441 0.112369
0.366131 0.380108
0.459151 0.018921
0.969848 0.663320
0.133396 0.004669
0.246803 0.350475
0.855464 0.474319
0.971679 0.651601
0.894162 0.424360
0.245155 0.493301
0.282754 0.816309
0.499863 0.127293
0.118137 0.303140
0.444990 0.920560
0.107059 0.858394
0.224036 0.216865
0.010590 0.022431
0.938749 0.959136
0.216681 0.108280
0.078738 0.817225
0.127781 0.706534
0.237678 0.634510
0.595904 0.388501
0.083316 0.971923
0.314096 0.981780
0.241249 0.139805
0.520035 0.330729
0.007050 0.265572
0.289102 0.336497
0.795068 0.253365
0.967803 0.282327
0.287149 0.962127
0.005890 0.111698
0.158452 0.698721
0.217414 0.199286
0.270119 0.617206
0.570635 0.206397
0.870998 0.481246
0.379070 0.378277
0.167150 0.346843
0.951750 0.856929
0.026093 0.231025
0.878750 0.448683
0.798822 0.271065
0.678335 0.308054
0.393292 0.127995
0.756920 0.165349
0.771783 0.452681
0.422742 0.434736
0.250862 0.890225
0.276894 0.999115
0.296548 0.179418
0.202551 0.625294
0.858760 0.219245
0.757469 0.377026
0.035981 0.345286
0.540635 0.139225
0.626972 0.300790
0.293130 0.373302
0.171728 0.760491
0.238990 0.979064
0.003143 0.384899
0.816340 0.475234
0.089602 0.621204
0.958403 0.482681
0.807489 0.123905
0.850307 0.499100
0.003876 0.830714
0.742332 0.084872
0.311655 0.402081
0.479629 0.388562
0.657674 0.940245
0.089816 0.347850
0.354228 0.236488
0.374279 0.981841
0.472823 0.429579
0.658376 0.010254
0.333415 0.246467
0.302591 0.919706
0.697928 0.017243
0.969634 0.263710
0.780999 0.971526
0.850093 0.332163
0.310739 0.832026
0.195685 0.684896
0.888180 0.530778
0.550188 0.036622
0.284646 0.894620
0.074435 0.790460
0.521867 0.251320
0.105716 0.472213
0.909482 0.510422
0.900601 0.857662
0.984161 0.970611
0.075533 0.246803
0.257241 0.281716
0.863918 0.940550
0.127354 0.433454
0.065462 0.568957
0.209052 0.289682
0.187078 0.150761
0.570757 0.041261
0.947691 0.246651
0.878780 0.144810
0.110813 0.665914
0.904752 0.186346
0.715842 0.398450
0.855312 0.517136
0.295267 0.587420
0.578753 0.258766
0.984802 0.824396
0.804926 0.208563
0.932035 0.547746
0.074496 0.676626
0.910489 0.826136
0.544725 0.307749
0.113102 0.264779
0.053255 0.617023
0.659108 0.269967
0.915098 0.979644
0.987152 0.258980
0.366283 0.357402
0.700491 0.456008
0.133366 0.874325
0.017548 0.934629
0.308603 0.814570
0.902646 0.851283
0.774529 0.974303
0.135746 0.860561
0.083468 0.648061
0.478347 0.243202
0.198553 0.031220
0.001831 0.319834
0.858242 0.890713
0.976775 0.288614
0.780999 0.105564
0.970397 0.629292
0.085360 0.340251
0.211554 0.065554
0.104892 0.873592
0.334819 0.867580
0.576067 0.440626
0.963836 0.951109
0.935270 0.179479
0.252754 0.927152
0.785424 0.374401
0.191778 0.259499
0.177770 0.515152
0.356883 0.379040
0.843837 0.835719
0.261574 0.599200
0.781182 0.029054
0.268654 0.005737
0.709464 0.505264
0.941557 0.028352
0.990936 0.224677
0.473800 0.308939
0.526566 0.426740
0.400555 0.955748
0.861751 0.924711
0.406293 0.410504
0.169347 0.722251
0.643208 0.437880
0.992035 0.182562
0.276101 0.714835
0.843440 0.985199
0.059572 0.391614
0.067263 0.512741
0.795587 0.479415
0.160375 0.431318
0.643391 0.533647
0.640736 0.209143
0.757744 0.533494
0.892544 0.404523
0.657308 0.364116
0.853755 0.038484
0.571520 0.065554
0.739250 0.445631
0.059725 0.770959
0.216620 0.922330
0.834803 0.035432
0.038789 0.454451
0.772179 0.157903
0.031587 0.038057
0.093631 0.576312
0.056673 0.701041
0.399731 0.243751
0.885006 0.960509
0.679189 0.358867
0.774804 0.434736
0.133183 0.443800
0.471419 0.478530
0.782464 0.609424
0.269143 0.297159
0.403821 0.374554
0.238502 0.912656
0.458480 0.092471
0.947722 0.894864
0.373089 0.833857
0.958495 0.086642
0.627125 0.437452
0.591479 0.233222
0.882199 0.179022
0.028993 0.385937
0.816523 0.566759
0.421735 0.156377
0.703452 0.359752
0.526658 0.124546
0.025391 0.488723
0.352672 0.244636
0.880520 0.247871
0.189550 0.127262
0.843745 0.152013
0.214881 0.480514
0.568499 0.407270
0.003906 0.653188
0.098361 0.673269
0.448988 0.424879
0.452620 0.078005
0.968230 0.259590
0.215674 0.207678
0.097720 0.989196
0.651204 0.093081
0.672445 0.152440
0.758873 0.198401
0.470412 0.262001
0.992859 0.588519
0.622089 0.004425
0.073794 0.719687
0.209815 0.986969
0.820673 0.601123
0.922910 0.615772
0.742332 0.074923
0.457411 0.117679
0.521561 0.156865
0.783715 0.929350
0.040681 0.682485
0.655354 0.505722
0.287210 0.366161
0.094913 0.804193
0.112461 0.011811
0.943999 0.447737
0.963073 0.055696
0.207221 0.928709
0.579608 0.176122
0.922941 0.588641
0.827998 0.036653
0.221686 0.959380
0.189947 0.702170
0.449477 0.167638
0.196844 0.866237
0.162725 0.132420
0.826746 0.890225
0.891018 0.923734
0.078890 0.117924
0.513199 0.140568
0.521134 0.958159
0.481979 0.406415
0.967895 0.602710
0.026032 0.105716
0.911771 0.641438
0.280557 0.839076
0.354564 0.879116
0.660024 0.050142
0.792077 0.996887
0.088321 0.203528
0.667257 0.414136
0.561724 0.047426
0.024964 0.627644
0.195807 0.917051
0.688284 0.971923
0.796350 0.308267
0.283120 0.927549
0.484146 0.254555
0.987365 0.852138
0.201056 0.835994
0.753655 0.517167
0.225471 0.958831
0.119205 0.251625
0.428999 0.426405
0.585376 0.935789
0.060183 0.687002
0.314707 0.855251
0.591876 0.384960
0.263741 0.552019
0.317179 0.420209
0.549883 0.441847
0.256874 0.248512
0.938139 0.211249
0.859554 0.530625
0.112522 0.752800
0.659810 0.998108
0.677755 0.437452
0.512833 0.489731
0.967711 0.522050
0.751152 0.316660
0.574023 0.303079
0.024049 0.401685
0.706656 0.192328
0.740074 0.367046
0.584887 0.487106
0.757622 0.537492
0.354747 0.138981
0.092318 0.372814
0.239723 0.583575
0.008911 0.990753
0.886288 0.332560
0.127628 0.242378
0.192816 0.574267
0.597430 0.434400
0.073428 0.780053
0.067934 0.644581
0.102817 0.135899
0.396771 0.283425
0.867122 0.130650
0.559557 0.324656
0.242531 0.243416
0.551653 0.247261
0.029206 0.743889
0.951384 0.863887
0.253243 0.008728
0.558885 0.196570
0.705710 0.551775
0.472854 0.092929
0.298837 0.333811
0.217505 0.260353
0.571184 0.257607
0.030519 0.648152
0.186926 0.293710
0.906522 0.194586
0.097537 0.692038
0.203406 0.656697
0.046419 0.659413
0.881558 0.308664
0.416120 0.419141
0.523972 0.478591
0.578265 0.973205
0.194678 0.658620
0.340159 0.200018
0.033418 0.414808
0.764000 0.321818
0.075747 0.300760
0.358318 0.909330
0.923704 0.352245
0.225593 0.819391
0.392041 0.405103
0.965209 0.020997
0.008545 0.595996
0.638081 0.234901
0.366405 0.432081
0.980346 0.530808
0.696310 0.442488
0.789300 0.449477
0.497543 0.376232
0.844661 0.105869
0.028718 0.027589
0.987976 0.887814
0.389904 0.145360
0.993530 0.906003
0.897000 0.941313
0.835200 0.980682
0.549547 0.326395
0.952361 0.960906
0.321726 0.747337
0.443525 0.443281
0.657125 0.442183
0.109531 0.633076
0.205695 0.397626
0.990234 0.184576
0.708029 0.208167
0.825953 0.129185
0.715964 0.067141
0.886929 0.319468
0.130131 0.556139
0.654927 0.876400
0.214637 0.023316
0.132145 0.684957
0.437178 0.303812
0.768853 0.373638
0.475173 0.176183
0.296060 0.048463
0.612873 0.481735
0.608356 0.270486
0.933134 0.173467
0.612812 0.898953
0.698416 0.196966
0.898526 0.037782
0.882107 0.081790
0.227668 0.226386
0.407025 0.377117
0.303446 0.396832
0.599261 0.490799
0.808374 0.593463
0.381695 0.015442
0.079501 0.562181
0.515000 0.340342
0.654164 0.319163
0.076479 0.332041
0.128819 0.109958
0.931913 0.988006
0.708457 0.087222
0.210761 0.919523
0.478622 0.475326
0.773217 0.585376
0.821986 0.221137
0.422285 0.092441
0.065554 0.812098
0.224860 0.579913
0.583758 0.317759
0.521195 0.268441
0.732780 0.385144
0.301187 0.405652
0.930509 0.012696
0.185125 0.167974
0.946928 0.243538
0.116031 0.244545
0.112339 0.553148
0.185492 0.662008
0.898373 0.331767
0.683706 0.932737
0.037568 0.555589
0.043977 0.888577
0.633747 0.378796
0.072481 0.309824
0.827601 0.529740
0.322398 0.750542
0.037446 0.993622
0.582232 0.221870
0.255684 0.287729
0.315958 0.783502
0.847621 0.431440
0.646260 0.950041
0.152593 0.827784
0.856655 0.139348
0.923704 0.094668
0.245643 0.593493
0.270180 0.211829
0.574694 0.113498
0.544755 0.102786
0.510514 0.221168
0.250282 0.292245
0.810633 0.470840
0.022950 0.494278
0.019013 0.163427
0.470260 0.141636
0.415662 0.037233
0.417493 0.314646
0.690420 0.317911
0.801477 0.861599
0.822321 0.996796
0.363689 0.911832
0.861263 0.110019
0.937284 0.640492
0.758751 0.871975
0.172887 0.715049
0.153722 0.942473
0.860927 0.954375
0.505173 0.232337
0.579028 0.176519
0.304880 0.156682
0.392041 0.309183
0.201361 0.554399
0.025178 0.667348
0.145177 0.295053
0.206000 0.558977
0.240242 0.483444
0.870785 0.923978
0.921201 0.552355
0.010529 0.420209
0.820276 0.287118
0.722861 0.894498
0.479873 0.313211
0.874264 0.019105
0.566881 0.077517
0.280557 0.376263
0.745537 0.855556
0.323099 0.051119
0.831629 0.225623
0.313120 0.936735
0.823237 0.145329
0.973693 0.385418
0.117801 0.544694
0.185430 0.714988
0.846889 0.367290
0.662618 0.877102
0.006287 0.671468
0.905881 0.848323
0.649556 0.904752
0.165105 0.848567
0.929411 0.948729
0.785821 0.518601
0.300485 0.376843
0.293252 0.372662
0.353099 0.142003
0.926023 0.597980
0.581957 0.914884
0.707724 0.516526
0.341899 0.168493
0.106265 0.563128
0.313272 0.407178
0.703879 0.185827
0.107547 0.309458
0.093142 0.202185
0.109561 0.339640
0.325449 0.241951
0.664998 0.994873
0.358287 0.259255
0.931578 0.241737
0.471999 0.372692
0.175024 0.918332
0.746757 0.058840
0.313700 0.725272
0.213721 0.324412
0.527360 0.024018
0.586108 0.137730
0.087100 0.972533
0.976470 0.901791
0.061983 0.030213
0.506790 0.249062
0.058718 0.363628
0.217322 0.940306
0.651265 0.183142
0.180425 0.147588
0.655629 0.543077
0.225715 0.903989
0.906949 0.635792
0.182989 0.999878
0.694693 0.110965
0.048799 0.108158
0.512192 0.451949
0.983215 0.419263
0.277078 0.939573
0.678579 0.235176
0.055757 0.126255
0.807886 0.114505
0.547685 0.465773
0.728233 0.382519
0.119602 0.233497
0.140416 0.501541
0.189673 0.259621
0.800653 0.963530
0.501267 0.156072
0.846034 0.937590
0.305399 0.395001
0.684988 0.224128
0.623005 0.146519
0.608325 0.047212
0.993561 0.658010
0.616291 0.455123
0.290384 0.146825
0.160741 0.048341
0.059938 0.114902
0.842341 0.998260
0.970580 0.869503
0.816370 0.270943
0.843440 0.352000
0.544328 0.125187
0.472976 0.966460
0.951323 0.873989
0.155156 0.620594
0.951476 0.558184
0.457869 0.418928
0.595843 0.263253
0.031434 0.821406
0.450545 0.218055
0.998840 0.570544
0.206366 0.069796
0.195532 0.083651
0.347453 0.250282
0.072298 0.510178
0.497909 0.091189
0.760582 0.548692
0.863552 0.177709
0.069918 0.556749
0.103458 0.449019
0.933164 0.984466
0.621601 0.930235
0.064547 0.820368
0.558458 0.381787
0.136296 0.687002
0.628773 0.412030
0.566210 0.102969
0.460891 0.083590
0.823023 0.191961
0.151402 0.044374
0.825159 0.587725
0.033753 0.849208
0.377087 0.065798
0.098148 0.458876
0.243202 0.071566
0.200018 0.000793
0.532182 0.372539
0.750603 0.117710
0.416364 0.108829
0.003174 0.912778
0.223243 0.685598
0.092105 0.932798
0.407239 0.962554
0.588488 0.951048
0.106754 0.772088
0.290323 0.958220
0.491165 0.168889
0.147191 0.153783
0.881527 0.240455
0.137059 0.446638
0.905789 0.387890
0.794214 0.223823
0.869625 0.987152
0.867824 0.880886
0.447462 0.058809
0.405988 0.976440
0.616138 0.247566
0.265816 0.331370
0.550859 0.217750
0.019776 0.369060
0.064486 0.220466
0.109256 0.622394
0.295907 0.882168
0.066134 0.896603
0.126713 0.165868
0.677633 0.301248
0.314524 0.039491
0.817866 0.380383
0.227943 0.895810
0.312906 0.142674
0.880306 0.076052
0.494980 0.023682
0.168615 0.778314
0.602435 0.310648
0.723899 0.131718
0.681875 0.061586
0.278695 0.718192
0.148198 0.049776
0.959044 0.322489
0.405805 0.192114
0.461592 0.001892
0.133061 0.588244
0.861751 0.069185
0.028504 0.908841
0.982757 0.147191
0.402905 0.165349
0.494675 0.094272
0.225196 0.370891
0.062410 0.694479
0.384716 0.401837
0.045412 0.654408
0.834651 0.892850
0.999878 0.447310
0.037202 0.892026
0.689840 0.002411
0.068972 0.988525
0.975433 0.969237
0.051454 0.331980
0.253883 0.662191
0.022065 0.367321
0.019105 0.613941
0.742973 0.555895
0.371593 0.887112
0.774377 0.345866
0.827479 0.606403
0.922758 0.245430
0.808527 0.482467
0.001434 0.430830
0.857112 0.915159
0.790490 0.335856
0.726096 0.354564
0.688375 0.051119
0.981384 0.501724
0.935698 0.914884
0.333628 0.332194
0.100894 0.415113
0.370769 0.030976
0.302255 0.732200
0.212653 0.455947
0.185186 0.580798
0.262673 0.254891
0.658254 0.465011
0.835810 0.891720
0.413953 0.249489
0.526872 0.505844
0.022980 0.210395
0.628254 0.344188
0.058840 0.514451
0.287820 0.230415
0.065035 0.722037
0.324564 0.128086
0.668691 0.299570
0.585681 0.885952
0.924986 0.241737
0.729637 0.232002
0.484512 0.975127
0.091800 0.967803
0.191870 0.361064
0.467666 0.092044
0.561602 0.921384
0.913602 0.375530
0.213904 0.568682
0.767296 0.264962
0.344340 0.329997
0.512680 0.010651
0.414716 0.437819
0.375103 0.906186
0.695761 0.443770
0.942747 0.111545
0.600146 0.433851
0.680288 0.260201
0.955412 0.587268
0.026368 0.226447
0.171392 0.931028
0.678976 0.424543
0.509903 0.916105
0.325571 0.868679
0.457350 0.939329
0.495682 0.381512
0.211524 0.711661
0.382763 0.928709
0.891995 0.862453
0.879482 0.015473
0.629566 0.470321
0.150700 0.247169
0.808161 0.284402
0.746574 0.081332
0.231117 0.865993
0.077761 0.343455
0.735343 0.308786
0.893399 0.067873
0.268502 0.199835
0.937407 0.170629
0.949767 0.835566
0.029603 0.830073
0.969970 0.359691
0.485763 0.117893
0.002014 0.156713
0.865658 0.223243
0.187017 0.216620
0.772912 0.445662
0.072024 0.750694
0.066134 0.490829
0.327677 0.312113
0.891049 0.006348
0.257881 0.749290
0.375805 0.103305
0.792718 0.229194
0.612171 0.166631
0.771325 0.155583
0.277017 0.780816
0.092410 0.906980
0.060305 0.773858
0.719474 0.303140
0.752861 0.914396
0.059389 0.750633
0.436903 0.270028
0.608539 0.137181
0.956816 0.554033
0.275430 0.028535
0.147526 0.764702
0.164190 0.192602
0.876980 0.508988
0.276864 0.387188
0.097201 0.496109
0.256905 0.968749
0.750450 0.453963
0.296487 0.112369
0.846217 0.351665
0.668691 0.939634
0.438124 0.271432
0.888211 0.148106
0.156529 0.910916
0.376812 0.088382
0.236549 0.610767
0.104190 0.341685
0.188818 0.561815
0.419965 0.253304
0.011750 0.015290
0.505539 0.019959
0.557817 0.090945
0.381176 0.352641
0.878201 0.582934
0.321329 0.957976
0.763573 0.887295
0.333476 0.725944
0.306162 0.940703
0.467544 0.427229
0.563921 0.522141
0.928678 0.619007
0.057985 0.991699
0.995880 0.929106
0.143345 0.036256
0.713584 0.499680
0.459975 0.433943
0.951964 0.597339
0.005737 0.418012
0.754601 0.067324
0.534135 0.301004
0.851588 0.087191
0.895444 0.893796
0.224891 0.967345
0.889492 0.103885
0.730461 0.904202
0.134465 0.954375
0.167028 0.398358
0.937590 0.596301
0.323984 0.847346
0.685842 0.502792
0.880154 0.286294
0.884335 0.847224
0.568010 0.436110
0.663656 0.215613
0.166021 0.065493
0.905484 0.898953
0.493332 0.141423
0.073397 0.462844
0.749626 0.074404
0.816614 0.568957
0.499588 0.394055
0.378430 0.312510
0.070650 0.009156
0.466720 0.044435
0.425184 0.264168
0.391125 0.167852
0.624897 0.975219
0.564806 0.014618
0.088778 0.856624
0.298502 0.087893
0.821131 0.476974
0.963866 0.576739
0.706565 0.344768
0.047853 0.483474
0.848079 0.321665
0.954009 0.131352
0.174627 0.423780
0.192145 0.194555
0.045717 0.447768
0.193365 0.274056
0.072848 0.450240
0.980682 0.350383
0.012055 0.252907
0.736961 0.512345
0.462172 0.409284
0.804651 0.529038
0.262703 0.926420
0.084933 0.429548
0.427442 0.030976
0.508896 0.341838
0.146153 0.014863
0.877926 0.980773
0.886105 0.141209
0.124149 0.445601
0.625019 0.291787
0.267586 0.137822
0.455977 0.249489
0.936735 0.628773
0.678488 0.924772
0.180975 0.383831
0.670858 0.899075
0.678091 0.022034
0.302072 0.678030
0.946623 0.318186
0.071322 0.508499
0.706259 0.288003
0.056459 0.018281
0.448561 0.360912
0.373638 0.081698
0.231971 0.918210
0.067080 0.641743
0.421705 0.366405
0.789331 0.917020
0.342387 0.148198
0.305612 0.065523
0.971435 0.536149
0.587939 0.921110
0.651479 0.326182
0.527207 0.158269
0.333628 0.789056
0.417341 0.231819
0.141148 0.502731
0.205390 0.066836
0.079379 0.235023
0.736747 0.180639
0.936827 0.099338
0.853298 0.475570
0.160283 0.978301
0.827326 0.112766
0.033815 0.613666
0.319254 0.944731
0.108646 0.194739
0.046632 0.485244
0.401074 0.329356
0.905362 0.430494
0.589343 0.928922
0.904691 0.165166
0.806146 0.158391
0.148747 0.918729
0.238838 0.329386
0.637837 0.074313
0.797876 0.891079
0.231544 0.614978
0.954863 0.850917
0.794580 0.924039
0.239265 0.744621
0.689383 0.530808
0.743553 0.903989
0.119541 0.741111
0.954039 0.928800
0.259133 0.132389
0.534257 0.919706
0.523331 0.334391
0.293710 0.021821
0.805750 0.448103
0.218787 0.476974
0.500931 0.005829
0.677999 0.898953
0.401959 0.105838
0.723960 0.074282
0.727165 0.203284
0.331462 0.194617
0.608905 0.933500
0.488998 0.373821
0.104953 0.058809
0.342967 0.791345
0.830348 0.200995
0.205512 0.603748
0.390210 0.938414
0.575976 0.414869
0.793909 0.402722
0.539171 0.139042
0.117679 0.928404
0.511917 0.448469
0.875790 0.487991
0.633045 0.947722
0.183813 0.965697
0.557207 0.248268
0.298318 0.391217
0.085726 0.910306
0.950011 0.330424
0.495376 0.917417
0.340953 0.086825
0.043184 0.361034
0.039491 0.029572
0.718833 0.965148
0.207770 0.796442
0.872005 0.339030
0.701834 0.286081
0.122410 0.525224
0.043886 0.419416
0.984710 0.591357
0.858364 0.022431
0.456648 0.409253
0.181585 0.286142
0.271889 0.224464
0.712821 0.482589
0.150121 0.673299
0.656850 0.155919
0.482925 0.009186
0.740623 0.507187
0.994903 0.880062
0.789972 0.566790
0.608722 0.189398
0.193579 0.344615
0.644246 0.011689
0.841487 0.016022
0.821680 0.909421
0.721732 0.065432
0.170232 0.513871
0.811213 0.527909
0.271981 0.696554
0.097903 0.183508
0.495163 0.245003
0.270882 0.878201
0.967864 0.565172
0.870937 0.070132
0.394024 0.344768
0.164373 0.873104
0.195013 0.533128
0.163091 0.171911
0.454726 0.162297
0.329356 0.742607
0.966674 0.656545
0.801569 0.257179
0.007385 0.647328
0.830714 0.146489
0.495651 0.935942
0.224219 0.629078
0.813868 0.936186
0.415601 0.308817
0.522691 0.036042
0.024689 0.991607
0.235359 0.742088
0.993591 0.966887
0.236152 0.243049
0.131077 0.181555
0.063784 0.284463
0.615558 0.357158
0.202277 0.991882
0.542619 0.028687
0.025330 0.646718
0.520371 0.470809
0.051180 0.077059
0.012391 0.725455
0.978881 0.957457
0.305979 0.266427
0.290078 0.233955
0.667898 0.139317
0.195959 0.741508
0.073305 0.328410
0.844111 0.856105
0.437452 0.457900
0.752983 0.348766
0.967376 0.846431
0.646809 0.506577
0.923429 0.848170
0.557451 0.451125
0.788842 0.968963
0.600513 0.435682
0.331462 0.401746
0.919706 0.225898
0.088015 0.576983
0.131657 0.160161
0.225043 0.395184
0.842616 0.970122
0.648518 0.519883
0.417920 0.991668
0.554308 0.252632
0.785485 0.443678
0.778405 0.107334
0.837519 0.847133
0.490921 0.469405
0.061831 0.825556
0.919706 0.063051
0.110965 0.767174
0.197119 0.816462
0.415815 0.190558
0.813288 0.607746
0.226356 0.895352
0.221503 0.020600
0.209021 0.145054
0.991333 0.817225
0.762841 0.604724
0.696615 0.106784
0.702994 0.281533
0.402844 0.092380
0.403668 0.418775
0.111942 0.086123
0.589953 0.271798
0.086886 0.250435
0.860591 0.446120
0.786920 0.936705
0.077944 0.061464
0.851222 0.874050
0.291177 0.098086
0.710959 0.246498
0.063875 0.874325
0.551164 0.008057
0.239021 0.049287
0.684744 0.352580
0.807886 0.021973
0.004822 0.601398
0.162481 0.620808
0.068575 0.164434
0.146092 0.693625
0.172613 0.073733
0.748192 0.915189
0.371929 0.041902
0.670583 0.091006
0.743797 0.042848
0.874935 0.186468
0.213019 0.192877
0.851436 0.343059
0.330576 0.073855
0.946745 0.859493
0.509018 0.951109
0.290262 0.264260
0.904447 0.187689
0.452315 0.424879
0.977477 0.818567
0.199652 0.774743
0.092746 0.156926
0.965636 0.867458
0.035707 0.868862
0.250984 0.566881
0.344615 0.116123
0.145116 0.554247
0.757927 0.595569
0.011475 0.652608
0.006012 0.483596
0.970092 0.350200
0.399548 0.056642
0.046480 0.564318
0.937071 0.375622
0.883053 0.910337
0.622852 0.273659
0.941862 0.617756
0.421308 0.399091
0.153325 0.768731
0.543992 0.040284
0.455214 0.428114
0.568773 0.331523
0.900632 0.886258
0.555284 0.056673
0.165258 0.385418
0.384686 0.969756
0.279885 0.211707
0.155095 0.631184
0.215278 0.132572
0.752281 0.137089
0.674306 0.217689
0.932676 0.822199
0.340922 0.851192
0.735588 0.492660
0.523392 0.427259
0.521989 0.935362
0.752403 0.180212
0.740928 0.930906
0.155461 0.761925
0.611164 0.029847
0.795618 0.279702
0.518204 0.116520
0.575243 0.984466
0.261666 0.833003
0.127445 0.123112
0.160680 0.760094
0.883969 0.484054
0.055147 0.867641
0.265389 0.939085
0.333750 0.865413
0.520676 0.237251
0.240883 0.667928
0.879055 0.850703
0.376141 0.212439
0.763756 0.534227
0.634754 0.542283
0.357921 0.299600
0.798334 0.361736
0.900601 0.873653
0.816156 0.934721
0.414594 0.296030
0.103641 0.600665
0.413343 0.459609
0.075900 0.047212
0.220649 0.874081
0.271615 0.298166
0.183386 0.265542
0.081698 0.980621
0.214881 0.683584
0.933103 0.630024
0.643422 0.305643
0.450392 0.935057
0.254860 0.852718
0.463088 0.228248
0.219275 0.659719
0.779199 0.554888
0.955718 0.678518
0.907620 0.007874
0.904477 0.442274
0.186773 0.257820
0.942778 0.895444
0.750847 0.911252
0.149968 0.074190
0.479232 0.933836
0.453200 0.069277
0.457289 0.033296
0.634754 0.341288
0.149113 0.533250
0.209449 0.991302
0.825251 0.452681
0.131321 0.500992
0.620594 0.149998
0.913450 0.177618
0.235267 0.679586
0.729881 0.030305
0.485916 0.917997
0.148137 0.061708
0.238014 0.278390
0.209326 0.328135
0.212195 0.571551
0.815973 0.994507
0.703909 0.082492
0.201178 0.256966
0.828181 0.476485
0.212928 0.158147
0.762597 0.417585
0.181829 0.798547
0.428724 0.971709
0.918699 0.220771
0.773400 0.574236
0.692068 0.885006
0.275979 0.236030
0.930631 0.215857
0.912320 0.134648
0.127781 0.882229
0.774255 0.061464
0.522263 0.035096
0.617908 0.059877
0.410474 0.305033
0.354228 0.792810
0.864834 0.547563
0.116794 0.114597
0.830348 0.578753
0.077761 0.554460
0.083468 0.478103
0.272500 0.684469
0.373333 0.102298
0.146001 0.537400
0.186163 0.172826
0.708243 0.232734
0.916990 0.641194
0.986847 0.347850
0.540025 0.343303
0.287057 0.867031
0.977020 0.347056
0.888302 0.555956
0.441969 0.327433
0.909207 0.343669
0.477432 0.087649
0.941160 0.242286
0.565233 0.260537
0.652516 0.132176
0.958281 0.489059
0.956877 0.610645
0.264443 0.597858
0.792718 0.883999
0.298868 0.339244
0.410138 0.263802
0.620746 0.416242
0.932493 0.909330
0.200598 0.766259
0.891964 0.148320
0.524705 0.489853
0.219428 0.932402
0.257973 0.879543
0.744682 0.885098
0.980560 0.471786
0.182196 0.447432
0.116001 0.256050
0.282754 0.709464
0.890591 0.863460
0.982665 0.097201
0.080813 0.417005
0.240120 0.697104
0.783074 0.947050
0.312082 0.778466
0.160405 0.067415
0.238227 0.716300
0.701682 0.213050
0.598041 0.220344
0.917661 0.945006
0.569140 0.886349
0.941465 0.528977
0.689138 0.396985
0.338725 0.926572
0.792474 0.442915
0.815790 0.602802
0.581713 0.275094
0.347270 0.040468
0.631520 0.146794
0.334788 0.272042
0.348766 0.776757
0.047243 0.485916
0.178655 0.296548
0.187933 0.778039
0.106418 0.213172
0.046419 0.253548
0.634999 0.112644
0.910764 0.916654
0.010407 0.690329
0.592364 0.048647
0.729240 0.429365
0.932981 0.621265
0.978973 0.325053
0.767418 0.185461
0.605274 0.529832
0.202612 0.828669
0.565691 0.364208
0.874966 0.318644
0.203589 0.153630
0.470290 0.233131
0.024781 0.084597
0.074862 0.672536
0.441298 0.148473
0.484542 0.099033
0.657216 0.403241
0.368664 0.816034
0.068026 0.701010
0.621021 0.946745
0.087863 0.648000
0.992035 0.007965
0.866848 0.499191
0.687826 0.227546
0.703024 0.257637
0.355419 0.163335
0.777062 0.299661
0.116520 0.935606
0.148198 0.559130
0.191382 0.348033
0.924589 0.414472
0.614917 0.104709
0.755242 0.072390
0.929624 0.587603
0.457503 0.217841
0.621143 0.475082
0.871731 0.856685
0.726249 0.097018
0.188299 0.377026
0.210150 0.087558
0.970702 0.524827
0.503586 0.389447
0.528489 0.431806
0.129368 0.208106
0.775414 0.209449
0.221809 0.993103
0.291055 0.877712
0.228462 0.687429
0.435652 0.303629
0.038270 0.759362
0.484146 0.406995
0.562944 0.172674
0.057649 0.919828
0.302957 0.181616
0.150304 0.863277
0.068087 0.320292
0.769768 0.884793
0.404950 0.982788
0.132694 0.637593
0.944029 0.006256
0.040345 0.278939
0.030457 0.404736
0.803064 0.321787
0.293954 0.283883
0.619617 0.121220
0.038789 0.878964
0.108707 0.169958
0.230964 0.272835
0.378857 0.287362
0.601093 0.935545
0.879330 0.897488
0.599567 0.966369
0.010376 0.108310
0.797632 0.916715
0.089785 0.205542
0.774987 0.351299
0.164556 0.409955
0.182134 0.148534
0.476241 0.085330
0.162664 0.673269
0.044130 0.332438
0.438215 0.188696
0.293863 0.728385
0.215430 0.760918
0.141667 0.016694
0.215705 0.036409
0.364269 0.213446
0.059877 0.162542
0.957396 0.678060
0.459731 0.005707
0.028352 0.478072
0.577502 0.429243
0.437025 0.185003
0.528886 0.983520
0.247230 0.240577
0.987457 0.303049
0.221503 0.463454
0.187078 0.469558
0.952116 0.002319
0.394726 0.978393
0.274361 0.756890
0.164251 0.978423
0.123936 0.333110
0.039216 0.606922
0.284707 0.291879
0.099216 0.838649
0.729789 0.102023
0.596118 0.476058
0.665273 0.363994
0.708487 0.133763
0.682119 0.172460
0.107303 0.260506
0.901791 0.252968
0.141453 0.848384
0.514389 0.944700
0.503189 0.376690
0.317515 0.685446
0.887082 0.236732
0.212073 0.048402
0.245918 0.053011
0.375774 0.846767
0.813501 0.107181
0.250160 0.190100
0.441023 0.444288
0.761620 0.542558
0.357952 0.866207
0.690390 0.033906
0.092959 0.571306
0.864345 0.585955
0.764885 0.258766
0.999084 0.670278
0.806177 0.972808
0.181097 0.638325
0.900540 0.071139
0.282418 0.954466
0.241615 0.951689
0.452071 0.011872
0.266457 0.008850
0.005432 0.816584
0.064089 0.528397
0.266427 0.905240
0.193213 0.926450
0.569994 0.925932
0.535325 0.092990
0.802271 0.154332
0.593005 0.135411
0.403088 0.004700
0.217811 0.328745
0.832575 0.049196
0.001679 0.477096
0.131748 0.186499
0.682608 0.564318
0.255898 0.330515
0.679342 0.351909
0.366161 0.160588
0.966308 0.380322
0.951170 0.381268
0.185034 0.273202
0.284371 0.368603
0.940703 0.231361
0.276437 0.166875
0.587909 0.039430
0.065950 0.768151
0.040590 0.413923
0.238777 0.878506
0.270272 0.700735
0.855983 0.243263
0.006561 0.561663
0.999603 0.961669
0.991638 0.422224
0.261879 0.769829
0.278481 0.291452
0.390393 0.398175
0.075869 0.956389
0.275094 0.953459
0.969420 0.404828
0.239753 0.037507
0.058443 0.287545
0.620563 0.372631
0.927122 0.139866
0.448653 0.453871
0.824824 0.508774
0.696921 0.021149
0.055757 0.409925
0.033662 0.423597
0.010712 0.857112
0.247658 0.245247
0.782739 0.946318
0.192724 0.882992
0.211554 0.351695
0.082430 0.350322
0.925504 0.285775
0.781030 0.566424
0.898526 0.833033
0.881649 0.598224
0.101840 0.427320
0.052644 0.538804
0.991455 0.407849
0.813623 0.197180
0.046052 0.593921
0.887082 0.036927
0.481033 0.021821
0.617603 0.163610
0.062319 0.646168
0.884426 0.211463
0.926450 0.307260
0.722831 0.485031
0.622456 0.085971
0.124271 0.054048
0.461928 0.324503
0.407117 0.401746
0.042085 0.424390
0.964415 0.025483
0.073733 0.909696
0.933897 0.342845
0.938444 0.382885
0.233253 0.846217
0.064425 0.574023
0.046144 0.646077
0.240272 0.447218
0.843623 0.145329
0.042421 0.967223
0.272927 0.583911
0.061586 0.610920
0.872677 0.287545
0.155004 0.579180
0.355296 0.170873
0.983245 0.244881
0.435469 0.221717
0.671926 0.550310
0.601032 0.232887
0.000793 0.776452
0.116276 0.204535
0.325724 0.706198
0.127018 0.294595
0.651692 0.051180
0.789392 0.217353
0.147923 0.786584
0.858425 0.343059
0.297922 0.178991
0.882260 0.482772
0.801874 0.228217
0.061220 0.936338
0.557421 0.348979
0.327586 0.878353
0.627430 0.093631
0.302072 0.112949
0.099673 0.197211
0.283853 0.729545
0.245857 0.726096
0.885372 0.611194
0.779717 0.876156
0.360515 0.347453
0.282846 0.639180
0.029481 0.140294
0.483596 0.363598
0.682760 0.280801
0.020814 0.096225
0.789911 0.030702
0.581896 0.984466
0.680319 0.885739
0.880337 0.094699
0.264595 0.592669
0.764763 0.271187
0.708731 0.950835
0.784692 0.430342
0.068514 0.877194
0.740745 0.023835
0.734214 0.048616
0.895322 0.106021
0.359783 0.026124
0.987732 0.990204
0.514145 0.269509
0.757622 0.323069
0.159886 0.682180
0.620136 0.982940
0.791742 0.892117
0.855831 0.134342
0.396680 0.995178
0.505905 0.167913
0.760674 0.261055
0.378643 0.305704
0.073519 0.154088
0.910703 0.957976
0.428999 0.985351
0.300516 0.028474
0.922117 0.117710
0.074801 0.551653
0.826655 0.016419
0.685263 0.370006
0.524674 0.085757
0.871731 0.972900
0.192083 0.766717
0.445143 0.405652
0.428785 0.469192
0.047487 0.627705
0.200934 0.261788
0.070894 0.168065
0.304605 0.106510
0.079257 0.486068
0.409253 0.352855
0.087710 0.273141
0.894955 0.502579
0.738578 0.920072
0.009430 0.432966
0.807550 0.087710
0.517319 0.472213
0.213904 0.657582
0.388165 0.110050
0.827357 0.483871
0.053957 0.411573
0.114536 0.551714
0.508255 0.946806
0.981170 0.183050
0.097415 0.989044
0.325846 0.033876
0.993988 0.641743
0.272011 0.687399
0.942106 0.917234
0.549089 0.157109
0.796197 0.067080
0.751061 0.517167
0.188299 0.363567
0.480239 0.077364
0.320780 0.356700
0.838801 0.458663
0.286538 0.627369
0.971221 0.883297
0.688864 0.029237
0.089694 0.104251
0.649892 0.213385
0.517014 0.338115
0.035920 0.888211
0.706656 0.988311
0.844050 0.939909
0.867611 0.324961
0.072817 0.445448
0.050691 0.850307
0.751366 0.210700
0.659139 0.392438
0.782525 0.865352
0.288797 0.208960
0.757164 0.045503
0.305185 0.881802
0.062624 0.283792
0.769402 0.021210
0.172613 0.399548
0.970000 0.121769
0.726920 0.280221
0.363140 0.838496
0.882321 0.915128
0.102786 0.844874
0.712638 0.299814
0.050111 0.512955
0.734886 0.483505
0.757500 0.586505
0.015290 0.875454
0.673208 0.191687
0.261635 0.592944
0.223212 0.217261
0.808374 0.131321
0.925993 0.594775
0.900266 0.137486
0.196631 0.510727
0.181402 0.568346
0.997284 0.081454
0.795495 0.014863
0.988708 0.522263
0.003388 0.474105
0.340678 0.341746
0.725059 0.348888
0.856746 0.593036
0.911008 0.958098
0.150395 0.337260
0.461592 0.978851
0.474380 0.119816
0.449538 0.104129
0.172887 0.794275
0.171453 0.643696
0.932585 0.897977
0.159398 0.440809
0.837886 0.613880
0.454512 0.012146
0.844295 0.101718
0.760674 0.911405
0.312540 0.341563
0.679739 0.521744
0.529283 0.096866
0.550584 0.438398
0.373302 0.237831
0.743583 0.107334
0.335429 0.305887
0.092013 0.156224
0.325205 0.719901
0.445143 0.075930
0.659902 0.290994
0.312876 0.809931
0.206336 0.127323
0.214850 0.357402
0.344646 0.747124
0.120334 0.738945
0.728538 0.543443
0.288186 0.363842
0.071810 0.048830
0.374920 0.881924
0.834284 0.857387
0.746513 0.906491
0.911100 0.058718
0.523026 0.408002
0.420789 0.374798
0.048982 0.378216
0.953642 0.182318
0.199316 0.835322
0.977386 0.568651
0.740013 0.897702
0.736595 0.105625
0.852138 0.891079
0.920927 0.945647
0.903714 0.838069
0.889035 0.618458
0.635762 0.876583
0.046876 0.044771
0.200507 0.360820
0.522721 0.440077
0.984100 0.447676
0.318461 0.776269
0.127537 0.594562
0.046419 0.385357
0.024598 0.419599
0.240211 0.972655
0.158330 0.127812
0.113651 0.550737
0.113681 0.257942
0.104770 0.322733
0.101810 0.840205
0.774682 0.893185
0.160100 0.827296
0.915586 0.400433
0.139561 0.512253
0.609699 0.213599
0.016999 0.726341
0.196875 0.457778
0.970367 0.386334
0.707724 0.300699
0.554857 0.079257
0.986785 0.297983
0.339488 0.089419
0.718375 0.253456
0.887783 0.613208
0.090274 0.837336
0.581378 0.022156
0.295663 0.343425
0.128025 0.892331
0.039613 0.393902
0.092288 0.763787
0.798364 0.000275
0.619739 0.159490
0.874508 0.304086
0.192724 0.743919
0.906980 0.001892
0.802393 0.539201
0.231819 0.991058
0.062990 0.715903
0.898434 0.184484
0.553331 0.081637
0.144383 0.856136
0.991302 0.363994
0.643269 0.917600
0.345775 0.045595
0.279397 0.218055
0.061586 0.313791
0.425123 0.338572
0.802606 0.456954
0.875668 0.411298
0.118015 0.489853
0.099002 0.995697
0.939421 0.288430
0.956175 0.542467
0.313456 0.015687
0.548418 0.476791
0.277749 0.119907
0.347850 0.431684
0.285195 0.686331
0.267281 0.663289
0.083468 0.423475
0.825953 0.178900
0.455916 0.065828
0.067049 0.609149
0.729942 0.473464
0.383618 0.355510
0.459273 0.210242
0.908719 0.044649
0.186316 0.881893
0.690817 0.014954
0.859859 0.505478
0.291971 0.162084
0.983673 0.187628
0.176550 0.086367
0.189520 0.495224
0.798364 0.178106
0.493240 0.496689
0.203711 0.738639
0.241615 0.682241
0.192785 0.620533
0.589618 0.034333
0.817347 0.096713
0.933561 0.218024
0.020356 0.024354
0.144047 0.795648
0.091739 0.102542
0.079104 0.265053
0.721824 0.510483
0.559893 0.989196
0.997497 0.497726
0.762383 0.411267
0.284494 0.598132
0.139683 0.211646
0.973846 0.049471
0.151585 0.718253
0.384686 0.351970
0.698874 0.143376
0.050111 0.323252
0.582018 0.980865
0.530137 0.331919
0.016358 0.876736
0.688528 0.387646
0.963530 0.571245
0.177313 0.266121
0.193915 0.581225
0.147160 0.046693
0.483810 0.316752
0.526505 0.946806
0.511368 0.918821
0.160131 0.243995
0.472579 0.135044
0.237190 0.759117
0.916898 0.147557
0.219855 0.580676
0.234718 0.811731
0.424390 0.226814
0.384014 0.261330
0.955321 0.277932
0.449293 0.958403
0.538957 0.442000
0.393994 0.268960
0.808161 0.127476
0.571062 0.898251
0.854701 0.936552
0.041993 0.558824
0.350047 0.927519
0.913358 0.585864
0.824274 0.403363
0.097018 0.281106
0.759331 0.256447
0.400922 0.266457
0.653310 0.401227
0.711386 0.326182
0.683248 0.136113
0.320078 0.296121
0.816980 0.309519
0.960997 0.235969
0.985229 0.644734
0.048982 0.851253
0.408551 0.316782
0.935087 0.300699
0.293649 0.290780
0.134709 0.307566
0.543687 0.465285
0.628468 0.401318
0.952666 0.139622
0.959532 0.173223
0.143986 0.530564
0.894711 0.034974
0.003388 0.168035
0.783929 0.369152
0.217139 0.213111
0.052126 0.213843
0.372662 0.429243
0.500198 0.146733
0.384320 0.373852
0.096744 0.958464
0.873074 0.534837
0.125706 0.155248
0.842952 0.073611
0.065462 0.963469
0.373119 0.161016
0.263558 0.505814
0.783410 0.476333
0.704703 0.945311
0.404798 0.107028
0.384503 0.020081
0.347423 0.248665
0.638874 0.455580
0.736503 0.121830
0.517441 0.468276
0.325236 0.758354
0.550127 0.092227
0.640919 0.188116
0.311899 0.108707
0.320597 0.057192
0.792261 0.209143
0.280862 0.734611
0.958037 0.260201
0.758141 0.585559
0.035646 0.700095
0.726493 0.896481
0.214515 0.549303
0.859340 0.942839
0.281961 0.104404
0.648183 0.123020
0.631825 0.528855
0.123814 0.847316
0.551622 0.114750
0.996094 0.342601
0.232398 0.340403
0.135441 0.615345
0.413953 0.302835
0.283425 0.395581
0.410749 0.270821
0.398846 0.437147
0.820551 0.343120
0.754723 0.089206
0.355907 0.311045
0.982299 0.451827
0.813776 0.255409
0.837519 0.385235
0.253395 0.005005
0.291086 0.921659
0.128758 0.398022
0.857326 0.361370
0.654073 0.509171
0.246620 0.891751
0.871761 0.128758
0.986663 0.648030
0.175390 0.585559
0.297800 0.074557
0.278573 0.739036
0.614277 0.296243
0.594317 0.366894
0.452651 0.273537
0.210547 0.797662
0.550432 0.124485
0.281381 0.544145
0.943785 0.516556
0.976867 0.079073
0.765954 0.896146
0.919218 0.151463
0.011567 0.925443
0.301035 0.291086
0.065554 0.722587
0.667104 0.016114
0.133824 0.649068
0.910031 0.972411
0.954131 0.888577
0.787683 0.458998
0.410779 0.942839
0.830622 0.277444
0.146092 0.915281
0.678732 0.534593
0.951628 0.976653
0.883419 0.287362
0.467696 0.004273
0.193548 0.994446
0.753136 0.445784
0.603748 0.495773
0.000793 0.605823
0.939817 0.462874
0.902158 0.308298
0.169439 0.092776
0.065676 0.628498
0.667013 0.332774
0.010865 0.207678
0.651967 0.531053
0.810144 0.067202
0.575945 0.988006
0.779321 0.060579
0.587390 0.305979
0.989776 0.270882
0.376965 0.869808
0.479141 0.324717
0.302683 0.018677
0.218329 0.658010
0.478591 0.331858
0.125278 0.290475
0.843532 0.483291
0.832759 0.981597
0.433027 0.415601
0.864925 0.602710
0.801538 0.460158
0.743889 0.539201
0.980529 0.342875
0.933500 0.167333
0.832942 0.081759
0.056948 0.090609
0.238594 0.168462
0.826868 0.947874
0.715812 0.940367
0.700888 0.405408
0.911832 0.223640
0.222419 0.641530
0.983093 0.126133
0.800714 0.144871
0.889828 0.536332
0.292154 0.164556
0.949461 0.423292
0.912229 0.026124
0.506241 0.408429
0.750053 0.853511
0.839442 0.449355
0.046663 0.082308
0.183782 0.421613
0.845515 0.993286
0.842921 0.067080
0.619587 0.153661
0.876797 0.531480
0.194281 0.527879
0.807337 0.288156
0.899686 0.625050
0.102756 0.207709
0.279855 0.398083
0.052705 0.521256
0.937010 0.369732
0.099399 0.123264
0.024018 0.072085
0.174322 0.135594
0.925871 0.598865
0.750816 0.375347
0.980834 0.066439
0.406964 0.459761
0.306345 0.141667
0.467727 0.368023
0.611438 0.231391
0.271645 0.098422
0.331706 0.322550
0.283364 0.084872
0.676840 0.266518
0.835841 0.307413
0.269539 0.005982
0.168004 0.348613
0.964415 0.671316
0.307230 0.371075
0.039552 0.629536
0.047365 0.808100
0.250282 0.949370
0.627461 0.895993
0.584246 0.908658
0.656117 0.087222
0.766961 0.327525
0.840297 0.009003
0.328898 0.752464
0.108158 0.130039
0.392560 0.335032
0.283609 0.763756
0.916135 0.193518
0.924650 0.017457
0.983612 0.836756
0.312784 0.336283
0.736625 0.146062
0.589007 0.138279
0.231300 0.845820
0.136357 0.990905
0.895413 0.417280
0.858699 0.129948
0.179418 0.991546
0.522691 0.979553
0.100314 0.837703
0.105045 0.028016
0.093234 0.867428
0.718955 0.891720
0.942808 0.327067
0.324931 0.089694
0.719718 0.076693
0.698172 0.513657
0.255684 0.280099
0.507431 0.266915
0.134312 0.183844
0.311960 0.901547
0.298532 0.848323
0.763329 0.465468
0.097049 0.249306
0.797662 0.418592
0.718833 0.947233
0.864040 0.541429
0.024018 0.136753
0.301828 0.241829
0.781823 0.585223
0.894772 0.337687
0.768090 0.947905
0.743706 0.275704
0.645589 0.966002
0.231758 0.702017
0.142247 0.807245
0.739586 0.007935
0.965117 0.431257
0.189398 0.401105
0.015809 0.214606
0.340983 0.277535
0.622120 0.364879
0.241859 0.474349
0.148961 0.621632
0.375774 0.112125
0.861202 0.375774
0.138157 0.658406
0.997375 0.816340
0.167943 0.399518
0.758171 0.265084
0.508805 0.093081
0.067324 0.443342
0.479019 0.200568
0.090640 0.134648
0.350017 0.842311
0.029481 0.842494
0.941465 0.191321
0.373180 0.356792
0.598621 0.955657
0.453810 0.250893
0.835475 0.474441
0.700461 0.232826
0.035493 0.982421
0.719565 0.340403
0.771996 0.130039
0.708365 0.570086
0.032167 0.491897
0.111393 0.147099
0.187017 0.637440
0.041963 0.662069
0.172063 0.366985
0.903806 0.611805
0.983123 0.531083
0.423719 0.092105
0.995087 0.416822
0.694601 0.927152
0.316324 0.273446
0.705679 0.025239
0.137120 0.331278
0.753075 0.116428
0.180120 0.181219
0.772973 0.587024
0.230049 0.682089
0.119327 0.598865
0.772210 0.958983
0.150822 0.200995
0.026185 0.564470
0.585345 0.083865
0.999939 0.231300
0.455641 0.956359
0.645466 0.367351
0.245582 0.744163
0.662832 0.260140
0.908170 0.206183
0.139805 0.077944
0.009186 0.337321
0.410810 0.246681
0.380108 0.126530
0.737632 0.981689
0.632435 0.187140
0.534898 0.357799
0.085086 0.431867
0.653706 0.553911
0.099948 0.795465
0.986816 0.242836
0.010468 0.175909
0.238716 0.118564
0.742973 0.067537
0.096469 0.547990
0.439497 0.944304
0.639485 0.182501
0.281014 0.362743
0.221931 0.920621
0.727836 0.900693
0.186010 0.656178
0.937895 0.324076
0.976775 0.436140
0.752647 0.378857
0.294046 0.103854
0.697104 0.282449
0.631855 0.165197
0.626637 0.139348
0.165593 0.127567
0.467269 0.003906
0.135899 0.046480
0.003693 0.341868
0.689932 0.297983
0.620869 0.038789
0.034730 0.520951
0.049654 0.848811
0.754234 0.253945
0.233222 0.980712
0.820551 0.139775
0.909268 0.188177
0.683065 0.382031
0.462661 0.378887
0.583026 0.330424
0.854091 0.949950
0.269082 0.170660
0.351176 0.266549
0.311258 0.819941
0.819971 0.377972
0.121006 0.866726
0.167608 0.546312
0.336589 0.994751
0.008972 0.273263
0.240486 0.515030
0.293313 0.261666
0.387677 0.264351
0.155339 0.297617
0.789666 0.962859
0.778161 0.979431
0.978607 0.038728
0.862575 0.457900
0.108707 0.669362
0.477004 0.999023
0.092074 0.557390
0.527970 0.012360
0.383923 0.255379
0.827021 0.890896
0.119877 0.838527
0.704245 0.348277
0.812311 0.571184
0.323496 0.033876
0.293497 0.146306
0.177801 0.824854
0.245155 0.013306
