0.601703 0.823394
0.950959 0.767800
0.410772 0.838307
0.990287 0.749654
0.477107 0.736078
0.366738 0.760504
0.797870 0.796610
0.426047 0.573085
0.379764 0.697354
0.425523 0.759051
0.369416 0.766941
0.875213 0.702292
0.556426 0.848645
0.755386 0.766028
0.405895 0.883973
0.788284 0.693804
0.764789 0.806986
0.510844 0.756422
0.423139 0.694286
0.647027 0.585484
0.437409 0.533685
0.640436 0.813229
0.670419 0.731161
0.316749 0.604961
0.599077 0.693143
0.650902 0.706151
0.281283 0.521114
0.360719 0.600589
0.863553 0.737237
0.253254 0.436147
0.765202 0.748404
0.434329 0.768231
0.384873 0.555466
0.806614 0.755860
0.731636 0.613573
0.323534 0.635521
0.637042 0.772732
0.314844 0.578934
0.435521 0.802281
0.481815 0.865054
0.468482 0.770729
0.646195 0.591231
0.823862 0.641900
0.966011 0.742382
0.595323 0.598222
0.389934 0.625658
0.426997 0.531662
0.649418 0.774680
0.884017 0.673804
0.619787 0.766447
0.681367 0.741680
0.410952 0.873741
0.919778 0.708808
0.634130 0.822769
0.598669 0.830145
0.353459 0.590779
0.482405 0.780156
0.793522 0.717425
0.930489 0.721906
0.697663 0.618913
0.812259 0.635584
0.723374 0.741788
0.903715 0.738975
0.739794 0.712192
0.815777 0.757206
0.665359 0.687094
0.449271 0.893412
0.396670 0.831451
0.998914 0.742693
0.724150 0.785168
0.323889 0.601563
0.567189 0.743721
0.737242 0.821403
0.709220 0.854630
0.518702 0.825792
0.800666 0.795734
0.900083 0.694117
0.566229 0.609590
0.454559 0.768870
0.292465 0.450945
0.400108 0.617277
0.542683 0.875591
0.416407 0.548888
0.640612 0.774062
0.924720 0.769353
0.509710 0.688091
0.687490 0.636115
0.479593 0.514865
0.478000 0.743243
0.685710 0.719936
0.989752 0.767886
0.764304 0.653224
0.845759 0.665551
0.845342 0.664151
0.391667 0.747163
0.299247 0.437474
0.621738 0.549895
0.483527 0.638756
0.443258 0.843135
0.430221 0.717373
0.887234 0.739263
0.514402 0.560887
0.819941 0.748966
0.517932 0.875343
0.658691 0.624670
0.659954 0.852624
0.332688 0.487775
0.461818 0.768388
0.712668 0.814741
0.407563 0.915766
0.444786 0.513251
0.847723 0.683257
0.508349 0.822305
0.472948 0.831699
0.370887 0.492022
0.317575 0.476708
0.603949 0.571366
0.979044 0.794976
0.623230 0.621411
0.284972 0.516070
0.712660 0.681231
0.654358 0.798379
0.350612 0.742588
0.672137 0.614487
0.532800 0.764402
0.356368 0.475565
0.326626 0.610291
0.500618 0.892898
0.900918 0.720442
0.875871 0.759261
0.959702 0.711991
0.450696 0.841287
0.733724 0.700650
0.514764 0.635926
0.489423 0.731234
0.530173 0.613059
0.688208 0.706982
0.367569 0.724860
0.727120 0.704843
0.881999 0.752089
0.343876 0.528545
0.687740 0.848126
0.641209 0.806426
0.609784 0.645407
0.594677 0.737335
0.388149 0.614451
0.462353 0.769856
0.922460 0.779139
0.382198 0.601466
0.835288 0.684027
0.534175 0.873550
0.751760 0.827984
0.425397 0.645751
0.890860 0.688757
0.756341 0.828422
0.320322 0.655597
0.593247 0.708182
0.522194 0.510155
0.526738 0.878074
0.483166 0.577045
0.357149 0.603297
0.557127 0.626940
0.330317 0.636537
0.373279 0.694007
0.459133 0.654120
0.326328 0.597634
0.440454 0.707754
0.389591 0.853468
0.374233 0.742087
0.403920 0.679756
0.661738 0.825576
0.354173 0.580495
0.702480 0.587626
0.665424 0.775648
0.427428 0.785673
0.808401 0.796924
0.902232 0.817710
0.342864 0.513885
0.432359 0.653431
0.391255 0.827838
0.359469 0.596813
0.600560 0.613008
0.625146 0.830333
0.350962 0.622562
0.885147 0.658228
0.477462 0.698175
0.565995 0.678248
0.321558 0.432815
0.360477 0.535972
0.363032 0.478125
0.843684 0.797291
0.470371 0.520885
0.512814 0.863208
0.986897 0.776519
0.954590 0.789406
0.412962 0.656131
0.606208 0.544926
0.336437 0.496434
0.327218 0.553474
0.832014 0.667468
0.646016 0.592339
0.778286 0.646160
0.558847 0.540264
0.666781 0.581524
0.608722 0.786642
0.563197 0.645635
0.503214 0.521674
0.779183 0.726360
0.937929 0.777966
0.272293 0.427835
0.624910 0.866864
0.952561 0.694032
0.492874 0.730892
0.297114 0.590206
0.416547 0.904367
0.728374 0.782093
0.632105 0.793065
0.687190 0.599643
0.848853 0.664058
0.819052 0.807089
0.742943 0.648259
0.823751 0.777980
0.694865 0.590378
0.482470 0.879706
0.911568 0.722358
0.752292 0.774041
0.287531 0.537371
0.830292 0.715067
0.690403 0.595415
0.445918 0.540767
0.522978 0.696813
0.386355 0.471714
0.530715 0.732478
0.544763 0.835686
0.367261 0.549838
0.526011 0.662998
0.487213 0.589211
0.419094 0.718723
0.925256 0.782450
0.353815 0.570289
0.498409 0.754858
0.903894 0.743002
0.329115 0.439754
0.728674 0.821218
0.817913 0.657278
0.459135 0.675291
0.607592 0.801835
0.441517 0.582031
0.693203 0.654669
0.848914 0.698359
0.326982 0.584049
0.646614 0.639432
0.460262 0.621960
0.874681 0.756618
0.485848 0.643869
0.418679 0.737672
0.348700 0.607860
0.418080 0.676163
0.264856 0.429159
0.490070 0.609856
0.877055 0.664113
0.681955 0.620749
0.288893 0.430879
0.782818 0.825142
0.418733 0.652121
0.652203 0.578897
0.645486 0.685030
0.307524 0.554482
0.423841 0.494619
0.301868 0.493570
0.447714 0.724396
0.500840 0.615761
0.794415 0.733622
0.695643 0.674565
0.408990 0.902195
0.410650 0.802426
0.792100 0.824850
0.505674 0.858467
0.249326 0.426748
0.358697 0.613907
0.934595 0.731966
0.405106 0.619709
0.631141 0.581540
0.619897 0.606583
0.846116 0.665034
0.652921 0.643636
0.592008 0.879748
0.668221 0.795856
0.516427 0.594777
0.413141 0.653959
0.681006 0.660207
0.903001 0.736823
0.850877 0.694043
0.774895 0.665026
0.832676 0.789662
0.421703 0.564924
0.485845 0.597623
0.274974 0.492077
0.377919 0.683237
0.468833 0.676007
0.859803 0.702148
0.881520 0.699678
0.728491 0.740532
0.797742 0.645399
0.596751 0.588916
0.338104 0.512277
0.711121 0.810854
0.389331 0.487528
0.875454 0.753792
0.681420 0.623625
0.782757 0.789996
0.455328 0.690863
0.498528 0.761939
0.556823 0.530870
0.381432 0.729522
0.607284 0.614447
0.473170 0.574042
0.611042 0.784274
0.563680 0.769125
0.683218 0.838099
0.510658 0.625655
0.961250 0.722006
0.371244 0.494409
0.332447 0.436995
0.759426 0.672194
0.567715 0.587135
0.669940 0.679823
0.797038 0.810184
0.479124 0.638251
0.532737 0.718870
0.329414 0.462529
0.634532 0.583429
0.736458 0.643339
0.341566 0.702522
0.543267 0.683190
0.382197 0.586893
0.911926 0.746917
0.380890 0.616075
0.626565 0.673774
0.818393 0.736940
0.356258 0.627149
0.485787 0.614788
0.371126 0.510409
0.606704 0.876777
0.304431 0.571409
0.389817 0.648803
0.387145 0.745205
0.888718 0.680555
0.620077 0.635623
0.534048 0.741976
0.382857 0.673642
0.441462 0.657189
0.375887 0.533109
0.377689 0.818576
0.655135 0.861332
0.415113 0.807837
0.362256 0.444919
0.754316 0.787872
0.433137 0.734111
0.773109 0.645805
0.795661 0.671977
0.433836 0.476029
0.273900 0.433849
0.704340 0.838264
0.445760 0.895149
0.762707 0.816158
0.695761 0.651615
0.631752 0.853783
0.274259 0.465123
0.471339 0.786819
0.528331 0.652209
0.670598 0.742960
0.662144 0.647118
0.738718 0.632105
0.755736 0.650174
0.723790 0.740386
0.987135 0.783988
0.567537 0.588508
0.482570 0.551841
0.825835 0.812972
0.350125 0.558632
0.922454 0.685121
0.478583 0.537052
0.429992 0.871519
0.612754 0.550752
0.333816 0.448603
0.650839 0.652080
0.486629 0.779256
0.312280 0.488369
0.509007 0.876848
0.556651 0.640850
0.281819 0.533984
0.849929 0.752276
0.508093 0.516088
0.867839 0.769801
0.680058 0.726580
0.896282 0.811182
0.534115 0.872416
0.379534 0.827003
0.437766 0.525882
0.454983 0.902575
0.364759 0.506355
0.716464 0.613370
0.527509 0.847855
0.345433 0.695815
0.991297 0.724877
0.622579 0.684428
0.429975 0.596876
0.688692 0.848785
0.811613 0.787680
0.636333 0.850589
0.415952 0.911252
0.630606 0.592829
0.483896 0.834571
0.638939 0.648181
0.486566 0.714299
0.594254 0.624089
0.399165 0.764981
0.553909 0.546196
0.917878 0.770569
0.285150 0.521717
0.399095 0.593413
0.493172 0.743728
0.477874 0.634584
0.627880 0.776919
0.313713 0.572651
0.563734 0.672562
0.588075 0.779947
0.452475 0.754806
0.576893 0.837594
0.560176 0.872245
0.596281 0.700985
0.453531 0.494242
0.793763 0.770718
0.973743 0.700793
0.419083 0.533559
0.569867 0.753875
0.375408 0.482836
0.724141 0.643268
0.412252 0.721466
0.676136 0.817461
0.471098 0.742371
0.411109 0.516620
0.781505 0.746759
0.926209 0.800030
0.580039 0.723353
0.397185 0.495047
0.648527 0.800825
0.684943 0.839469
0.587307 0.861327
0.484246 0.725018
0.863855 0.802847
0.740865 0.711589
0.895801 0.733093
0.581409 0.733090
0.611098 0.726890
0.844219 0.787966
0.381481 0.558390
0.854573 0.815129
0.805424 0.762398
0.372629 0.770227
0.291041 0.520240
0.749906 0.665135
0.400820 0.582927
0.335899 0.454630
0.784898 0.778240
0.875756 0.823283
0.531715 0.526105
0.373753 0.670197
0.471391 0.674079
0.710998 0.751165
0.830525 0.636986
0.712726 0.781266
0.556240 0.718333
0.431239 0.833267
0.610436 0.602176
0.826488 0.790371
0.290924 0.566692
0.389391 0.499352
0.778592 0.790745
0.636565 0.756104
0.351373 0.531446
0.537190 0.551044
0.394451 0.544789
0.593671 0.826281
0.297822 0.501963
0.499655 0.703341
0.907047 0.739042
0.427295 0.549492
0.761388 0.654213
0.737002 0.786503
0.716406 0.639848
0.917757 0.750012
0.325666 0.464327
0.576943 0.680252
0.988916 0.716782
0.494895 0.702093
0.794897 0.830979
0.960714 0.713652
0.546001 0.632164
0.934355 0.705056
0.675780 0.838272
0.745215 0.820788
0.444204 0.735603
0.526005 0.566663
0.464067 0.579621
0.897826 0.756809
0.690167 0.634318
0.426404 0.575260
0.397678 0.780863
0.388933 0.799926
0.453131 0.775531
0.351382 0.670294
0.446469 0.800622
0.529110 0.745333
0.813272 0.666726
0.661080 0.770336
0.799708 0.686765
0.459975 0.793075
0.489591 0.549651
0.424508 0.708124
0.435740 0.476135
0.549514 0.687943
0.415416 0.890156
0.849096 0.753164
0.648814 0.612907
0.635427 0.627213
0.495490 0.701633
0.618947 0.637581
0.374652 0.780842
0.606400 0.762925
0.345780 0.532510
0.803403 0.787996
0.387369 0.510557
0.621570 0.732308
0.540883 0.612908
0.742951 0.774522
0.650732 0.852837
0.705288 0.767422
0.610624 0.749527
0.780668 0.690725
0.455499 0.575319
0.382439 0.654594
0.579274 0.849719
0.352031 0.587101
0.594149 0.868102
0.523574 0.706449
0.293125 0.558347
0.416530 0.620911
0.429318 0.549439
0.491563 0.696868
0.437652 0.618987
0.614009 0.644468
0.581768 0.780659
0.530887 0.621394
0.540124 0.871915
0.480858 0.773577
0.513091 0.514983
0.783109 0.704954
0.568727 0.599180
0.426590 0.703397
0.887764 0.657223
0.355183 0.566573
0.388213 0.703787
0.412834 0.492946
0.472644 0.721839
0.371727 0.613986
0.350485 0.606889
0.372153 0.783276
0.303535 0.512848
0.442547 0.887981
0.270449 0.431281
0.531911 0.831361
0.667925 0.816563
0.485667 0.603270
0.416353 0.644191
0.628581 0.557961
0.559276 0.759980
0.309964 0.568226
0.720456 0.706666
0.375942 0.457130
0.411365 0.809274
0.456463 0.770816
0.815305 0.835621
0.621570 0.726078
0.497759 0.827447
0.556006 0.792876
0.869804 0.787500
0.455634 0.834666
0.711233 0.701055
0.430803 0.498973
0.646907 0.572049
0.421471 0.670460
0.424038 0.802403
0.595930 0.796936
0.697849 0.748154
0.319595 0.435934
0.561889 0.661411
0.773831 0.775073
0.828157 0.830499
0.971781 0.716098
0.556414 0.644628
0.943464 0.793042
0.538679 0.580141
0.423209 0.878619
0.864857 0.659077
0.509060 0.769852
0.903420 0.782035
0.422471 0.476211
0.587110 0.552526
0.436529 0.738317
0.338887 0.668865
0.505307 0.692266
0.920732 0.748349
0.263727 0.454604
0.523403 0.830611
0.438548 0.683362
0.352214 0.654255
0.699271 0.653196
0.404337 0.685969
0.804466 0.661599
0.572483 0.726049
0.702730 0.783797
0.595637 0.875504
0.595745 0.678950
0.958755 0.794174
0.424389 0.699447
0.604724 0.592167
0.557259 0.846631
0.331376 0.442763
0.525607 0.868903
0.657571 0.791968
0.456873 0.663930
0.668929 0.693628
0.319726 0.633054
0.744975 0.790498
0.477574 0.587758
0.448304 0.641564
0.460200 0.577946
0.288896 0.472343
0.696952 0.669848
0.498831 0.852217
0.515293 0.537114
0.419914 0.491662
0.534636 0.621413
0.511145 0.819683
0.416899 0.813902
0.444797 0.702085
0.641080 0.630148
0.521552 0.723196
0.438423 0.571824
0.541361 0.660419
0.335256 0.642947
0.768177 0.757057
0.768299 0.803371
0.761155 0.732716
0.806556 0.778354
0.380707 0.540336
0.422363 0.657613
0.500669 0.747772
0.775368 0.610536
0.902705 0.769466
0.408261 0.650890
0.850580 0.697587
0.498336 0.530955
0.761508 0.671506
0.587347 0.543873
0.330254 0.586739
0.321860 0.499771
0.428733 0.723041
0.397609 0.614742
0.962383 0.774989
0.917344 0.806316
0.752642 0.649046
0.510016 0.843148
0.794290 0.634018
0.316384 0.466474
0.612339 0.574788
0.265037 0.481482
0.495063 0.515524
0.600036 0.798731
0.360662 0.652643
0.287413 0.544715
0.320735 0.589118
0.458073 0.830198
0.509589 0.664544
0.905559 0.733863
0.737002 0.794024
0.479183 0.629163
0.341611 0.460232
0.434195 0.513541
0.669761 0.668424
0.422008 0.682446
0.871707 0.774857
0.334721 0.662642
0.346029 0.703057
0.546117 0.582237
0.411776 0.719301
0.387842 0.467791
0.308240 0.583518
0.742951 0.782771
0.412077 0.784589
0.774894 0.651800
0.780974 0.822444
0.776507 0.754117
0.448963 0.717724
0.786328 0.820924
0.711590 0.696813
0.527496 0.630047
0.945424 0.738135
0.434870 0.859679
0.343761 0.586103
0.627338 0.663793
0.843329 0.828174
0.655183 0.656280
0.437360 0.716267
0.658228 0.836298
0.744488 0.612419
0.588071 0.711208
0.917575 0.689142
0.472116 0.857741
0.395358 0.779748
0.284849 0.457351
0.706002 0.770051
0.829457 0.682160
0.325609 0.516217
0.361022 0.688543
0.407544 0.594603
0.492050 0.884526
0.427610 0.846417
0.738126 0.681933
0.762221 0.645170
0.376843 0.591943
0.528858 0.520581
0.733366 0.687909
0.441536 0.893630
0.351740 0.689202
0.810479 0.725627
0.962503 0.791884
0.655368 0.764296
0.520833 0.648384
0.382970 0.571309
0.515430 0.829684
0.502563 0.580731
0.344408 0.465750
0.407074 0.688068
0.539164 0.737471
0.525053 0.563123
0.565692 0.582930
0.445153 0.684092
0.368512 0.589326
0.795189 0.740014
0.397248 0.549822
0.431824 0.662451
0.471801 0.557888
0.746873 0.695639
0.602836 0.865162
0.779417 0.655198
0.638519 0.581016
0.463304 0.747396
0.404216 0.653836
0.380412 0.582871
0.288955 0.463811
0.694812 0.700848
0.904728 0.764631
0.446817 0.650300
0.962796 0.707141
0.484846 0.808543
0.332989 0.544878
0.748362 0.712049
0.986000 0.704810
0.432240 0.659679
0.509236 0.733902
0.668448 0.601499
0.391412 0.462813
0.491500 0.644965
0.828982 0.692760
0.424281 0.883314
0.418195 0.610888
0.947029 0.716061
0.433127 0.568521
0.327275 0.503924
0.446463 0.697767
0.376419 0.467137
0.795071 0.761031
0.714809 0.791856
0.721884 0.706016
0.906688 0.699942
0.286100 0.475410
0.363994 0.650026
0.741991 0.641667
0.409214 0.665027
0.412953 0.499510
0.910733 0.694099
0.550106 0.630923
0.704220 0.822504
0.627052 0.867888
0.576463 0.617659
0.392374 0.636991
0.594671 0.637118
0.410876 0.588057
0.467347 0.693563
0.710706 0.838115
0.453902 0.726403
0.508292 0.862792
0.410036 0.466696
0.489121 0.660130
0.813035 0.672523
0.458013 0.827601
0.957148 0.790281
0.675245 0.848880
0.912165 0.753266
0.413094 0.863551
0.697017 0.766956
0.463361 0.711511
0.912874 0.666049
0.352681 0.507758
0.893186 0.769575
0.249564 0.414769
0.613118 0.670996
0.433191 0.633393
0.495022 0.842158
0.396965 0.794755
0.599671 0.678080
0.334066 0.650471
0.561123 0.801317
0.736226 0.756686
0.311924 0.503560
0.915672 0.700595
0.458077 0.892590
0.759187 0.657799
0.603123 0.693680
0.325614 0.591201
0.319663 0.582975
0.907528 0.817647
0.391238 0.542176
0.351259 0.606434
0.552840 0.575694
0.368225 0.757990
0.588014 0.756055
0.854334 0.798714
0.744022 0.785909
0.322761 0.647568
0.627213 0.565872
0.618779 0.810298
0.670306 0.831326
0.372196 0.494944
0.549506 0.555083
0.370776 0.633534
0.661432 0.687846
0.794537 0.786924
0.704272 0.696522
0.521779 0.542088
0.422474 0.518802
0.778345 0.645564
0.642746 0.639690
0.712430 0.803633
0.930553 0.796342
0.823275 0.783751
0.499826 0.577583
0.434912 0.561258
0.502101 0.806634
0.549210 0.577974
0.465031 0.782999
0.374296 0.784810
0.907878 0.698499
0.665650 0.574364
0.353691 0.480931
0.386426 0.655077
0.871704 0.724878
0.747288 0.668597
0.359702 0.516626
0.950479 0.703047
0.276222 0.461378
0.935430 0.768591
0.701473 0.652443
0.612639 0.616856
0.895031 0.781837
0.660788 0.860980
0.827321 0.777823
0.676851 0.833059
0.341678 0.583316
0.728126 0.612109
0.756631 0.702662
0.573199 0.758027
0.445278 0.783140
0.682623 0.840014
0.313240 0.632244
0.749254 0.717453
0.465437 0.604032
0.638232 0.758086
0.447357 0.732246
0.448435 0.839178
0.258489 0.424831
0.641196 0.587672
0.997068 0.721047
0.269616 0.431174
0.830293 0.739728
0.611445 0.552025
0.565159 0.620657
0.750382 0.675377
0.882951 0.757851
0.889671 0.702675
0.402307 0.574637
0.762169 0.776428
0.419283 0.889968
0.619019 0.860146
0.477234 0.872560
0.867417 0.682398
0.558493 0.596199
0.461759 0.783455
0.576598 0.875919
0.482878 0.738337
0.522260 0.628958
0.841536 0.697592
0.426237 0.771745
0.297705 0.535134
0.791620 0.757382
0.314669 0.633527
0.413210 0.824228
0.838915 0.641128
0.436937 0.601464
0.699391 0.661873
0.404101 0.727665
0.620494 0.639770
0.856892 0.787481
0.484472 0.514060
0.821424 0.667633
0.597124 0.860335
0.664643 0.658363
0.441043 0.601960
0.458949 0.555441
0.304491 0.585432
0.351550 0.497218
0.785434 0.787800
0.546710 0.558088
0.681787 0.788378
0.561069 0.886172
0.282825 0.435882
0.424864 0.687986
0.378566 0.553970
0.571004 0.870471
0.738305 0.698709
0.863551 0.701314
0.545403 0.585814
0.646138 0.637518
0.672507 0.816837
0.365774 0.571754
0.329123 0.574547
0.413089 0.782039
0.533149 0.641943
0.896460 0.802772
0.405470 0.726790
0.780080 0.808760
0.565822 0.769930
0.402916 0.817296
0.297642 0.465872
0.446351 0.823900
0.604604 0.571094
0.448414 0.496046
0.824646 0.825286
0.586521 0.650604
0.610391 0.834714
0.643993 0.597338
0.591406 0.768142
0.626203 0.589992
0.254025 0.402977
0.716769 0.729804
0.815534 0.686531
0.956488 0.700175
0.818990 0.760163
0.911210 0.711972
0.795905 0.773840
0.471758 0.836422
0.737471 0.678559
0.832612 0.712034
0.967738 0.778470
0.720214 0.630340
0.678744 0.656180
0.460314 0.500094
0.796201 0.756318
0.430459 0.730383
0.405757 0.555495
0.838325 0.720782
0.974165 0.784636
0.442705 0.550183
0.539749 0.554165
0.446533 0.875832
0.281341 0.490144
0.444690 0.907311
0.782279 0.758435
0.320310 0.450624
0.640253 0.729976
0.351369 0.466182
0.443541 0.585469
0.335375 0.649565
0.343636 0.490318
0.749615 0.787084
0.521658 0.508899
0.584021 0.645784
0.532496 0.655239
0.683811 0.815765
0.733783 0.688017
0.436340 0.560717
0.587483 0.833618
0.993201 0.730376
0.381070 0.635418
0.594792 0.672037
0.761624 0.621219
0.358569 0.467776
0.413727 0.505824
0.386721 0.617261
0.645905 0.723504
0.401309 0.798149
0.307461 0.501961
0.812143 0.687201
0.379221 0.575533
0.633056 0.765323
0.627575 0.648229
0.775616 0.776967
0.898535 0.682051
0.931028 0.791886
0.406967 0.890234
0.856180 0.823005
0.806795 0.797977
0.860461 0.772501
0.386547 0.701054
0.611818 0.823812
0.306093 0.498454
0.510909 0.848842
0.483942 0.608396
0.275987 0.516496
0.414270 0.629375
0.905560 0.743583
0.380466 0.490933
0.417000 0.518696
0.387850 0.600503
0.826906 0.801295
0.368994 0.689571
0.616690 0.714854
0.936674 0.677769
0.903834 0.733635
0.629841 0.736273
0.417966 0.761919
0.568792 0.679008
0.333949 0.677349
0.415276 0.551472
0.615254 0.581618
0.313645 0.425548
0.576470 0.725131
0.575986 0.596695
0.383571 0.674988
0.437726 0.860460
0.935729 0.794755
0.614965 0.715785
0.739499 0.763493
0.743357 0.601894
0.770084 0.805742
0.888662 0.750376
0.364942 0.575427
0.476737 0.519124
0.724328 0.788671
0.479537 0.570160
0.430048 0.821702
0.412724 0.653929
0.878068 0.690285
0.470867 0.869852
0.953933 0.749937
0.390879 0.508429
0.361556 0.666296
0.435463 0.822811
0.456755 0.687326
0.502619 0.519637
0.427004 0.649065
0.320192 0.473550
0.494192 0.886498
0.443022 0.865994
0.746226 0.813636
0.459501 0.824938
0.369178 0.766500
0.458653 0.582606
0.851594 0.741736
0.529933 0.590478
0.895561 0.695227
0.673517 0.806758
0.804525 0.648731
0.362387 0.634111
0.504415 0.708596
0.956255 0.781746
0.503402 0.677180
0.368447 0.480611
0.625969 0.667651
0.411240 0.705436
0.796316 0.675030
0.969641 0.749713
0.429033 0.754997
0.773115 0.742351
0.697438 0.833400
0.445574 0.760563
0.773951 0.794934
0.452174 0.680430
0.514820 0.572335
0.883126 0.690885
0.705099 0.603557
0.440152 0.640642
0.772997 0.754352
0.864262 0.650943
0.941255 0.679968
0.742887 0.710159
0.506673 0.646170
0.349779 0.728143
0.502277 0.762826
0.881458 0.670652
0.643704 0.738454
0.633596 0.844037
0.727597 0.730667
0.475088 0.800886
0.496800 0.725482
0.512795 0.549300
0.705697 0.642246
0.445165 0.884565
0.457232 0.703453
0.424681 0.616168
0.931680 0.745703
0.956785 0.683811
0.705339 0.626749
0.455575 0.851925
0.369714 0.788676
0.598194 0.847413
0.567668 0.795936
0.938580 0.709439
0.399981 0.472319
0.307219 0.425495
0.991239 0.759212
0.426833 0.782329
0.543327 0.700994
0.608470 0.547834
0.322571 0.448171
0.747701 0.610274
0.646016 0.583636
0.833030 0.729024
0.835592 0.791413
0.970118 0.769910
0.693270 0.791857
0.630383 0.843490
0.808454 0.683080
0.531370 0.741526
0.681784 0.738321
0.710049 0.795945
0.450265 0.602499
0.924244 0.766350
0.810773 0.663541
0.534353 0.862761
0.426101 0.480349
0.549812 0.686285
0.397327 0.879107
0.744370 0.633592
0.593845 0.760285
0.364951 0.739569
0.449925 0.897185
0.551961 0.802530
0.898356 0.664900
0.388325 0.584088
0.771396 0.845283
0.445619 0.515893
0.381974 0.835988
0.453892 0.562175
0.640125 0.580644
0.881041 0.661661
0.587716 0.747891
0.798752 0.630483
0.532256 0.627061
0.412379 0.861219
0.502028 0.579365
0.393518 0.849718
0.366125 0.455454
0.866651 0.795522
0.619960 0.664067
0.655425 0.727370
0.300857 0.507508
0.637343 0.830500
0.411484 0.805804
0.710098 0.620101
0.914302 0.666761
0.884556 0.738939
0.414822 0.910197
0.676251 0.758855
0.940841 0.715846
0.453139 0.905112
0.527920 0.750439
0.620855 0.716030
0.723603 0.590891
0.553926 0.836140
0.562778 0.612484
0.488647 0.696181
0.759843 0.674658
0.480322 0.767845
0.418033 0.888478
0.690537 0.850639
0.681901 0.717030
0.641440 0.673717
0.905324 0.780529
0.346853 0.554697
0.311990 0.609481
0.544751 0.635683
0.618232 0.619330
0.476688 0.697942
0.393446 0.640121
0.860344 0.796241
0.504585 0.563718
0.415834 0.913727
0.575402 0.776589
0.416059 0.697033
0.736942 0.789682
0.825054 0.675120
0.443118 0.487821
0.507619 0.548343
0.449198 0.669743
0.370905 0.795631
0.740515 0.828891
0.588661 0.630803
0.696483 0.786338
0.412548 0.691226
0.434682 0.708266
0.325556 0.614220
0.609129 0.636320
0.351439 0.627835
0.508173 0.865643
0.864267 0.741870
0.606748 0.619538
0.495201 0.846076
0.991536 0.745611
0.490600 0.515818
0.312879 0.565250
0.723498 0.825050
0.465752 0.899182
0.379767 0.735914
0.512205 0.626473
0.750626 0.777905
0.339362 0.653257
0.444860 0.762731
0.342446 0.495283
0.661901 0.574846
0.443300 0.538461
0.678573 0.777892
0.618597 0.758726
0.928166 0.686152
0.390470 0.630271
0.966069 0.723903
0.633765 0.682622
0.432364 0.747629
0.399462 0.757657
0.590448 0.664933
0.355835 0.519686
0.633232 0.722274
0.565526 0.799654
0.616037 0.736986
0.498410 0.779191
0.572962 0.766109
0.813807 0.651977
0.950243 0.740063
0.356432 0.553021
0.378569 0.609490
0.705041 0.624079
0.642518 0.802985
0.364282 0.487371
0.959407 0.754918
0.930549 0.735867
0.969519 0.708353
0.296214 0.463204
0.404403 0.808982
0.567669 0.806924
0.433266 0.909498
0.448731 0.821272
0.645360 0.573014
0.651553 0.657840
0.690408 0.683689
0.580215 0.667829
0.558671 0.580660
0.738605 0.739290
0.366798 0.769410
0.465677 0.634299
0.670362 0.769269
0.311984 0.522796
0.522082 0.634801
0.411904 0.869948
0.409805 0.590076
0.380053 0.552599
0.523153 0.632781
0.369518 0.495645
0.986779 0.790734
0.431358 0.835471
0.658638 0.733552
0.859980 0.691023
0.351208 0.745502
0.645314 0.799206
0.476696 0.824909
0.391068 0.680973
0.719682 0.696579
0.329127 0.633409
0.708793 0.689667
0.357625 0.603404
0.866470 0.753514
0.734258 0.665866
0.625488 0.584678
0.517441 0.628611
0.757942 0.724257
0.585820 0.880496
0.456096 0.601352
0.283126 0.493227
0.417181 0.554827
0.488411 0.730177
0.411130 0.862436
0.729864 0.827734
0.631737 0.595919
0.284136 0.476393
0.992904 0.730640
0.673515 0.761287
0.456692 0.625209
0.587062 0.744571
0.689288 0.858258
0.944175 0.742820
0.543039 0.854593
0.760089 0.822391
0.735456 0.804749
0.423483 0.483686
0.848796 0.713115
0.458664 0.765077
0.655125 0.679823
0.790731 0.809205
0.523802 0.545628
0.528096 0.704173
0.487879 0.789293
0.515005 0.685375
0.608661 0.763313
0.849987 0.737201
0.625846 0.585453
0.396894 0.597688
0.928230 0.764555
0.412797 0.872135
0.392246 0.470362
0.377803 0.738971
0.924477 0.683597
0.445701 0.895314
0.547196 0.725037
0.818987 0.715287
0.446949 0.871714
0.840761 0.669325
0.337214 0.549284
0.430515 0.667497
0.617470 0.816314
0.785017 0.775075
0.831779 0.714299
0.585396 0.744984
0.442646 0.556664
0.533031 0.654499
0.969639 0.726344
0.709386 0.647603
0.785782 0.631828
0.809945 0.739601
0.468538 0.716405
0.694938 0.825723
0.633937 0.584240
0.510125 0.668132
0.685288 0.634035
0.551547 0.857151
0.695581 0.634112
0.317819 0.577232
0.538502 0.597057
0.781622 0.726658
0.764553 0.846186
0.784413 0.628203
0.406348 0.495931
0.520479 0.683172
0.651922 0.845735
0.517978 0.662409
0.634414 0.591015
0.986239 0.723134
0.716413 0.747132
0.686848 0.855643
0.613901 0.834253
0.285984 0.536451
0.604784 0.598404
0.383680 0.517988
0.574442 0.653885
0.700878 0.657395
0.834939 0.815486
0.307823 0.574582
0.686134 0.858148
0.289846 0.447301
0.788582 0.693250
0.446166 0.708778
0.566351 0.652899
0.831001 0.639214
0.513274 0.592757
0.463836 0.689156
0.743906 0.825239
0.455027 0.632681
0.579077 0.548025
0.648171 0.816478
0.571525 0.613675
0.943936 0.736979
0.692068 0.585275
0.788820 0.695099
0.531839 0.622571
0.554384 0.529132
0.557851 0.809803
0.355665 0.663656
0.394705 0.811569
0.762873 0.610148
0.615730 0.570314
0.884912 0.718199
0.551172 0.555648
0.677018 0.635126
0.787151 0.645493
0.432471 0.539883
0.525352 0.591761
0.732893 0.738196
0.295859 0.499667
0.505182 0.602219
0.491333 0.835846
0.305854 0.491634
0.908002 0.795778
0.635965 0.666185
0.570216 0.624286
0.371076 0.678513
0.897829 0.819639
0.675530 0.633844
0.766449 0.703297
0.310562 0.617065
0.372614 0.516880
0.669052 0.757199
0.524530 0.779973
0.572058 0.583422
0.677255 0.631771
0.369169 0.615991
0.356851 0.597544
0.592423 0.855798
0.398315 0.487328
0.523921 0.537548
0.336030 0.658105
0.436290 0.730097
0.643102 0.618512
0.773119 0.814596
0.482033 0.534275
0.564382 0.570124
0.476878 0.895585
0.628055 0.718562
0.690892 0.823184
0.594864 0.872297
0.602412 0.732194
0.867184 0.769385
0.802751 0.829631
0.740804 0.687133
0.925073 0.709003
0.447780 0.843426
0.315910 0.504309
0.605449 0.787318
0.448735 0.882545
0.928466 0.734176
0.625318 0.725526
0.311572 0.585471
0.866708 0.760677
0.592364 0.864706
0.364465 0.558439
0.677923 0.853517
0.501153 0.872522
0.474306 0.664568
0.397074 0.615943
0.821844 0.731487
0.424138 0.479445
0.472520 0.638483
0.581877 0.600845
0.405813 0.506782
0.492512 0.653027
0.426953 0.792414
0.514896 0.851727
0.514773 0.791490
0.744140 0.765096
0.969400 0.711244
0.456093 0.562799
0.963098 0.785617
0.568140 0.730692
0.746463 0.795693
0.495915 0.849331
0.384340 0.595877
0.428838 0.486306
0.389987 0.506602
0.443063 0.566344
0.741347 0.817078
0.643932 0.565947
0.401848 0.863597
0.472000 0.901813
0.509760 0.535656
0.426241 0.835600
0.763174 0.670499
0.675171 0.596247
0.745389 0.745628
0.396376 0.884286
0.606818 0.787483
0.771688 0.766449
0.449268 0.841257
0.342920 0.454818
0.403141 0.585082
0.903540 0.796323
0.798288 0.823226
0.994093 0.717098
0.420630 0.535489
0.971006 0.698146
0.845639 0.661452
0.664347 0.679916
0.741395 0.629009
0.454851 0.683447
0.532015 0.584163
0.410121 0.899822
0.466403 0.829411
0.414931 0.746138
0.336745 0.677757
0.285563 0.460239
0.652982 0.667552
0.665888 0.577082
0.678389 0.679597
0.559144 0.540132
0.468191 0.885416
0.466920 0.516680
0.925668 0.706924
0.363702 0.741123
0.609008 0.605823
0.617709 0.827062
0.429155 0.812119
0.483650 0.703148
0.445023 0.503392
0.419041 0.823911
0.405467 0.681256
0.550168 0.665326
0.622810 0.575346
0.896758 0.819279
0.739384 0.826654
0.312699 0.540092
0.327450 0.456101
0.683990 0.825747
0.685119 0.788281
0.994631 0.765547
0.547016 0.702329
0.399645 0.833365
0.591346 0.751395
0.532983 0.839915
0.451645 0.792837
0.550644 0.680374
0.239507 0.398830
0.970414 0.746143
0.329605 0.668390
0.636679 0.671725
0.420460 0.676337
0.441172 0.776822
0.808279 0.736797
0.341797 0.584354
0.322990 0.498415
0.863488 0.648393
0.544874 0.693533
0.583722 0.617412
0.727423 0.795411
0.656732 0.690064
0.900566 0.807479
0.297113 0.574326
0.684274 0.592186
0.413144 0.709902
0.595688 0.720674
0.361486 0.497694
0.582540 0.748475
0.584213 0.874286
0.713263 0.806596
0.458473 0.558763
0.347147 0.501557
0.646795 0.689940
0.412735 0.835141
0.907460 0.675663
0.387736 0.683849
0.761751 0.751956
0.391175 0.477774
0.948996 0.771404
0.709217 0.813714
0.965533 0.721442
0.592229 0.595802
0.648042 0.646421
0.397969 0.672477
0.357155 0.702747
0.769371 0.820636
0.905381 0.730767
0.732299 0.754253
0.734200 0.699559
0.363168 0.763221
0.457839 0.905634
0.429629 0.782188
0.835585 0.670292
0.399504 0.463071
0.350185 0.552424
0.720330 0.594665
0.536189 0.735456
0.747172 0.722093
0.569160 0.866293
0.431638 0.546805
0.913831 0.756540
0.277173 0.450024
0.540775 0.800047
0.467633 0.499681
0.279374 0.430746
0.459732 0.715301
0.421943 0.601851
0.317760 0.592416
0.452169 0.608263
0.708972 0.687018
0.465323 0.679732
0.263962 0.407758
0.239686 0.410347
0.338756 0.473819
0.477591 0.873804
0.552615 0.803525
0.246172 0.416605
0.878249 0.730822
0.925194 0.739445
0.621814 0.829843
0.741334 0.604647
0.299072 0.500190
0.516847 0.643314
0.389641 0.700195
0.559515 0.761047
0.392982 0.847765
0.389752 0.556023
0.670715 0.702385
0.918890 0.775931
0.550767 0.745674
0.651973 0.705016
0.505784 0.710585
0.697309 0.680053
0.524700 0.625453
0.691902 0.792615
0.476393 0.734748
0.254504 0.453376
0.693680 0.674522
0.357928 0.702151
0.380238 0.655073
0.660306 0.757009
0.344706 0.470103
0.905022 0.705246
0.564044 0.881535
0.596460 0.711108
0.421053 0.636918
0.676909 0.810557
0.724505 0.755827
0.434796 0.617172
0.606520 0.787208
0.602298 0.829877
0.749736 0.806960
0.583249 0.664083
0.596223 0.712569
0.624303 0.666561
0.907224 0.710981
0.449498 0.706481
0.805546 0.808664
0.600511 0.789705
0.307816 0.456403
0.445915 0.492415
0.419565 0.636152
0.814944 0.767993
0.701717 0.762774
0.576712 0.806121
0.468408 0.526243
0.715275 0.622788
0.836239 0.666443
0.908181 0.792361
0.902764 0.760433
0.591458 0.641181
0.329605 0.670042
0.464964 0.641930
0.562847 0.773855
0.569858 0.609212
0.659585 0.637579
0.795073 0.787006
0.657748 0.765840
0.678093 0.707739
0.356846 0.506789
0.422233 0.474338
0.498416 0.873287
0.333704 0.562737
0.544938 0.771130
0.766986 0.734246
0.311806 0.516108
0.454442 0.805242
0.251111 0.423202
0.562128 0.679853
0.786386 0.794642
0.550221 0.565280
0.405063 0.897954
0.532146 0.776994
0.935491 0.791176
0.489125 0.732016
0.645839 0.618952
0.694455 0.706679
0.583073 0.700464
0.332453 0.534919
0.378155 0.647379
0.498337 0.552556
0.325673 0.584172
0.292352 0.556455
0.334663 0.680894
0.486453 0.812749
0.391778 0.620107
0.860045 0.778669
0.434867 0.817111
0.844747 0.660048
0.424746 0.710435
0.401721 0.730935
0.819344 0.718331
0.715095 0.596574
0.741995 0.705843
0.451522 0.733962
0.628053 0.684220
0.643824 0.757673
0.539347 0.801511
0.484419 0.624460
0.436878 0.614058
0.470205 0.739182
0.294312 0.499553
0.824933 0.644624
0.435859 0.478168
0.562301 0.596999
0.756990 0.734671
0.673569 0.674491
0.517095 0.821343
0.609193 0.710035
0.481333 0.768425
0.915199 0.752949
0.618124 0.816049
0.618347 0.558094
0.579508 0.782744
0.574144 0.643131
0.506624 0.832799
0.466347 0.890638
0.850879 0.718680
0.888127 0.752931
0.950244 0.752562
0.422305 0.673283
0.513047 0.779179
0.497224 0.845397
0.510005 0.653672
0.264439 0.429168
0.614540 0.573511
0.509832 0.754628
0.477277 0.592672
0.830289 0.671091
0.529403 0.682872
0.469915 0.869592
0.485492 0.659037
0.436297 0.842922
0.848680 0.759285
0.382562 0.718165
0.399764 0.839804
0.584743 0.768853
0.962796 0.704292
0.783702 0.684303
0.606700 0.799468
0.655426 0.739915
0.433305 0.561043
0.448964 0.737525
0.661143 0.830230
0.678332 0.719692
0.869440 0.677469
0.762348 0.782153
0.638357 0.869563
0.860934 0.724898
0.563670 0.605037
0.861951 0.816914
0.977910 0.727952
0.694165 0.828887
0.659237 0.788808
0.501389 0.840045
0.742883 0.639323
0.523327 0.555132
0.667911 0.582790
0.501798 0.716465
0.315194 0.470358
0.314308 0.572896
0.660729 0.864519
0.572122 0.658570
0.875156 0.739398
0.420052 0.821048
0.408371 0.492857
0.459485 0.570981
0.470316 0.602703
0.559924 0.640918
0.548499 0.619094
0.525054 0.581977
0.394388 0.474729
0.398920 0.651129
0.519409 0.700875
0.741939 0.775374
0.710526 0.810586
0.511440 0.766324
0.612819 0.646585
0.381314 0.743072
0.474138 0.840094
0.461635 0.700006
0.734261 0.724728
0.690000 0.838183
0.570818 0.745440
0.617156 0.548439
0.496851 0.578267
0.871404 0.692977
0.690112 0.708959
0.477154 0.526448
0.526260 0.858276
0.537506 0.858418
0.430103 0.737982
0.518209 0.543154
0.388279 0.810060
0.490014 0.664720
0.692607 0.651043
0.623000 0.765828
0.336807 0.709718
0.494192 0.882498
0.622760 0.732900
0.809940 0.661932
0.976302 0.711459
0.707253 0.801392
0.769483 0.701265
0.850342 0.706232
0.647454 0.757412
0.844156 0.729152
0.498115 0.819769
0.713857 0.787205
0.409646 0.912511
0.569386 0.665494
0.662392 0.830555
0.971012 0.793190
0.427473 0.540597
0.811908 0.730698
0.837369 0.652464
0.954588 0.765896
0.414212 0.669236
0.746158 0.681630
0.638705 0.717598
0.264618 0.442954
0.323828 0.571471
0.407443 0.896390
0.517327 0.710219
0.561230 0.592781
0.434446 0.729434
0.405525 0.658339
0.673574 0.760049
0.678697 0.859823
0.433441 0.835386
0.760556 0.658653
0.537326 0.841243
0.388690 0.709521
0.532562 0.773056
0.778111 0.716664
0.600562 0.639860
0.635916 0.846208
0.997305 0.712800
0.783353 0.819887
0.530169 0.554479
0.458059 0.595908
0.338343 0.527901
0.427538 0.639145
0.576875 0.540177
0.932277 0.777129
0.396850 0.855036
0.346090 0.736544
0.423962 0.533608
0.633112 0.721126
0.367987 0.756947
0.274438 0.471459
0.806727 0.662543
0.362197 0.448982
0.699627 0.633670
0.703388 0.842065
0.589138 0.638885
0.733896 0.593965
0.767169 0.813468
0.586293 0.831477
0.335246 0.486560
0.615272 0.872079
0.388383 0.547209
0.612295 0.839423
0.472227 0.715447
0.511853 0.713362
0.463123 0.713199
0.501972 0.635881
0.371428 0.589206
0.368570 0.562229
0.389171 0.793222
0.312526 0.632330
0.565876 0.682963
0.494718 0.727423
0.610850 0.553158
0.856715 0.815159
0.383142 0.468295
0.871410 0.785445
0.263784 0.413483
0.401668 0.839081
0.430696 0.713841
0.813038 0.726603
0.465991 0.905899
0.474975 0.898546
0.493475 0.835290
0.812084 0.691938
0.414864 0.614257
0.328650 0.624733
0.310499 0.562477
0.849864 0.668481
0.827789 0.644051
0.573435 0.716746
0.498235 0.838910
0.379891 0.825539
0.838563 0.736289
0.452175 0.703769
0.604721 0.542219
0.473423 0.814995
0.944529 0.694883
0.902642 0.708680
0.460385 0.694304
0.438421 0.540283
0.834994 0.750213
0.828621 0.633820
0.720338 0.712382
0.996061 0.795107
0.358699 0.658040
0.676182 0.590378
0.480381 0.759117
0.477285 0.730079
0.442421 0.774579
0.350655 0.465478
0.433919 0.876393
0.542803 0.887493
0.609545 0.628954
0.775905 0.633816
0.791681 0.774966
0.933110 0.785602
0.609487 0.654696
0.478531 0.662651
0.681953 0.586391
0.490668 0.661098
0.532500 0.725261
0.469075 0.748599
0.698449 0.838919
0.711651 0.723946
0.361022 0.700047
0.694628 0.607860
0.976426 0.786002
0.490607 0.632580
0.488300 0.853554
0.685593 0.767585
0.615616 0.666480
0.337578 0.668800
0.527805 0.825723
0.507282 0.884485
0.545582 0.590177
0.642220 0.785062
0.365717 0.598787
0.403373 0.484359
0.948217 0.687648
0.300978 0.533050
0.412085 0.913419
0.760734 0.650142
0.355784 0.665039
0.782391 0.647822
0.990943 0.772414
0.394039 0.607941
0.591754 0.603866
0.522505 0.744157
0.420413 0.886014
0.430039 0.657552
0.664112 0.731967
0.351547 0.458235
0.549165 0.814457
0.657618 0.579426
0.285742 0.465581
0.964346 0.759801
0.654236 0.748942
0.470796 0.666102
0.660668 0.855011
0.670657 0.739969
0.323591 0.594549
0.583260 0.848105
0.836774 0.668623
0.570696 0.687622
0.655665 0.754718
0.834396 0.691544
0.614131 0.704455
0.531021 0.865253
0.411889 0.622979
0.406246 0.771484
0.706768 0.647614
0.334660 0.623519
0.485444 0.865678
0.442537 0.719455
0.885622 0.654860
0.617354 0.863361
0.503052 0.801001
0.562250 0.736599
0.462229 0.684027
0.433434 0.717129
0.614551 0.765343
0.847662 0.648228
0.767405 0.774050
0.451651 0.897319
0.385709 0.614239
0.632692 0.658509
0.314244 0.493608
0.686243 0.679634
0.600859 0.637513
