500
0.798700 0.062838
0.331858 0.518662
0.906674 0.676229
0.730308 0.489090
0.921812 0.579974
0.986114 0.377148
0.621448 0.399609
0.742424 0.550737
0.509629 0.299234
0.977935 0.160039
0.376507 0.686270
0.637043 0.372539
0.160131 0.906613
0.945616 0.770653
0.369274 0.138615
0.731254 0.590564
0.320200 0.229347
0.644795 0.158940
0.592975 0.695608
0.500992 0.500259
0.489883 0.357067
0.352306 0.761437
0.294412 0.079897
0.073489 0.032167
0.868557 0.129948
0.810877 0.542222
0.017792 0.106998
0.244026 0.810450
0.477462 0.031465
0.242836 0.872921
0.037355 0.338511
0.675985 0.567370
0.802667 0.006592
0.250649 0.694479
0.104129 0.344523
0.636647 0.956359
0.201361 0.976562
0.252602 0.722678
0.608814 0.988678
0.452559 0.595752
0.025727 0.263894
0.144322 0.680837
0.150822 0.163854
0.370647 0.967315
0.162664 0.211798
0.884518 0.727958
0.147710 0.934141
0.256539 0.516160
0.498917 0.447035
0.870113 0.428907
0.877438 0.830226
0.556780 0.682485
0.709159 0.958281
0.101871 0.862850
0.910428 0.559099
0.390576 0.608020
0.186712 0.157353
0.425520 0.680074
0.441969 0.971587
0.260598 0.288827
0.431867 0.078799
0.131962 0.824000
0.192816 0.253121
0.567522 0.651692
0.756096 0.131626
0.327708 0.882260
0.957823 0.511246
0.017792 0.975463
0.236579 0.853206
0.896695 0.306345
0.162847 0.733177
0.901639 0.742546
0.263619 0.035188
0.816828 0.379803
0.877132 0.597278
0.987609 0.103244
0.579608 0.131230
0.682180 0.468093
0.125675 0.612079
0.759209 0.047212
0.850032 0.376232
0.688559 0.494186
0.102939 0.939482
0.722159 0.155156
0.039766 0.754418
0.246742 0.135990
0.044618 0.063662
0.849483 0.230537
0.570482 0.504929
0.127445 0.616565
0.676351 0.624317
0.773034 0.725455
0.043001 0.954039
0.965331 0.192145
0.748650 0.810968
0.599933 0.291208
0.585253 0.471999
0.197363 0.882656
0.353862 0.454390
0.824671 0.555193
0.928678 0.812403
0.041597 0.417371
0.486099 0.033174
0.608234 0.305887
0.229102 0.056703
0.344310 0.984252
0.614246 0.400616
0.535325 0.581011
0.801019 0.450179
0.934080 0.611591
0.421491 0.274331
0.937742 0.572405
0.415082 0.584185
0.760460 0.975524
0.215430 0.990234
0.232429 0.155370
0.890378 0.315897
0.221595 0.236427
0.659719 0.495926
0.641163 0.827326
0.152867 0.775384
0.856075 0.032716
0.956908 0.190588
0.865047 0.032899
0.502121 0.036805
0.523148 0.540391
0.317392 0.228065
0.086947 0.289926
0.185400 0.955901
0.863033 0.217689
0.464400 0.970336
0.894498 0.012329
0.838832 0.766015
0.424390 0.650288
0.306375 0.025819
0.237434 0.693442
0.950957 0.108036
0.929258 0.843593
0.700827 0.626820
0.960692 0.308451
0.661733 0.577685
0.906034 0.182226
0.600574 0.012146
0.054506 0.765465
0.610401 0.167241
0.647053 0.980651
0.488510 0.456099
0.528397 0.539933
0.858699 0.226691
0.497116 0.020936
0.568743 0.693899
0.133610 0.506943
0.394726 0.951811
0.388440 0.947874
0.583117 0.472579
0.710959 0.898129
0.261971 0.997436
0.000946 0.787927
0.252632 0.226875
0.163274 0.383648
0.313028 0.215796
0.547472 0.594256
0.343822 0.879940
0.053285 0.279366
0.588672 0.519883
0.183691 0.215918
0.360088 0.769036
0.826136 0.878842
0.321635 0.871517
0.043580 0.192663
0.858272 0.696432
0.657002 0.910215
0.565630 0.394787
0.899411 0.774163
0.389904 0.105136
0.923948 0.118412
0.449141 0.614368
0.446730 0.064791
0.067660 0.379711
0.305338 0.972137
0.054445 0.818628
0.214911 0.293069
0.756890 0.272011
0.502670 0.495834
0.921415 0.548051
0.102054 0.206183
0.891781 0.451949
0.176489 0.208502
0.535112 0.589496
0.916898 0.183355
0.977386 0.297128
0.286538 0.809442
0.255226 0.911161
0.353710 0.124668
0.026948 0.640889
0.437880 0.827296
0.727714 0.091525
0.491775 0.254830
0.539964 0.193609
0.177282 0.397839
0.705313 0.923978
0.199927 0.011200
0.854549 0.408521
0.394421 0.029115
0.870693 0.528489
0.249306 0.778832
0.289651 0.433302
0.551744 0.315226
0.866848 0.589648
0.077090 0.781457
0.265267 0.231605
0.953703 0.800775
0.090121 0.618519
0.679525 0.551592
0.289102 0.958312
0.976867 0.328501
0.094150 0.708060
0.516037 0.496048
0.039491 0.241340
0.057222 0.702353
0.917783 0.031556
0.272835 0.712546
0.667928 0.183081
0.379925 0.403546
0.466506 0.447981
0.777123 0.114933
0.187780 0.024293
0.907773 0.903989
0.998535 0.896664
0.863521 0.859523
0.040681 0.912900
0.778893 0.043153
0.298349 0.213507
0.725455 0.450117
0.896664 0.989868
0.028443 0.607929
0.334025 0.611469
0.364544 0.991211
0.027375 0.949095
0.256722 0.124973
0.618915 0.924406
0.895474 0.071169
0.522965 0.994140
0.311625 0.034669
0.732780 0.854610
0.887265 0.955748
0.668447 0.023560
0.235664 0.994873
0.346721 0.455000
0.981811 0.316843
0.654836 0.843410
0.474258 0.079440
0.008515 0.773858
0.960234 0.033692
0.176641 0.373943
0.552660 0.624104
0.434431 0.118412
0.654653 0.981994
0.589831 0.302866
0.135441 0.478011
0.163305 0.766808
0.083346 0.937651
0.907590 0.064821
0.895383 0.486740
0.994354 0.534135
0.503861 0.996643
0.304178 0.548906
0.429853 0.636097
0.101413 0.107120
0.423353 0.358928
0.746513 0.959380
0.818567 0.374248
0.928129 0.241798
0.960326 0.569628
0.716300 0.045442
0.171789 0.687155
0.790521 0.339671
0.315592 0.444716
0.605090 0.825892
0.522141 0.464461
0.370464 0.370434
0.404492 0.155004
0.981628 0.858791
0.882321 0.168340
0.718009 0.078188
0.874844 0.429121
0.706534 0.234565
0.526322 0.653798
0.871944 0.089114
0.302774 0.126316
0.581927 0.976959
0.312387 0.947233
0.694235 0.542985
0.093997 0.549028
0.159948 0.998505
0.171545 0.978423
0.903409 0.620411
0.907132 0.493118
0.618793 0.424390
0.459243 0.500992
0.932554 0.480728
0.268166 0.228614
0.022828 0.181249
0.879269 0.376263
0.279641 0.383862
0.135563 0.665304
0.287393 0.589587
0.911069 0.809626
0.933348 0.941527
0.766869 0.277688
0.674581 0.525529
0.859249 0.664663
0.929685 0.287545
0.664846 0.951140
0.024903 0.944670
0.445265 0.614582
0.241157 0.013947
0.069338 0.287240
0.465468 0.983428
0.126591 0.540849
0.461531 0.624744
0.612934 0.954741
0.290933 0.855373
0.969756 0.123020
0.915586 0.055544
0.757927 0.758110
0.538102 0.037263
0.706412 0.907407
0.053896 0.742424
0.663228 0.329966
0.377728 0.584002
0.935636 0.412397
0.558519 0.376629
0.726035 0.606464
0.357891 0.602527
0.840022 0.308664
0.573595 0.623066
0.871090 0.650227
0.105930 0.771050
0.944243 0.623768
0.373974 0.098239
0.942930 0.944823
0.841426 0.258797
0.586322 0.463393
0.297708 0.778710
0.742668 0.053194
0.251534 0.892941
0.924924 0.575243
0.041292 0.924589
0.786431 0.015778
0.190130 0.428999
0.879360 0.169530
0.449019 0.439222
0.646321 0.001190
0.980132 0.496200
0.338847 0.889584
0.747093 0.908750
0.931639 0.707999
0.258370 0.541734
0.937407 0.760796
0.516861 0.297922
0.122745 0.696402
0.674306 0.614429
0.761711 0.148900
0.804437 0.973785
0.795892 0.625813
0.887356 0.428236
0.590320 0.966155
0.103641 0.842830
0.829951 0.775750
0.153874 0.061678
0.644734 0.176885
0.634602 0.905057
0.244606 0.028596
0.002380 0.401990
0.845302 0.273995
0.156987 0.166326
0.166570 0.570666
0.174810 0.320872
0.283883 0.860775
0.224158 0.876980
0.114811 0.036531
0.193091 0.975372
0.321543 0.358013
0.061892 0.894620
0.910611 0.778771
0.311075 0.836177
0.072390 0.172887
0.212714 0.262307
0.944853 0.972076
0.963195 0.374462
0.677725 0.584063
0.634907 0.017792
0.227271 0.131291
0.500931 0.609394
0.744896 0.117435
0.677725 0.417493
0.072634 0.575030
0.890469 0.298410
0.046541 0.281869
0.448622 0.894314
0.778558 0.161199
0.443251 0.437330
0.043458 0.633320
0.619068 0.955870
0.882992 0.329722
0.683706 0.903867
0.802850 0.710318
0.826502 0.506729
0.690207 0.106113
0.878567 0.392651
0.179815 0.858638
0.114902 0.727317
0.468551 0.842952
0.424909 0.565050
0.982208 0.231330
0.442671 0.050935
0.643452 0.681845
0.415235 0.280221
0.157292 0.607471
0.020081 0.970855
0.618427 0.478500
0.083163 0.434767
0.222327 0.814417
0.228156 0.754357
0.361156 0.021332
0.989227 0.570025
0.885495 0.731529
0.417188 0.385662
0.813532 0.801111
0.711966 0.797693
0.910764 0.554186
0.926878 0.905271
0.164708 0.850642
0.321970 0.037690
0.536668 0.258858
0.461989 0.162969
0.370525 0.591205
0.574450 0.663137
0.859523 0.650044
0.338328 0.997711
0.635426 0.009033
0.124699 0.276650
0.198675 0.175420
0.887326 0.713462
0.184973 0.914396
0.813227 0.798303
0.469863 0.060610
0.514206 0.848567
0.142644 0.721854
0.040620 0.092502
0.880398 0.281381
0.498795 0.942351
0.753746 0.105930
0.552934 0.612842
0.995605 0.364360
0.764000 0.864345
0.851558 0.171239
0.430250 0.312784
0.423780 0.906217
0.228584 0.832820
0.164953 0.657521
0.442732 0.608478
0.116855 0.365398
0.427046 0.935148
0.487655 0.632557
0.192389 0.823634
0.614338 0.838832
0.925779 0.232978
0.559801 0.475936
0.611499 0.331797
0.953551 0.749626
0.849757 0.167730
0.608051 0.855556
0.653462 0.401624
0.941923 0.835566
0.505264 0.262001
0.455000 0.376995
0.285958 0.762230
0.540025 0.639058
0.387921 0.473678
0.308634 0.759239
0.345195 0.861415
0.370739 0.778985
0.510910 0.994232
0.589770 0.480697
0.332682 0.903195
0.381695 0.120334
0.343059 0.157445
0.371532 0.942503
0.534928 0.507248
0.844691 0.058992
0.267067 0.997406
0.519639 0.982818
0.402356 0.841060
0.903287 0.098910
0.313761 0.917661
0.899319 0.458724
0.114353 0.104129
0.889340 0.896481
