5000
0.796594 0.174505
0.773797 0.116214
0.150060 0.919248
0.337168 0.394665
0.324900 0.616352
0.825098 0.460860
0.733695 0.975982
0.763848 0.265694
0.434614 0.591449
0.569140 0.474502
0.193762 0.377972
0.355388 0.664632
0.017884 0.599017
0.981079 0.813776
0.814203 0.511979
0.333323 0.164220
0.582934 0.619404
0.051790 0.370769
0.340251 0.827998
0.150273 0.404706
0.767327 0.155309
0.018525 0.221809
0.109684 0.823481
0.437971 0.162542
0.278298 0.581591
0.662832 0.117161
0.145848 0.927244
0.353343 0.146611
0.905026 0.655904
0.502365 0.634053
0.821039 0.228309
0.458571 0.840510
0.689199 0.022614
0.295236 0.423688
0.180883 0.950865
0.545671 0.831721
0.908231 0.936857
0.390362 0.969756
0.250801 0.773675
0.211005 0.740104
0.553026 0.643727
0.093204 0.149724
0.555651 0.739921
0.095920 0.457198
0.118168 0.302622
0.541490 0.064943
0.424238 0.107700
0.622394 0.335643
0.066103 0.837794
0.412458 0.182958
0.396985 0.650563
0.286538 0.438002
0.556871 0.726035
0.404401 0.022187
0.078768 0.073122
0.415571 0.458235
0.481094 0.377483
0.040895 0.750084
0.752464 0.171575
0.687490 0.163244
0.135777 0.108158
0.752953 0.937010
0.116947 0.618671
0.025117 0.737541
0.085879 0.935301
0.150578 0.373821
0.117557 0.082888
0.786248 0.811365
0.031404 0.882931
0.099399 0.718467
0.810968 0.918363
0.484756 0.332621
0.590503 0.916044
0.631825 0.937986
0.566454 0.817072
0.826624 0.505692
0.870113 0.497116
0.179601 0.769158
0.630085 0.170904
0.167058 0.169744
0.146672 0.885495
0.286691 0.850917
0.492904 0.148412
0.181097 0.354472
0.712882 0.423414
0.170507 0.085482
0.994385 0.438673
0.064882 0.623463
0.134068 0.507675
0.777337 0.976379
0.317728 0.090945
0.041017 0.896634
0.166936 0.480972
0.755272 0.009247
0.338328 0.612781
0.900540 0.515915
0.297769 0.376232
0.444380 0.102145
0.723502 0.032197
0.218207 0.932676
0.645253 0.419568
0.226234 0.234748
0.903958 0.717948
0.593799 0.164647
0.901273 0.710593
0.625111 0.154332
0.347301 0.128971
0.094363 0.590747
0.452925 0.725974
0.087374 0.683615
0.090182 0.825098
0.822657 0.183782
0.657491 0.208869
0.205115 0.061556
0.067629 0.490646
0.895352 0.167547
0.870174 0.770470
0.847499 0.375988
0.775811 0.226173
0.488784 0.847713
0.867244 0.409833
0.807978 0.547075
0.995758 0.752922
0.966002 0.541429
0.845668 0.989349
0.333079 0.081820
0.872585 0.244362
0.832148 0.654164
0.847682 0.541795
0.375195 0.408399
0.366192 0.847377
0.259621 0.197180
0.136509 0.737663
0.150884 0.339030
0.758202 0.248604
0.937651 0.678213
0.667684 0.662862
0.495102 0.919706
0.258400 0.775506
0.012696 0.270913
0.080233 0.919553
0.042726 0.921506
0.526017 0.532456
0.925474 0.391766
0.909970 0.545061
0.748100 0.282205
0.345378 0.373608
0.492569 0.453963
0.327372 0.797143
0.529527 0.172674
0.426710 0.500290
0.113865 0.246284
0.001343 0.563921
0.038850 0.688162
0.331919 0.683798
0.104343 0.937040
0.087069 0.399274
0.555986 0.164708
0.525346 0.113010
0.151189 0.702933
0.339518 0.182836
0.008393 0.120670
0.549669 0.867183
0.895840 0.983093
0.351634 0.405225
0.115696 0.823115
0.326487 0.013306
0.640889 0.357738
0.917753 0.078158
0.659139 0.479049
0.582293 0.329081
0.182287 0.052339
0.521653 0.269601
0.876064 0.052004
0.399121 0.650380
0.766411 0.066408
0.950072 0.264016
0.979675 0.703421
0.890408 0.843928
0.171728 0.927366
0.030793 0.347392
0.803278 0.858974
0.001709 0.405072
0.916349 0.069460
0.569994 0.900052
0.436537 0.680349
0.589618 0.837855
0.971129 0.019013
0.309397 0.117161
0.086550 0.003632
0.266518 0.466140
0.303995 0.585833
0.717704 0.815302
0.267190 0.505051
0.027802 0.199316
0.619251 0.594623
0.347270 0.400250
0.766869 0.215003
0.352916 0.612812
0.950560 0.670675
0.553911 0.542344
0.855525 0.001953
0.040468 0.783807
0.599780 0.646535
0.625233 0.023041
0.255043 0.500931
0.783044 0.841762
0.557482 0.413892
0.296304 0.406751
0.963866 0.642506
0.011444 0.825922
0.612903 0.450758
0.026307 0.344188
0.820917 0.907987
0.170568 0.084292
0.919706 0.140538
0.427503 0.826838
0.021455 0.239753
0.973571 0.349864
0.112400 0.556078
0.313913 0.425794
0.478286 0.023041
0.181951 0.125980
0.130711 0.808679
0.590655 0.621082
0.429426 0.718925
0.966124 0.599811
0.906278 0.863948
0.631489 0.820185
0.303629 0.372234
0.107212 0.087222
0.070223 0.417890
0.787164 0.036073
0.939299 0.619037
0.893887 0.181158
0.321146 0.383404
0.786676 0.197119
0.434492 0.827235
0.300851 0.525590
0.611286 0.484329
0.745750 0.006928
0.255013 0.796991
0.376873 0.503739
0.571795 0.376720
0.369701 0.362346
0.385296 0.067202
0.008942 0.001801
0.726737 0.468551
0.912870 0.812311
0.191687 0.995605
0.128056 0.560717
0.284005 0.147526
0.665151 0.662130
0.898434 0.378491
0.259468 0.488296
0.180181 0.488540
0.354381 0.055483
0.542039 0.355083
0.470382 0.843593
0.919889 0.544206
0.288858 0.170232
0.775170 0.927732
0.925138 0.996796
0.802637 0.185492
0.547105 0.696707
0.749351 0.973479
0.996216 0.818690
0.251076 0.038911
0.566088 0.374615
0.092898 0.064455
0.596240 0.684652
0.799432 0.521592
0.035859 0.309671
0.961699 0.315378
0.635090 0.103427
0.919095 0.914701
0.214667 0.856166
0.601825 0.971160
0.694205 0.582263
0.595477 0.476241
0.714927 0.929685
0.271737 0.450087
0.310678 0.014161
0.131443 0.345897
0.538469 0.472762
0.674551 0.756737
0.609272 0.171880
0.370922 0.870663
0.308878 0.997711
0.973113 0.264687
0.206671 0.019745
0.895352 0.128239
0.937986 0.221290
0.020569 0.815027
0.934477 0.329112
0.792108 0.335276
0.825312 0.433576
0.875179 0.347545
0.304849 0.543413
0.294626 0.745170
0.466170 0.030274
0.821986 0.498123
0.305643 0.906064
0.943785 0.090609
0.039308 0.017151
0.136692 0.544237
0.747490 0.187841
0.233406 0.945433
0.917173 0.217139
0.555956 0.670400
0.893033 0.151585
0.222968 0.088168
0.892666 0.864437
0.537187 0.023743
0.742424 0.472701
0.858852 0.762017
0.990448 0.623554
0.872036 0.874081
0.552721 0.180761
0.649861 0.647145
0.548662 0.343211
0.424451 0.398968
0.482467 0.725913
0.468429 0.458571
0.426160 0.435286
0.994079 0.094028
0.361248 0.670125
0.476028 0.168828
0.334422 0.878628
0.304453 0.808069
0.584216 0.003815
0.174169 0.855525
0.294565 0.847987
0.116489 0.403088
0.131535 0.087191
0.580065 0.173864
0.219520 0.967986
0.466475 0.039644
0.713095 0.216468
0.527482 0.454756
0.620930 0.191931
0.029511 0.086917
0.037812 0.815577
0.092471 0.426923
0.441206 0.305887
0.607898 0.657765
0.208350 0.252266
0.144200 0.564959
0.010590 0.057314
0.744102 0.769066
0.240608 0.279824
0.020722 0.061769
0.129246 0.909268
0.459334 0.126713
0.708151 0.103183
0.329722 0.426344
0.274087 0.418989
0.116733 0.535966
0.511826 0.070559
0.874294 0.706412
0.931059 0.242164
0.409619 0.936369
0.774346 0.989746
0.051912 0.761589
0.474776 0.062014
0.859676 0.069460
0.289529 0.607898
0.636525 0.341105
0.130772 0.726798
0.517685 0.485916
0.825648 0.772088
0.439680 0.204535
0.241249 0.734428
0.153661 0.574114
0.654775 0.757530
0.803247 0.939695
0.203070 0.413617
0.222785 0.644246
0.818964 0.520157
0.613086 0.627064
0.735313 0.015625
0.381237 0.593890
0.739891 0.312784
0.973052 0.120731
0.996887 0.796899
0.919919 0.381726
0.114933 0.121281
0.298379 0.236763
0.338237 0.806909
0.012879 0.265603
0.275643 0.299966
0.487014 0.375774
0.169866 0.476211
0.781640 0.820582
0.452925 0.964202
0.284494 0.154149
0.076907 0.763817
0.686697 0.419996
0.856410 0.711905
0.930113 0.585070
0.200812 0.583636
0.328501 0.163549
0.097873 0.408429
0.395001 0.074557
0.436048 0.697439
0.736564 0.067049
0.479446 0.287820
0.453963 0.497604
0.292825 0.972106
0.709586 0.760674
0.548753 0.664754
0.463393 0.365307
0.052461 0.452315
0.448408 0.634602
0.769066 0.137516
0.663350 0.852077
0.508469 0.808557
0.789331 0.636952
0.925138 0.465316
0.436537 0.829035
0.988495 0.233314
0.627369 0.664571
0.580096 0.196905
0.421796 0.524491
0.374187 0.382672
0.092074 0.035920
0.657613 0.924711
0.752129 0.808954
0.245460 0.942595
0.848323 0.588641
0.148747 0.163549
0.418043 0.105228
0.150151 0.820246
0.521897 0.402081
0.944304 0.854732
0.755943 0.923765
0.998596 0.960692
0.250526 0.145116
0.061342 0.022553
0.359600 0.048799
0.375927 0.889401
0.327097 0.192541
0.221900 0.271828
0.162786 0.503983
0.529374 0.532517
0.106754 0.667623
0.530290 0.618732
0.888119 0.283822
0.560869 0.610065
0.502853 0.159795
0.313272 0.588672
0.714194 0.628773
0.280068 0.519456
0.586352 0.436293
0.017212 0.533921
0.749931 0.670339
0.103641 0.020325
0.719413 0.477432
0.902676 0.269936
0.706626 0.280496
0.908750 0.469955
0.461592 0.921079
0.560778 0.482803
0.214393 0.193823
0.230537 0.202826
0.516678 0.948973
0.832881 0.232154
0.601337 0.132054
0.106937 0.535386
0.256722 0.253029
0.118595 0.469466
0.540422 0.558123
0.509995 0.049135
0.518296 0.538163
0.635762 0.054445
0.614551 0.133671
0.534074 0.291177
0.150426 0.664815
0.893521 0.246834
0.503800 0.976897
0.552293 0.736351
0.679617 0.390423
0.055635 0.908628
0.578784 0.056246
0.133885 0.948454
0.129551 0.910733
0.497543 0.734764
0.164434 0.548479
0.152440 0.037507
0.268960 0.750114
0.773949 0.819788
0.272958 0.812677
0.981719 0.152593
0.978545 0.867214
0.454756 0.372448
0.755577 0.165899
0.850856 0.762352
0.485916 0.370342
0.764214 0.303934
0.432264 0.569781
0.794366 0.095492
0.108860 0.294382
0.310373 0.053102
0.573321 0.325694
0.955382 0.428755
0.900296 0.260598
0.726341 0.419172
0.380596 0.946318
0.689901 0.265328
0.568896 0.657125
0.124790 0.074862
0.014344 0.779412
0.375927 0.484970
0.240883 0.887661
0.213141 0.911527
0.875301 0.057009
0.044069 0.731712
0.485519 0.984405
0.075503 0.933042
0.785607 0.999084
0.405927 0.460891
0.717032 0.442915
0.010315 0.888760
0.563860 0.950621
0.024140 0.191626
0.756981 0.661794
0.232124 0.904508
0.523972 0.895932
0.168493 0.446547
0.041292 0.321390
0.734886 0.892911
0.244453 0.149968
0.741752 0.974548
0.952452 0.387890
0.280282 0.588458
0.463271 0.674825
0.330332 0.598285
0.276162 0.742119
0.097110 0.021058
0.380169 0.686972
0.188940 0.734428
0.386151 0.894192
0.497513 0.253945
0.939116 0.558794
0.558580 0.829768
0.163305 0.345927
0.874630 0.679464
0.730430 0.766503
0.835200 0.367351
0.840602 0.058138
0.627644 0.385083
0.818171 0.593554
0.970702 0.447584
0.537217 0.171819
0.664266 0.177343
0.629322 0.912564
0.807215 0.405255
0.719626 0.087069
0.576067 0.296518
0.158391 0.315043
0.682119 0.377941
0.474929 0.403638
0.139836 0.320750
0.239753 0.706351
0.309030 0.973601
0.622211 0.069369
0.089267 0.823908
0.101779 0.728416
0.694510 0.255135
0.718497 0.193030
0.774682 0.716575
0.222785 0.032105
0.148778 0.078310
0.210456 0.273904
0.537645 0.383740
0.435072 0.507767
0.122745 0.739006
0.125156 0.905972
0.313669 0.636830
0.139225 0.383862
0.392010 0.648762
0.013031 0.082583
0.188940 0.018097
0.306101 0.954955
0.451949 0.184606
0.153020 0.736320
0.057344 0.771661
0.426191 0.081515
0.724845 0.067965
0.416089 0.148869
0.390088 0.534654
0.435438 0.412854
0.891934 0.368572
0.253365 0.986450
0.130131 0.654012
0.765984 0.234535
0.350322 0.133183
0.809442 0.959685
0.711844 0.127476
0.521958 0.941160
0.795190 0.639821
0.160680 0.108982
0.205298 0.170385
0.780297 0.133946
0.926603 0.276315
0.586169 0.406720
0.016449 0.343547
0.281716 0.044496
0.517777 0.832057
0.129887 0.685842
0.655324 0.377453
0.191778 0.689016
0.931486 0.523576
0.746818 0.292886
0.864162 0.451094
0.500534 0.284005
0.549821 0.168859
0.766747 0.994354
0.589221 0.447707
0.014710 0.170751
0.777459 0.295145
0.542680 0.456252
0.072604 0.675283
0.443129 0.118717
0.534837 0.316568
0.304636 0.570635
0.892209 0.638661
0.556291 0.960753
0.890103 0.329630
0.860836 0.619770
0.079928 0.605029
0.462844 0.640461
0.203467 0.679495
0.898526 0.373882
0.829157 0.482803
0.972686 0.122776
0.396802 0.151280
0.409833 0.813746
0.326426 0.325571
0.085238 0.928831
0.348125 0.786706
0.708640 0.460921
0.602924 0.296121
0.411206 0.325266
0.144993 0.244423
0.869137 0.963836
0.059999 0.270791
0.719810 0.890011
0.044130 0.438490
0.631764 0.582781
0.658345 0.582812
0.044893 0.385022
0.386120 0.216346
0.031373 0.750816
0.354198 0.992950
0.028535 0.671255
0.179418 0.790826
0.099490 0.946226
0.433027 0.168645
0.042909 0.668355
0.072176 0.445662
0.794549 0.167669
0.806024 0.066347
0.913144 0.527909
0.602557 0.968932
0.557421 0.853694
0.906186 0.045351
0.876034 0.724784
0.399884 0.479507
0.118717 0.488235
0.124119 0.419599
0.767479 0.712027
0.807764 0.141148
0.038636 0.332163
0.956053 0.683950
0.863308 0.251228
0.763878 0.332896
0.396313 0.120426
0.026917 0.105686
0.870663 0.884030
0.483108 0.576189
0.701621 0.384320
0.840419 0.415906
0.988647 0.481857
0.541215 0.725913
0.169073 0.441481
0.302927 0.088504
0.904630 0.589770
0.678304 0.847407
0.936003 0.682760
0.503891 0.058809
0.231269 0.025819
0.735160 0.741691
0.155889 0.250282
0.049654 0.884732
0.533921 0.267281
0.092074 0.839320
0.543657 0.260048
0.119999 0.520066
0.858150 0.294961
0.933805 0.762688
0.760002 0.655385
0.789270 0.981903
0.958556 0.852596
0.735069 0.784021
0.877468 0.387555
0.452345 0.073550
0.460005 0.960204
0.752281 0.185095
0.898312 0.906674
0.388165 0.071810
0.192480 0.147160
0.338511 0.082247
0.946196 0.424055
0.216529 0.355571
0.304575 0.112552
0.963317 0.367870
0.441572 0.385083
0.480148 0.659719
0.501511 0.009980
0.402814 0.566790
0.351848 0.954222
0.408643 0.358074
0.871822 0.800562
0.466445 0.947935
0.059603 0.575365
0.418592 0.388684
0.464827 0.319712
0.877834 0.217475
0.509659 0.140599
0.902432 0.621082
0.048128 0.732261
0.140904 0.961211
0.573931 0.377941
0.950743 0.042970
0.539079 0.618427
0.518906 0.378002
0.690756 0.866970
0.141087 0.972350
0.831538 0.753441
0.909879 0.477859
0.804285 0.592883
0.846919 0.955107
0.329691 0.678304
0.005799 0.031709
0.043428 0.895627
0.709922 0.556505
0.442671 0.122868
0.716056 0.585589
0.879055 0.245186
0.049135 0.503647
0.319895 0.495590
0.104373 0.342509
0.518052 0.571368
0.423170 0.078036
0.049226 0.186926
0.748680 0.185247
0.871059 0.244514
0.079226 0.466842
0.856807 0.844722
0.588214 0.623737
0.337809 0.537614
0.999451 0.668264
0.727256 0.089877
0.402570 0.613819
0.978942 0.046693
0.323771 0.993408
0.851222 0.075655
0.314829 0.441145
0.346965 0.008515
0.914823 0.468062
0.657552 0.044679
0.006287 0.283059
0.875668 0.606037
0.059999 0.754479
0.026826 0.067660
0.095584 0.888119
0.398816 0.150853
0.695914 0.195868
0.174963 0.647786
0.957518 0.468490
0.006134 0.854579
0.075045 0.385235
0.232673 0.777856
0.115818 0.973937
0.905942 0.723289
0.534318 0.502976
0.318857 0.423841
0.796167 0.081790
0.124088 0.478774
0.932340 0.631703
0.015198 0.934751
0.920530 0.366466
0.410047 0.861110
0.084323 0.220161
0.291971 0.450697
0.916074 0.003540
0.865932 0.677175
0.184851 0.040193
0.049867 0.773797
0.403485 0.429945
0.144536 0.497147
0.814753 0.641591
0.604846 0.535600
0.326243 0.572100
0.381146 0.614521
0.532060 0.629231
0.180303 0.322886
0.036500 0.385144
0.186377 0.005097
0.117985 0.067598
0.867306 0.483169
0.209357 0.953459
0.052675 0.947417
0.039491 0.941832
0.692434 0.590869
0.588061 0.358348
0.743858 0.052248
0.569872 0.676473
0.914884 0.415174
0.097354 0.512589
0.649403 0.660848
0.976501 0.898373
0.400525 0.074587
0.059084 0.940336
0.727378 0.768975
0.851619 0.234779
0.931669 0.582476
0.063417 0.847194
0.735588 0.093295
0.226234 0.884274
0.213721 0.392438
0.622150 0.334208
0.398358 0.893490
0.979675 0.603656
0.792596 0.417585
0.343516 0.533555
0.448195 0.585345
0.024384 0.174749
0.764061 0.046266
0.035157 0.104373
0.661641 0.577593
0.919614 0.564684
0.293435 0.583453
0.379894 0.205390
0.941282 0.025575
0.609333 0.710807
0.259926 0.317118
0.736320 0.092685
0.285836 0.930967
0.026368 0.209693
0.064821 0.342235
0.307474 0.542222
0.377728 0.958708
0.333567 0.214515
0.978210 0.697623
0.318094 0.190252
0.663472 0.603351
0.319956 0.217078
0.917539 0.542680
0.509415 0.035188
0.666066 0.601550
0.452834 0.999268
0.338084 0.050966
0.233283 0.695669
0.864040 0.442213
0.867977 0.803735
0.592425 0.832423
0.612232 0.319803
0.916776 0.884335
0.453902 0.585681
0.396893 0.659566
0.334727 0.762902
0.087680 0.874905
0.960479 0.666402
0.247993 0.142857
0.825861 0.314371
0.815912 0.171239
0.741600 0.972411
0.401440 0.409680
0.019623 0.222785
0.203314 0.924650
0.972655 0.090884
0.755608 0.784448
0.884457 0.758873
0.910672 0.735099
0.107334 0.898892
0.964904 0.448469
0.442518 0.156682
0.333048 0.124088
0.460005 0.816797
0.914396 0.180395
0.900937 0.632466
0.912381 0.687674
0.900845 0.991333
0.988586 0.315348
0.505783 0.542650
0.745750 0.280892
0.050966 0.226691
0.598010 0.421094
0.743645 0.091403
0.529252 0.990539
0.127445 0.118717
0.545610 0.742241
0.183111 0.880886
0.887997 0.580767
0.814631 0.312723
0.310617 0.066225
0.047426 0.140019
0.605976 0.785058
0.592853 0.407147
0.932402 0.908811
0.453505 0.506424
0.526719 0.599902
0.640645 0.115909
0.262215 0.512680
0.976104 0.593402
0.263375 0.554247
0.678976 0.113254
0.484146 0.552812
0.694906 0.048280
0.677816 0.133671
0.992035 0.461318
0.254097 0.773278
0.524583 0.839656
0.200690 0.659383
0.776543 0.089419
0.225440 0.889645
0.291360 0.570910
0.775567 0.038972
0.094607 0.455885
0.089846 0.627705
0.415235 0.188910
0.940794 0.520676
0.611957 0.333018
0.221717 0.790124
0.710990 0.581561
0.036622 0.071932
0.447676 0.947752
0.313700 0.800409
0.537309 0.383526
0.230323 0.365001
0.941160 0.756035
0.729789 0.908414
0.507859 0.498398
0.075503 0.451399
0.241951 0.896359
0.012574 0.452467
0.186407 0.065584
0.959899 0.856807
0.400739 0.642567
0.063265 0.561235
0.691061 0.219092
0.016602 0.576373
0.248512 0.052339
0.056520 0.667592
0.851955 0.081790
0.037141 0.755272
0.791314 0.783563
0.991394 0.856471
0.168188 0.894406
0.084536 0.848750
0.729484 0.535691
0.367016 0.837397
0.890194 0.769341
0.102481 0.116276
0.983520 0.542192
0.226295 0.069521
0.424970 0.487747
0.058229 0.132267
0.867580 0.347667
0.675130 0.412610
0.471694 0.686239
0.747795 0.306497
0.323466 0.923154
0.482406 0.299478
0.154241 0.800562
0.344646 0.419019
0.108615 0.703330
0.223212 0.368419
0.467940 0.114322
0.189489 0.873592
0.734581 0.985687
0.508774 0.273934
0.984436 0.307199
0.059725 0.888913
0.892605 0.653401
0.818628 0.190710
0.339824 0.990204
0.563799 0.315317
0.004578 0.522782
0.457595 0.942442
0.848262 0.865658
0.660970 0.075869
0.898831 0.316080
0.305612 0.233070
0.686209 0.639180
0.217048 0.679952
0.375439 0.387005
0.978759 0.905698
0.344584 0.975921
0.382031 0.208197
0.261605 0.009125
0.033113 0.692068
0.430219 0.847896
0.867946 0.980316
0.650380 0.543992
0.875881 0.169591
0.937346 0.636158
0.187567 0.128330
0.405133 0.124485
0.275613 0.519272
0.323832 0.924039
0.719871 0.128697
0.256844 0.077456
0.693381 0.033662
0.684500 0.509354
0.825373 0.638112
0.020478 0.602344
0.597186 0.109561
0.426679 0.376995
0.928159 0.247475
0.333476 0.556413
0.106540 0.314310
0.071108 0.296731
0.723045 0.860866
0.518876 0.865017
0.761986 0.077059
0.177801 0.045656
0.507401 0.699271
0.573778 0.556566
0.419538 0.005432
0.638356 0.929655
0.282357 0.422834
0.270363 0.826777
0.643330 0.888119
0.114719 0.918851
0.454451 0.304025
0.985229 0.954527
0.400037 0.327036
0.284097 0.112339
0.288583 0.998993
0.984069 0.679739
0.141270 0.106449
0.674825 0.538347
0.860439 0.800287
0.830409 0.987487
0.884640 0.255562
0.953154 0.936583
0.751122 0.998138
0.866604 0.272042
0.005005 0.512192
0.709861 0.947203
0.280648 0.033815
0.143406 0.314707
0.668600 0.913327
0.030885 0.309977
0.516190 0.450331
0.579028 0.672109
0.583209 0.453261
0.182989 0.668905
0.601306 0.887356
0.519181 0.434462
0.914029 0.325938
0.457686 0.701590
0.327433 0.052583
0.542955 0.152104
0.351207 0.372814
0.855007 0.056032
0.144505 0.401288
0.635884 0.327586
0.302652 0.562243
0.722892 0.441816
0.125278 0.725578
0.958495 0.700949
0.022553 0.292856
0.629536 0.117771
0.835566 0.602802
0.612659 0.317362
0.066256 0.593158
0.103336 0.565477
0.905606 0.091922
0.254006 0.080782
0.861751 0.865017
0.864803 0.894742
0.042848 0.407666
0.816767 0.785455
0.671896 0.993835
0.447645 0.130985
0.103122 0.748405
0.908292 0.163366
0.891018 0.346110
0.216620 0.947996
0.074404 0.186224
0.519364 0.587970
0.456893 0.289529
0.982727 0.302194
0.730186 0.036378
0.598712 0.214423
0.722495 0.842952
0.916471 0.785302
0.228370 0.296762
0.759575 0.284890
0.835902 0.587970
0.063448 0.284982
0.646626 0.072359
0.995209 0.930662
0.600024 0.902493
0.349986 0.583026
0.736717 0.478408
0.861415 0.739189
0.972411 0.332804
0.592364 0.728507
0.264595 0.255745
0.684622 0.088992
0.609241 0.929899
0.579241 0.531144
0.273751 0.856044
0.363872 0.521073
0.172704 0.851650
0.403180 0.014161
0.792169 0.902341
0.908841 0.370006
0.569262 0.648305
0.605060 0.980712
0.133030 0.286905
0.146458 0.642872
0.312876 0.172369
0.443648 0.205237
0.320750 0.893948
0.553453 0.523026
0.013428 0.113926
0.290109 0.249886
0.641408 0.946928
0.989837 0.160741
0.147679 0.906034
0.318766 0.981597
0.896786 0.119572
0.008332 0.783380
0.295969 0.260353
0.315073 0.443434
0.146001 0.645375
0.060640 0.386761
0.256630 0.910428
0.234565 0.678488
0.778741 0.638539
0.484787 0.940611
0.363384 0.544206
0.694723 0.542833
0.464156 0.708823
0.660237 0.959380
0.920743 0.284127
0.480331 0.446120
0.144841 0.982543
0.001221 0.849513
0.593036 0.993011
0.914731 0.245094
0.086062 0.210913
0.960875 0.633808
0.457503 0.126377
0.197211 0.759575
0.301126 0.827174
0.567064 0.732749
0.561571 0.151738
0.488510 0.644032
0.716697 0.271310
0.619221 0.051424
0.293283 0.553209
0.513779 0.820795
0.604511 0.826136
0.881924 0.735649
0.061892 0.068728
0.647542 0.944639
0.958373 0.686148
0.244362 0.699881
0.377789 0.405408
0.053926 0.667653
0.388318 0.321787
0.392712 0.592608
0.174413 0.126255
0.953917 0.596698
0.265358 0.046022
0.110935 0.894040
0.515122 0.529374
0.988372 0.203375
0.990844 0.205542
0.706565 0.638630
0.425398 0.151677
0.706595 0.359447
0.391034 0.997314
0.849727 0.898007
0.179479 0.496811
0.236671 0.909818
0.807489 0.077792
0.733695 0.794763
0.887539 0.789666
0.127628 0.866878
0.835475 0.579730
0.061800 0.532945
0.681478 0.108402
0.035707 0.652364
0.037873 0.381390
0.155980 0.323344
0.838771 0.809839
0.135166 0.571825
0.138493 0.964446
0.941465 0.047853
0.910520 0.393750
0.380474 0.661153
0.945799 0.664541
0.432234 0.931120
0.807520 0.222694
0.853206 0.805597
0.500351 0.009674
0.452376 0.457747
0.204627 0.885434
0.947356 0.342753
0.806635 0.295663
0.852046 0.869655
0.984771 0.951537
0.167241 0.515244
0.956053 0.268715
0.657277 0.316111
0.953490 0.437483
0.583911 0.489273
0.818903 0.954222
0.892209 0.397412
0.370861 0.142918
0.696280 0.905637
0.525163 0.321848
0.272073 0.982025
0.925871 0.107150
0.323160 0.500412
0.677908 0.962523
0.323160 0.101016
0.177648 0.247993
0.043855 0.412458
0.207617 0.110904
0.059542 0.163366
0.726951 0.738731
0.113041 0.709799
0.414106 0.356212
0.249062 0.259926
0.117649 0.498276
0.121464 0.577319
0.871578 0.588855
0.380505 0.443983
0.631123 0.358348
0.546648 0.664388
0.385876 0.129612
0.276650 0.891629
0.805719 0.504807
0.428785 0.057436
0.076449 0.483474
0.832789 0.686697
0.081179 0.543962
0.171422 0.877865
0.583392 0.718528
0.879727 0.231056
0.568407 0.194159
0.467421 0.504288
0.399365 0.469863
0.172308 0.279702
0.943754 0.602008
0.349406 0.420576
0.326823 0.568529
0.502701 0.600970
0.468642 0.283883
0.365917 0.688345
0.059908 0.295358
0.938414 0.261605
0.134190 0.692373
0.881985 0.044557
0.891537 0.259957
0.185797 0.537034
0.930662 0.407575
0.504868 0.624317
0.545366 0.904599
0.078402 0.446394
0.241859 0.953581
0.634999 0.308359
0.132847 0.632984
0.189978 0.912839
0.141667 0.695975
0.572985 0.548479
0.154759 0.627583
0.163823 0.702322
0.111240 0.912442
0.621784 0.064791
0.793451 0.621235
0.035829 0.781335
0.027497 0.988952
0.060915 0.307627
0.684896 0.184820
0.338267 0.773309
0.717277 0.833003
0.058473 0.917356
0.474349 0.683401
0.073672 0.377483
0.961577 0.464644
0.464278 0.614032
0.192938 0.449355
0.967498 0.249825
0.296487 0.764061
0.173162 0.107608
0.527207 0.973998
0.893582 0.725639
0.845119 0.975158
0.613300 0.633168
0.213538 0.723716
0.425214 0.167119
0.274606 0.834803
0.359447 0.110813
0.557878 0.581652
0.510788 0.936216
0.878292 0.326426
0.871364 0.931089
0.080050 0.913907
0.274606 0.992035
0.782434 0.059175
0.356822 0.364940
0.283517 0.261025
0.942595 0.113712
0.278695 0.271676
0.549730 0.654469
0.893216 0.747978
0.280770 0.460921
0.875362 0.395856
0.157689 0.557848
0.833155 0.481796
0.906674 0.636341
0.584490 0.378826
0.428602 0.433515
0.098117 0.140080
0.185553 0.198492
0.220862 0.942442
0.995270 0.933805
0.078616 0.508286
0.890011 0.443159
0.057405 0.787530
0.196600 0.717582
0.770806 0.680136
0.492813 0.690146
0.919889 0.081301
0.597339 0.891598
0.452132 0.030122
0.249153 0.037172
0.925199 0.242653
0.632405 0.076785
0.482223 0.811457
0.344615 0.352092
0.376507 0.099918
0.592242 0.187109
0.438612 0.309763
0.117771 0.034089
0.949065 0.657460
0.338023 0.882260
0.981567 0.518601
0.810358 0.503281
0.389355 0.328013
0.746269 0.214209
0.866543 0.568621
0.502365 0.029756
0.615436 0.393445
0.838740 0.512131
0.922666 0.523362
0.351024 0.099216
0.299173 0.451216
0.983062 0.192633
0.341411 0.483993
0.025239 0.786767
0.969085 0.654134
0.506027 0.920011
0.196265 0.030946
0.092196 0.464217
0.431715 0.391430
0.087222 0.290078
0.265236 0.725028
0.281320 0.031556
0.910306 0.624226
0.435133 0.952300
0.626789 0.198370
0.379498 0.605060
0.751946 0.949553
0.615528 0.821131
0.153691 0.127628
0.908811 0.676962
0.671255 0.443861
0.403821 0.557299
0.896878 0.278420
0.032105 0.278542
0.908780 0.733329
0.142705 0.678945
0.036470 0.787439
0.397290 0.478957
0.501785 0.125340
0.191717 0.641835
0.462477 0.631733
0.298349 0.071810
0.042116 0.926542
0.385022 0.681814
0.252602 0.222602
0.567553 0.361095
0.215461 0.286782
0.651601 0.875118
0.219947 0.227577
0.602161 0.797205
0.222755 0.820246
0.602985 0.712394
0.962004 0.127506
0.444166 0.886105
0.390088 0.872616
0.826380 0.076571
0.239906 0.761376
0.402326 0.644246
0.581927 0.805536
0.444136 0.841731
0.950774 0.487106
0.545824 0.565233
0.824061 0.885067
0.323893 0.239051
0.007050 0.036958
0.821955 0.713675
0.186834 0.157628
0.067934 0.387982
0.217811 0.029847
0.174871 0.038820
0.922330 0.228248
0.794458 0.084811
0.369518 0.453444
0.671407 0.037446
0.091952 0.333354
0.305887 0.063143
0.971496 0.592425
0.533158 0.276345
0.922269 0.142918
0.151799 0.174322
0.273171 0.035646
0.396802 0.390606
0.608509 0.563402
0.753471 0.877804
0.344432 0.155644
0.398694 0.209326
0.948668 0.345531
0.425062 0.531785
0.208350 0.590197
0.504501 0.198859
0.147862 0.618122
0.142064 0.339915
0.216102 0.341899
0.710746 0.837703
0.839900 0.933714
0.102451 0.491104
0.403638 0.641194
0.871731 0.244606
0.277078 0.563219
0.262612 0.248543
0.266274 0.102329
0.978759 0.539048
0.140202 0.442946
0.120487 0.470595
0.351756 0.175146
0.020539 0.888577
0.518723 0.085299
0.035340 0.672781
0.300363 0.880276
0.194769 0.670186
0.742485 0.263955
0.282662 0.582080
0.802362 0.730979
0.842280 0.320322
0.439863 0.950957
0.079043 0.146306
0.254372 0.925840
0.648824 0.595416
0.925993 0.371838
0.375469 0.879513
0.706809 0.054018
0.483627 0.405499
0.634419 0.584613
0.446089 0.484848
0.045930 0.751885
0.702261 0.439039
0.587512 0.197790
0.302866 0.370861
0.944426 0.609485
0.802484 0.123173
0.569018 0.186743
0.430219 0.022523
0.939146 0.623737
0.221442 0.109867
0.991119 0.434126
0.166784 0.318278
0.711264 0.801965
0.784845 0.379406
0.541826 0.989044
0.025269 0.739647
0.757500 0.829920
0.908139 0.267190
0.468947 0.346568
0.805536 0.031495
0.409619 0.012970
0.772607 0.936369
0.161870 0.701682
0.833003 0.487259
0.979003 0.842860
0.626118 0.475448
0.858852 0.827998
0.321818 0.858791
0.026154 0.188635
0.208777 0.621174
0.478866 0.581835
0.863277 0.891873
0.755364 0.113529
0.303842 0.105808
0.578692 0.031037
0.038972 0.486129
0.533982 0.316019
0.413373 0.630177
0.159246 0.480361
0.537187 0.196387
0.559130 0.461013
0.251442 0.493057
0.126194 0.062502
0.517411 0.548204
0.208289 0.653829
0.490341 0.609485
0.422224 0.805017
0.698935 0.874477
0.324259 0.900479
0.223212 0.324778
0.797235 0.329295
0.542436 0.001740
0.636769 0.568499
0.163762 0.284219
0.470962 0.965239
0.722861 0.017426
0.065554 0.722678
0.055391 0.519517
0.116611 0.727683
0.075533 0.824122
0.695578 0.748863
0.028840 0.040681
0.435438 0.502976
0.417798 0.203375
0.109409 0.543809
0.460341 0.519944
0.008606 0.754509
0.738121 0.052767
0.024567 0.724570
0.190069 0.362438
0.843318 0.793023
0.108219 0.145482
0.156713 0.038697
0.291726 0.397778
0.298227 0.999237
0.015015 0.134190
0.207953 0.399457
0.967132 0.196448
0.134648 0.671346
0.817530 0.179998
0.980102 0.545793
0.565600 0.011200
0.692099 0.498001
0.329051 0.206336
0.612995 0.327738
0.189062 0.655599
0.947813 0.616352
0.659261 0.134404
0.148869 0.531144
0.370495 0.604450
0.015229 0.839045
0.516861 0.582232
0.950529 0.069948
0.786431 0.669881
0.648915 0.139592
0.936430 0.582629
0.504196 0.748131
0.722343 0.986023
0.223487 0.163396
0.673147 0.795679
0.052431 0.170354
0.368114 0.971496
0.518143 0.467574
0.372082 0.337077
0.095614 0.292489
0.485031 0.455794
0.704672 0.556200
0.462508 0.094729
0.442793 0.269295
0.862819 0.307993
0.460891 0.540300
0.177557 0.670003
0.387585 0.927030
0.901669 0.690817
0.208899 0.423200
0.698813 0.944151
0.008881 0.861019
0.319254 0.939451
0.478317 0.010590
0.425581 0.269662
0.596637 0.158513
0.982879 0.065401
0.394574 0.445631
0.369732 0.286966
0.202582 0.746239
0.866268 0.885647
0.292215 0.369213
0.675069 0.365368
0.316141 0.363018
0.131870 0.776147
0.453230 0.705069
0.665120 0.157445
0.337718 0.051119
0.970214 0.069826
0.596362 0.852412
0.141484 0.910672
0.769494 0.966796
0.734642 0.808435
0.585467 0.368114
0.852199 0.883786
0.897610 0.350261
0.550401 0.653981
0.596088 0.417035
0.959136 0.853511
0.371776 0.013092
0.599811 0.510300
0.659017 0.395917
0.664968 0.832179
0.666860 0.876064
0.442274 0.661641
0.250862 0.236702
0.031709 0.849635
0.905820 0.351817
0.237861 0.203681
0.045167 0.971282
0.338908 0.805719
0.174139 0.828394
0.889187 0.229530
0.360454 0.851100
0.210822 0.690756
0.911069 0.757744
0.659810 0.818812
0.823695 0.964476
0.772668 0.066164
0.302438 0.930082
0.476852 0.730644
0.620167 0.189367
0.236366 0.315409
0.853542 0.511917
0.284036 0.863643
0.580218 0.091159
0.995636 0.211951
0.456984 0.965758
0.367901 0.574816
0.617847 0.286142
0.023164 0.683432
0.297220 0.546617
0.402631 0.892727
0.136265 0.099582
0.121158 0.840815
0.271645 0.881283
0.831843 0.684500
0.386029 0.885189
0.929441 0.612781
0.291635 0.036378
0.053133 0.964385
0.703391 0.497452
0.294259 0.229652
0.357555 0.936766
0.515030 0.718833
0.132633 0.791620
0.685293 0.177282
0.328227 0.056429
0.642720 0.129398
0.183477 0.232185
0.815668 0.735466
0.888882 0.420087
0.162267 0.497971
0.594653 0.121677
0.204260 0.121097
0.909360 0.330241
0.005249 0.783776
0.687490 0.808985
0.795770 0.734306
0.864132 0.212104
0.557054 0.403455
0.078341 0.660939
0.842921 0.753471
0.415632 0.457961
0.113010 0.695822
0.121494 0.368511
0.416028 0.325358
0.689291 0.079104
0.095370 0.147313
0.310221 0.954741
0.853664 0.463759
0.800104 0.528977
0.915403 0.176977
0.209326 0.922025
0.071261 0.112613
0.967864 0.623920
0.011628 0.217780
0.680136 0.983886
0.701071 0.062166
0.746910 0.970153
0.223670 0.927122
0.223151 0.220832
0.818903 0.667104
0.819727 0.800836
0.448378 0.509903
0.482192 0.086489
0.234840 0.831355
0.376110 0.622272
0.071718 0.698233
0.862697 0.945921
0.488937 0.067263
0.453536 0.199988
0.937803 0.214240
0.151280 0.833338
0.430280 0.842647
0.099094 0.040040
0.013245 0.423658
0.547716 0.574145
0.405774 0.357311
0.125797 0.563952
0.680380 0.553606
0.221198 0.992798
0.946196 0.007599
0.380139 0.126682
0.190527 0.900510
0.130070 0.671041
0.934812 0.256691
0.132603 0.936430
0.860836 0.689169
0.072756 0.795923
0.064638 0.263771
0.190893 0.714530
0.093234 0.014069
0.863369 0.632099
0.420576 0.137761
0.138218 0.980987
0.519578 0.405927
0.632466 0.619739
0.186010 0.816462
0.696585 0.964232
0.270608 0.022919
0.253059 0.096988
0.475356 0.570147
0.215033 0.136601
0.370891 0.467330
0.891171 0.647877
0.290658 0.130741
0.258156 0.226661
0.681661 0.074587
0.603931 0.445692
0.468673 0.742790
0.529160 0.995605
0.564013 0.056581
0.181890 0.906400
0.202826 0.090884
0.033601 0.067812
0.828669 0.103519
0.662954 0.164159
0.627491 0.320444
0.541246 0.834773
0.021577 0.953642
0.095462 0.109653
0.487747 0.372204
0.320261 0.198798
0.314493 0.455123
0.844905 0.916044
0.455397 0.656697
0.861660 0.518998
0.134068 0.816248
0.821741 0.246376
0.994018 0.109104
0.969787 0.788873
0.571245 0.676534
0.989105 0.708426
0.452071 0.398602
0.879421 0.416730
0.543016 0.417737
0.128025 0.208014
0.192206 0.496414
0.525956 0.973632
0.433363 0.911069
0.611713 0.494888
0.231391 0.339702
0.132878 0.683676
0.886380 0.275246
0.931700 0.551225
0.251839 0.995300
0.160131 0.186651
0.924070 0.619831
0.057894 0.288247
0.417341 0.198157
0.966155 0.986541
0.158147 0.056124
0.302133 0.794733
0.974395 0.915860
0.792230 0.134434
0.472488 0.027680
0.163488 0.323984
0.809503 0.282998
0.164006 0.326731
0.790002 0.939909
0.189154 0.890744
0.298654 0.454421
0.596179 0.601276
0.022950 0.762841
0.080630 0.358165
0.802881 0.226386
0.494949 0.664724
0.472182 0.739616
0.447371 0.555132
0.492904 0.679281
0.579089 0.439955
0.865383 0.998138
0.573473 0.824488
0.946471 0.037049
0.650960 0.886074
0.105197 0.472701
0.541276 0.825800
0.991302 0.468398
0.523942 0.173467
0.445692 0.458388
0.957213 0.275246
0.101871 0.107212
0.652638 0.780602
0.257942 0.280831
0.231666 0.667745
0.952452 0.444227
0.057588 0.071780
0.604541 0.365673
0.247963 0.872982
0.375103 0.658773
0.173376 0.825343
0.904599 0.193762
0.348460 0.508377
0.584002 0.909299
0.122196 0.881619
0.015748 0.055330
0.072878 0.724265
0.819727 0.399792
0.514695 0.740806
0.441481 0.428571
0.021668 0.613849
0.118839 0.071291
0.375652 0.785546
0.662709 0.983764
0.844203 0.248604
0.208533 0.918058
0.194830 0.128544
0.595141 0.212043
0.352031 0.338206
0.526078 0.929106
0.102756 0.085360
0.171178 0.679495
0.363292 0.654683
0.171453 0.271889
0.047060 0.905820
0.035981 0.248329
0.136174 0.397534
0.840327 0.327067
0.434706 0.868435
0.415998 0.371258
0.779443 0.029389
0.466720 0.260628
0.058931 0.131230
0.990722 0.249092
0.265969 0.432417
0.002014 0.425672
0.457045 0.560442
0.792169 0.116306
0.097415 0.894498
0.979003 0.708151
0.843562 0.155614
0.888638 0.365642
0.175573 0.854457
0.497208 0.014557
0.173833 0.917112
0.459334 0.711386
0.033387 0.980041
0.387585 0.449599
0.828852 0.236976
0.149815 0.174688
0.577197 0.922758
0.896512 0.732688
0.086215 0.536515
0.861324 0.734489
0.448653 0.175756
0.273690 0.977630
0.866329 0.717978
0.552568 0.551531
0.532243 0.699759
0.240883 0.868740
0.584399 0.080630
0.839412 0.788934
0.858364 0.610523
0.829615 0.174718
0.344707 0.081484
0.042512 0.410413
0.758293 0.246132
0.029481 0.914823
0.124577 0.682852
0.591113 0.179235
0.790124 0.389660
0.120426 0.362743
0.917386 0.974517
0.789239 0.116642
0.129429 0.675802
0.073122 0.900266
0.476180 0.732444
0.044404 0.268044
0.412763 0.148442
0.081942 0.409986
0.889462 0.013031
0.598376 0.547655
0.362896 0.091464
0.392163 0.502915
0.215735 0.191382
0.673666 0.244819
0.240608 0.335795
0.132054 0.361339
0.517228 0.340098
0.607196 0.688101
0.030702 0.050996
0.933103 0.695578
0.968566 0.608509
0.391614 0.194739
0.044343 0.069613
0.718284 0.758690
0.699362 0.128513
0.276315 0.460250
0.727256 0.867672
0.928404 0.881954
0.369396 0.096591
0.144566 0.416730
0.537126 0.310343
0.253029 0.141301
0.317270 0.797693
0.239265 0.042726
0.417096 0.931486
0.000946 0.879940
0.704947 0.171636
0.463454 0.461043
0.502853 0.812342
0.463515 0.618305
0.787347 0.004578
0.806330 0.661214
0.954619 0.085543
0.402905 0.589496
0.306681 0.745476
0.893826 0.847255
0.914151 0.064089
0.665334 0.899197
0.012299 0.947295
0.664571 0.410382
0.586810 0.995178
0.919523 0.310923
0.170629 0.526536
0.448622 0.439009
0.519761 0.656301
0.006226 0.489761
0.503189 0.379162
0.578234 0.272927
0.494369 0.869991
0.253670 0.179754
0.843410 0.006745
0.113987 0.320109
0.658803 0.649983
0.519578 0.287118
0.638203 0.775628
0.835994 0.603656
0.854122 0.742759
0.901028 0.477401
0.873074 0.225288
0.310099 0.853389
0.663991 0.910459
0.637654 0.051851
0.534837 0.869472
0.133671 0.180700
0.088473 0.014954
0.396893 0.934568
0.268715 0.932157
0.922117 0.577563
0.537553 0.971801
0.946532 0.029298
0.742058 0.274758
0.501236 0.335765
0.826930 0.259346
0.073855 0.306009
0.048921 0.603076
0.788873 0.596454
0.849666 0.249275
0.511734 0.023316
0.042451 0.471145
0.783044 0.385174
0.470595 0.522782
0.989166 0.576189
0.791711 0.910215
0.545976 0.812067
0.407178 0.968596
0.163579 0.682546
0.088656 0.656636
0.067812 0.566729
0.139531 0.911130
0.530137 0.160436
0.441664 0.678793
0.433576 0.145238
0.458663 0.543779
0.600421 0.830134
0.840663 0.631245
0.086215 0.783502
0.377483 0.420515
0.805841 0.274972
0.869045 0.296823
0.240547 0.657338
0.375469 0.678243
0.809992 0.559801
0.579821 0.097598
0.151921 0.641865
0.067415 0.893460
0.842982 0.769738
0.989166 0.854884
0.616718 0.960723
0.420576 0.924528
0.185400 0.314493
0.001862 0.785669
0.187078 0.352977
0.359386 0.483840
0.212226 0.623646
0.394024 0.185705
0.651936 0.779778
0.165929 0.150914
0.907590 0.576708
0.030732 0.947905
0.868007 0.065279
0.184027 0.445326
0.060396 0.763878
0.381603 0.090060
0.213538 0.643117
0.815302 0.833522
0.922025 0.484329
0.042024 0.951018
0.030061 0.218146
0.348125 0.464888
0.326456 0.410504
0.739555 0.746605
0.029511 0.908689
0.667013 0.965819
0.564287 0.135441
0.268929 0.987152
0.997528 0.408551
0.537950 0.495254
0.787408 0.316721
0.317667 0.629780
0.003937 0.683737
0.535661 0.911130
0.676199 0.151524
0.422651 0.913755
0.219367 0.242714
0.021424 0.630757
0.991150 0.770379
0.075716 0.057924
0.431501 0.417676
0.098788 0.483566
0.503220 0.046999
0.733879 0.839106
0.164190 0.351939
0.543291 0.474593
0.357524 0.599414
0.937620 0.024049
0.083987 0.578600
0.674734 0.337474
0.923154 0.662648
0.799860 0.285470
0.743919 0.301828
0.290689 0.449019
0.813990 0.475021
0.592608 0.163915
0.499435 0.379070
0.477767 0.280923
0.137638 0.576922
0.306375 0.249214
0.708121 0.925596
0.621174 0.599322
0.643452 0.555498
0.246254 0.713004
0.736198 0.774895
0.698721 0.213141
0.094638 0.827784
0.039979 0.035249
0.053529 0.786676
0.446120 0.361217
0.289041 0.899899
0.143895 0.904324
0.479019 0.686666
0.400708 0.698294
0.993103 0.689993
0.923093 0.548967
0.306711 0.794641
0.545061 0.658467
0.702261 0.484725
0.697928 0.969787
0.140141 0.010468
0.226173 0.193701
0.779534 0.947050
0.999237 0.689718
0.043519 0.307382
0.236579 0.696341
0.846095 0.496902
0.683126 0.891659
0.915189 0.545030
0.110355 0.881375
0.172613 0.970092
0.612232 0.937101
0.643727 0.675039
0.042909 0.307169
0.650472 0.993377
0.004028 0.880764
0.943785 0.916807
0.286416 0.486831
0.931852 0.035859
0.173711 0.609088
0.660024 0.224586
0.699332 0.600574
0.960051 0.562822
0.599109 0.791650
0.303323 0.019410
0.060488 0.040620
0.276070 0.084628
0.486831 0.178961
0.067324 0.000885
0.785119 0.391919
0.050020 0.069277
0.243294 0.888913
0.360790 0.484207
0.701254 0.174322
0.223701 0.645894
0.240150 0.659627
0.940397 0.542802
0.715323 0.816401
0.482986 0.596637
0.346660 0.030274
0.058626 0.594867
0.045564 0.245338
0.300241 0.742790
0.384167 0.681295
0.613575 0.403638
0.726981 0.292917
0.637074 0.029054
0.428907 0.454421
0.344829 0.346599
0.101047 0.721885
0.216010 0.136082
0.252052 0.525071
0.594745 0.965209
0.878597 0.274636
0.420240 0.123203
0.590991 0.095187
0.980956 0.944426
0.244209 0.117313
0.650746 0.681753
0.927000 0.980560
0.539262 0.942747
0.280038 0.765130
0.898618 0.993347
0.939817 0.759514
0.098483 0.404981
0.275307 0.228126
0.378918 0.296640
0.179662 0.772454
0.046968 0.169744
0.147404 0.121281
0.144658 0.742973
0.932493 0.941557
0.089236 0.898373
0.883755 0.681234
0.552721 0.071566
0.839228 0.891140
0.188025 0.888241
0.668844 0.221839
0.465255 0.730522
0.858303 0.289834
0.152654 0.345531
0.929777 0.480819
0.039125 0.862270
0.001587 0.948271
0.941527 0.180364
0.152989 0.631855
0.112064 0.100284
0.811396 0.263466
0.812738 0.963622
0.069765 0.711203
0.498428 0.728324
0.585681 0.907132
0.158361 0.569750
0.904111 0.503800
0.472152 0.037660
0.110477 0.540391
0.936094 0.301706
0.219947 0.899747
0.616932 0.515641
0.209204 0.837886
0.688559 0.832179
0.097110 0.366863
0.408155 0.099307
0.980651 0.772607
0.688131 0.769860
0.431776 0.048402
0.919980 0.054537
0.162389 0.526200
0.206275 0.851192
0.362560 0.485733
0.657308 0.479843
0.619251 0.024110
0.908170 0.756462
0.821131 0.965880
0.512925 0.435194
0.956206 0.095645
0.372082 0.551408
0.849391 0.696127
0.256935 0.259316
0.734214 0.753502
0.193274 0.392346
0.706229 0.132420
0.947142 0.132725
0.457900 0.023408
0.642689 0.520341
0.131779 0.712271
0.668050 0.124760
0.640400 0.130924
0.962523 0.811731
0.971892 0.648915
0.803186 0.311106
0.794427 0.064730
0.368084 0.790307
0.001038 0.014374
0.304666 0.141636
0.911100 0.050081
0.925382 0.019898
0.283547 0.225440
0.577715 0.357830
0.894833 0.987213
0.093814 0.641804
0.837123 0.904782
0.726829 0.728202
0.193976 0.269082
0.479415 0.482376
0.248848 0.091678
0.231605 0.020844
0.883114 0.535539
0.573138 0.838435
0.869839 0.051881
0.614063 0.887204
0.834925 0.252358
0.032105 0.654714
0.226936 0.713034
0.577715 0.721549
0.456618 0.110538
0.994751 0.034242
0.649495 0.672201
0.289377 0.010224
0.745293 0.503098
0.873440 0.733085
0.036622 0.595080
0.303323 0.048555
0.535142 0.982360
0.198859 0.538499
0.061220 0.840297
0.044801 0.555620
0.901669 0.973754
0.689962 0.454451
0.790155 0.289529
0.589953 0.839320
0.764000 0.319010
0.784692 0.162603
0.139958 0.463637
0.457350 0.886196
0.957305 0.409040
0.711386 0.402356
0.795923 0.066774
0.846248 0.391186
0.113376 0.783898
0.126835 0.932493
0.818262 0.334269
0.521531 0.487747
0.575793 0.344554
0.574572 0.279061
0.471725 0.006043
0.473891 0.134678
0.628956 0.207892
0.310709 0.908567
0.620411 0.796258
0.351756 0.884976
0.839930 0.349895
0.079714 0.458083
0.077914 0.078005
0.625477 0.460402
0.661855 0.024262
0.280465 0.250557
0.317026 0.108890
0.495315 0.342448
0.404523 0.040071
0.271004 0.856532
0.692434 0.625477
0.349071 0.574572
0.316294 0.515610
0.106632 0.879360
0.085391 0.909940
0.562975 0.360088
0.791101 0.257179
0.403455 0.365459
0.673116 0.481277
0.427503 0.284799
0.700552 0.763268
0.326456 0.839412
0.823389 0.411939
0.197974 0.164525
0.851009 0.853084
0.702841 0.963988
0.114048 0.269143
0.270608 0.517899
0.565508 0.920835
0.260384 0.825556
0.477645 0.681204
0.483016 0.663961
0.390881 0.814356
0.990600 0.844020
0.470779 0.529008
0.540147 0.444807
0.929685 0.339152
0.637104 0.308054
0.668752 0.762413
0.565142 0.573260
0.797296 0.387341
0.308847 0.535325
0.185064 0.841639
0.218451 0.657552
0.315989 0.803735
0.280984 0.538957
0.662008 0.203192
0.545457 0.030671
0.310038 0.953917
0.015473 0.034394
0.317240 0.097903
0.424574 0.270058
0.262551 0.181951
0.781610 0.264199
0.406751 0.402844
0.058962 0.910672
0.135166 0.903684
0.429548 0.384686
0.958678 0.692038
0.900479 0.627308
0.157414 0.633808
0.908414 0.761925
0.303659 0.468703
0.811274 0.144871
0.936735 0.053865
0.112522 0.541734
0.795495 0.348582
0.063387 0.839167
0.123905 0.815882
0.454451 0.836268
0.975433 0.672384
0.833491 0.308603
0.364727 0.181127
0.990051 0.651875
0.312326 0.158055
0.343944 0.503403
0.715293 0.984893
0.031983 0.107547
0.376080 0.147069
0.418348 0.409650
0.846065 0.329020
0.934874 0.159520
0.657888 0.806207
0.527726 0.464766
0.498001 0.020966
0.947966 0.217170
0.352824 0.666219
0.414197 0.058351
0.103488 0.608936
0.949126 0.522721
0.028626 0.302927
0.187292 0.661977
0.606189 0.914579
0.347667 0.916349
0.843593 0.579577
0.065981 0.280740
0.842555 0.354991
0.276406 0.479019
0.440840 0.935636
0.849849 0.646809
0.757622 0.182287
0.122868 0.816797
0.209052 0.047151
0.656117 0.349193
0.179571 0.540971
0.654500 0.954680
0.930357 0.479904
0.586352 0.946409
0.493851 0.472060
0.665395 0.232337
0.998321 0.076693
0.882107 0.335765
0.890133 0.406293
0.044282 0.898251
0.549791 0.903806
0.569689 0.926786
0.675344 0.817377
0.186743 0.316599
0.839534 0.153813
0.199927 0.680197
0.127262 0.391400
0.475661 0.014466
0.259194 0.734001
0.805231 0.237068
0.107883 0.187262
0.800928 0.122959
0.013001 0.238594
0.981567 0.672720
0.801416 0.421613
0.203864 0.443739
0.918638 0.546739
0.095584 0.875576
0.577837 0.879116
0.646931 0.140446
0.332835 0.044923
0.616565 0.550981
0.981048 0.947600
0.908048 0.054994
0.573504 0.850337
0.842128 0.278207
0.600238 0.649159
0.137059 0.624775
0.517808 0.070498
0.316111 0.570727
0.224769 0.332835
0.253487 0.982727
0.897519 0.845149
0.427839 0.398602
0.842769 0.401227
0.671682 0.666829
0.829859 0.691794
0.163793 0.741813
0.023194 0.639912
0.385266 0.928739
0.761834 0.965484
0.465987 0.469466
0.925993 0.709769
0.735801 0.513443
0.149815 0.222724
0.887417 0.254555
0.535875 0.644704
0.656636 0.515183
0.027558 0.413282
0.426496 0.558855
0.096561 0.826960
0.661428 0.412610
0.900510 0.196509
0.577898 0.480453
0.567736 0.615802
0.957335 0.728935
0.765435 0.882717
0.206946 0.601733
0.255043 0.999664
0.356975 0.210547
0.276894 0.485122
0.272866 0.269692
0.907468 0.483871
0.662069 0.775903
0.877224 0.580279
0.943693 0.454726
0.560625 0.497147
0.910855 0.542528
0.901608 0.944334
0.872036 0.867916
0.215766 0.380169
0.119907 0.131016
0.118931 0.454176
0.963134 0.157537
0.115146 0.005737
0.385083 0.569842
0.119022 0.445723
0.188818 0.352000
0.965270 0.569689
0.043062 0.469222
0.032197 0.177923
0.659993 0.686148
0.000671 0.947935
0.724204 0.169897
0.123875 0.044313
0.468703 0.540300
0.085940 0.284219
0.386517 0.608844
0.674917 0.351329
0.976867 0.799524
0.304514 0.969146
0.333262 0.912626
0.422407 0.859890
0.015534 0.538347
0.318400 0.479354
0.353893 0.575579
0.122044 0.105380
0.015198 0.022126
0.344432 0.191565
0.178381 0.222663
0.807520 0.204138
0.148167 0.652058
0.419080 0.922086
0.580432 0.864772
0.224830 0.891476
0.468642 0.942900
0.591632 0.864040
0.591754 0.671804
0.448256 0.150609
0.203619 0.298135
0.804041 0.051729
0.527512 0.446883
0.138432 0.745384
0.287484 0.849452
0.268197 0.189825
0.915952 0.689810
0.407117 0.069704
0.483200 0.077517
0.174383 0.591327
0.676565 0.537248
0.732444 0.935728
0.097476 0.382611
0.459578 0.200812
0.253548 0.187231
0.846461 0.780450
0.866207 0.578234
0.137272 0.065493
0.891934 0.797815
0.769860 0.748924
0.732902 0.696677
0.520737 0.015229
0.793176 0.690115
0.036927 0.708396
0.733757 0.573046
0.245155 0.909207
0.845210 0.525803
0.699179 0.990020
0.815119 0.355907
0.858516 0.955718
0.409375 0.632344
0.252022 0.905545
0.772088 0.097140
0.630634 0.155797
0.377880 0.632496
0.828547 0.563372
0.282083 0.180059
0.352580 0.649220
0.576067 0.067354
0.111454 0.924589
0.650594 0.472182
0.021607 0.791101
0.347972 0.225410
0.016449 0.669668
0.815668 0.317881
0.810480 0.400861
0.727378 0.047914
0.906217 0.210883
0.140233 0.876186
0.433882 0.951964
0.860775 0.135502
0.637471 0.664113
0.952849 0.581927
0.905606 0.711234
0.094760 0.024354
0.118137 0.020600
0.767052 0.650166
0.681906 0.898465
0.748375 0.894833
0.282540 0.391552
0.487594 0.710990
0.664174 0.961364
0.018891 0.240761
0.166540 0.790307
0.689871 0.256355
0.528336 0.996887
0.641652 0.344646
0.458022 0.547868
0.197119 0.367382
0.378735 0.648946
0.813929 0.227821
0.253059 0.895352
0.894192 0.963317
0.152074 0.779443
0.669485 0.123966
0.563707 0.803308
0.003418 0.360515
0.584918 0.370403
0.897214 0.432051
0.686331 0.233314
0.504227 0.931791
0.500137 0.026673
0.898221 0.992096
0.899258 0.169408
0.459853 0.979644
0.626118 0.799158
0.503800 0.250679
0.247902 0.698202
0.054079 0.268044
0.075655 0.921232
0.229225 0.321421
0.845302 0.824946
0.874386 0.334605
0.907041 0.493942
0.830042 0.003449
0.021455 0.602100
0.707938 0.092929
0.593524 0.335459
0.247108 0.993744
0.127140 0.653310
0.656331 0.320261
0.557146 0.917966
0.849147 0.830531
0.613758 0.425214
0.977569 0.449782
0.877316 0.866482
0.171026 0.678793
0.677938 0.253609
0.886715 0.168188
0.497787 0.337992
0.777093 0.740165
0.031037 0.055055
0.481826 0.638417
0.558763 0.025239
0.249245 0.288217
0.793909 0.643208
0.794641 0.347209
0.853877 0.785638
0.515946 0.670156
0.966460 0.577837
0.412214 0.895108
0.013153 0.884091
0.320170 0.192938
0.548753 0.507706
0.205390 0.927152
0.201880 0.904935
0.172338 0.864956
0.929167 0.931150
0.979583 0.256539
0.902341 0.803858
0.275704 0.752251
0.882107 0.606800
0.212409 0.188543
0.984222 0.616199
0.244606 0.230567
0.195288 0.712424
0.889584 0.785302
0.717185 0.033113
0.240089 0.880703
0.496261 0.572283
0.789453 0.002564
0.011444 0.812799
0.105930 0.091617
0.169561 0.439680
0.791009 0.732109
0.983673 0.324168
0.557573 0.971007
0.254555 0.738121
0.067171 0.892666
0.022675 0.179998
0.465621 0.636494
0.639912 0.784173
0.093356 0.974334
0.737663 0.892331
0.833430 0.790490
0.091189 0.633686
0.291025 0.108860
0.853603 0.820978
0.424909 0.262398
0.799646 0.546251
0.209387 0.076724
0.706717 0.213996
0.720603 0.954924
0.971831 0.315683
0.937803 0.098117
0.073733 0.667043
0.156224 0.892636
0.537889 0.139897
0.917417 0.743828
0.558672 0.418867
0.863124 0.138859
0.936857 0.815149
0.487259 0.667898
0.573656 0.364849
0.659658 0.023560
0.926695 0.513474
0.522385 0.714469
0.401257 0.293497
0.033845 0.236824
0.829890 0.522477
0.296487 0.117801
0.627583 0.465560
0.484115 0.428175
0.305277 0.920499
0.711753 0.797967
0.547594 0.609424
0.985473 0.191992
0.011200 0.408368
0.638356 0.226508
0.500351 0.446211
0.159520 0.307810
0.675405 0.603565
0.821528 0.374706
0.950987 0.443800
0.012879 0.525498
0.739616 0.106571
0.697714 0.195685
0.800287 0.975494
0.129154 0.192358
0.204016 0.424909
0.012848 0.203681
0.147374 0.126652
0.181219 0.270150
0.055513 0.612812
0.491501 0.832057
0.495132 0.107547
0.998047 0.045228
0.665181 0.843318
0.415510 0.831690
0.914029 0.491379
0.963164 0.685873
0.355174 0.580493
0.467849 0.826319
0.057863 0.836451
0.398907 0.563250
0.375896 0.938597
0.996246 0.843440
0.969359 0.905148
0.463393 0.741935
0.376904 0.364391
0.312204 0.475631
0.251320 0.766442
0.526261 0.628224
0.404675 0.487899
0.521348 0.508652
0.972716 0.735679
0.182134 0.534623
0.207617 0.078768
0.050264 0.114841
0.422864 0.131626
0.660176 0.386914
0.939177 0.576556
0.806818 0.114109
0.422163 0.635640
0.599689 0.342814
0.361309 0.600574
0.382824 0.883236
0.299112 0.424696
0.054689 0.265023
0.471145 0.427015
0.080538 0.325419
0.167119 0.834437
0.991089 0.338054
0.468947 0.192999
0.273598 0.964415
0.521592 0.179571
0.062227 0.808557
0.993774 0.845027
0.532975 0.856716
0.884274 0.820429
0.410077 0.582934
0.330119 0.517472
0.490341 0.001831
0.573077 0.854122
0.590655 0.450087
0.740349 0.536912
0.826319 0.377453
0.596393 0.431257
0.624958 0.929014
0.921354 0.050752
0.383740 0.599536
0.174749 0.741447
0.586810 0.281289
0.406018 0.207495
0.375225 0.358135
0.843379 0.909574
0.174108 0.404492
0.900296 0.574419
0.401074 0.873348
0.601337 0.478561
0.676565 0.054018
0.125767 0.442122
0.966247 0.270760
0.337382 0.864437
0.600116 0.450056
0.207068 0.081332
0.324870 0.588733
0.534104 0.826502
0.045686 0.153233
0.872463 0.076907
0.413800 0.942381
0.068636 0.065126
0.916044 0.443587
0.317026 0.737999
0.622242 0.215064
0.138737 0.444441
0.247780 0.324320
0.191137 0.132939
0.686117 0.374706
0.313181 0.839869
0.668600 0.150914
0.713645 0.749931
0.707663 0.415235
0.707877 0.610797
0.979064 0.884945
0.910092 0.781640
0.300089 0.923032
0.859767 0.972839
0.976165 0.035676
0.856929 0.268136
0.703299 0.850002
0.946654 0.421064
0.571398 0.069613
0.404553 0.351634
0.832148 0.393689
0.294961 0.547716
0.276803 0.056673
0.027924 0.044496
0.115360 0.306131
0.590533 0.486618
0.644520 0.417035
0.506760 0.077792
0.157933 0.095676
0.573595 0.289438
0.124393 0.878506
0.719779 0.744041
0.950346 0.224219
0.034272 0.278665
0.312357 0.039033
0.490524 0.397382
0.925504 0.996887
0.110080 0.405042
0.266274 0.994720
0.722190 0.754112
0.657460 0.523698
0.974822 0.635578
0.900021 0.500290
0.670461 0.457442
0.072848 0.191504
0.758721 0.334147
0.137547 0.555559
0.064364 0.006806
0.000763 0.370983
0.256294 0.955870
0.260842 0.224158
0.931303 0.822871
0.196631 0.167638
0.367809 0.544420
0.160314 0.226630
0.732566 0.259682
0.564470 0.428694
0.086886 0.324870
0.948363 0.647267
0.597827 0.838099
0.639912 0.771630
0.950011 0.639058
0.564745 0.312540
0.484207 0.254891
0.993683 0.401685
0.474075 0.359203
0.921873 0.504959
0.666860 0.775231
0.184912 0.700034
0.342204 0.651204
0.681875 0.341502
0.734092 0.062441
0.197180 0.018952
0.619251 0.890591
0.552812 0.558855
0.798425 0.099216
0.260750 0.716666
0.310221 0.136509
0.847804 0.607837
0.753288 0.219398
0.075869 0.354534
0.636067 0.954375
0.465438 0.170415
0.932005 0.743736
0.340953 0.986694
0.656850 0.823176
0.485275 0.972503
0.720634 0.455672
0.985443 0.671468
0.847438 0.937162
0.355541 0.916196
0.651601 0.099063
0.578356 0.827174
0.065065 0.765038
0.824091 0.470534
0.659505 0.410230
0.597339 0.041780
0.219855 0.064791
0.151921 0.246834
0.726737 0.992706
0.579333 0.661367
0.402661 0.177129
0.477248 0.350200
0.979431 0.143986
0.604511 0.527604
0.842158 0.154271
0.428541 0.539689
0.206793 0.297037
0.971770 0.950621
0.986877 0.513901
0.862941 0.013367
0.505966 0.086459
0.999786 0.306589
0.712241 0.618000
0.729453 0.818690
0.051180 0.040162
0.952574 0.260384
0.652608 0.676901
0.057375 0.887326
0.988586 0.895627
0.090426 0.613208
0.658223 0.378063
0.069460 0.695669
0.455580 0.541246
0.845637 0.775292
0.377300 0.140049
0.420209 0.549699
0.725517 0.582934
0.123203 0.863491
0.963134 0.991424
0.559130 0.495376
0.477035 0.535356
0.726798 0.424024
0.905972 0.074557
0.219092 0.853572
0.188818 0.638447
0.909299 0.780114
0.990204 0.774743
0.029603 0.380444
0.048799 0.004486
0.376232 0.473861
0.254982 0.052370
0.649434 0.155705
0.449324 0.517380
0.807703 0.929502
0.657826 0.476394
0.655934 0.773431
0.266488 0.308756
0.943297 0.278634
0.487014 0.925016
0.802087 0.956755
0.813959 0.666860
0.591357 0.996643
0.859096 0.692740
0.404859 0.501877
0.657552 0.900632
0.390301 0.717154
0.491073 0.979522
0.362407 0.332804
0.573595 0.367443
0.020692 0.705802
0.967437 0.977386
0.826289 0.353801
0.917081 0.183874
0.831507 0.090976
0.566332 0.296182
0.386547 0.533128
0.568468 0.353069
0.879513 0.502853
0.994995 0.021455
0.165502 0.366924
0.449385 0.879788
0.841884 0.835871
0.792657 0.867275
0.024934 0.258278
0.385784 0.180517
0.785485 0.940153
0.898038 0.521012
0.096408 0.118717
0.061495 0.937925
0.492904 0.880245
0.246315 0.008576
0.324961 0.164892
0.641896 0.368053
0.983337 0.181524
0.929472 0.704337
0.474319 0.919065
0.945616 0.740379
0.592303 0.448347
0.782769 0.157414
0.143437 0.624348
0.057772 0.050447
0.929167 0.015290
0.212836 0.884487
0.679952 0.553270
0.226203 0.753410
0.098849 0.960662
0.143345 0.403729
0.358654 0.300790
0.508225 0.920652
0.673177 0.651814
0.277688 0.026612
0.464003 0.907498
0.385968 0.796533
0.707816 0.001679
0.167241 0.637928
0.497391 0.084414
0.386944 0.108341
0.097964 0.045961
0.816126 0.069002
0.902982 0.274850
0.082522 0.756218
0.344798 0.550584
0.117710 0.065462
0.166845 0.852412
0.855556 0.080203
0.963286 0.365184
0.339610 0.375347
0.392438 0.463942
0.894498 0.128025
0.970458 0.958159
0.518082 0.565722
0.851222 0.376934
0.150700 0.783929
0.498733 0.576769
0.977538 0.463973
0.658589 0.452315
0.420362 0.522599
0.534165 0.032441
0.975188 0.224342
0.779717 0.110904
0.470473 0.019196
0.929624 0.711722
0.776299 0.997864
0.643513 0.607135
0.019684 0.355602
0.675436 0.088351
0.167455 0.171209
0.352214 0.985748
0.795434 0.016449
0.560656 0.332957
0.220954 0.183874
0.189245 0.666036
0.431776 0.738212
0.562731 0.646382
0.858058 0.932218
0.790643 0.847133
0.658803 0.151036
0.970397 0.468490
0.362774 0.185553
0.381787 0.686514
0.659658 0.519242
0.708090 0.870144
0.874233 0.820399
0.966857 0.780297
0.470199 0.895871
0.974212 0.649342
0.465163 0.278542
0.201727 0.404248
0.194494 0.188452
0.938108 0.517472
0.725761 0.468215
0.019227 0.889798
0.630482 0.081423
0.019501 0.902310
0.953490 0.829829
0.225806 0.118564
0.230964 0.923490
0.051271 0.668661
0.463973 0.686056
0.044862 0.845851
0.452742 0.176153
0.152440 0.947630
0.399152 0.005615
0.386578 0.891995
0.182440 0.136662
0.560381 0.640431
0.215491 0.938597
0.242286 0.958831
0.287240 0.285470
0.587725 0.547319
0.297433 0.976409
0.203986 0.070986
0.290719 0.258797
0.704550 0.121525
0.695395 0.737083
0.108982 0.642506
0.173620 0.446547
0.745201 0.848170
0.989349 0.375408
0.809320 0.168035
0.299631 0.214698
0.240516 0.247993
0.066286 0.539323
0.874783 0.506638
0.286477 0.423963
0.570116 0.986633
0.079928 0.548326
0.067629 0.728111
0.084292 0.645131
0.458296 0.480728
0.681417 0.814051
0.096286 0.056124
0.715323 0.746300
0.852809 0.967406
0.306986 0.434309
0.008209 0.211280
0.950194 0.821467
0.046846 0.043916
0.960143 0.207526
0.822565 0.370312
0.655477 0.193670
0.360332 0.129337
0.677084 0.984802
0.163396 0.958617
0.171239 0.464675
0.111911 0.122227
0.131138 0.796930
0.786096 0.167364
0.552751 0.582049
0.118961 0.590136
0.561235 0.103000
0.785852 0.292947
0.164830 0.689322
0.236030 0.113834
0.791284 0.731986
0.773614 0.209449
0.593188 0.572649
0.374859 0.448897
0.176916 0.466353
0.706229 0.575701
0.959319 0.054415
0.864742 0.146306
0.665609 0.011231
0.777093 0.031648
0.207251 0.660878
0.702536 0.537431
0.150761 0.463973
0.042695 0.317576
0.262062 0.214515
0.971191 0.304392
0.511216 0.259194
0.446486 0.481002
0.418012 0.496445
0.058962 0.078982
0.092776 0.739708
0.505142 0.277200
0.694876 0.923429
0.574480 0.417402
0.404462 0.879696
0.693136 0.390271
0.821375 0.655446
0.186834 0.745170
0.352184 0.965972
0.477950 0.408826
0.135044 0.141392
0.842219 0.255623
0.941954 0.180975
0.837153 0.447523
0.283517 0.062685
0.497909 0.471236
0.422712 0.328440
0.952361 0.975799
0.644673 0.439467
0.093478 0.187353
0.723716 0.203314
0.371166 0.929960
0.919706 0.893033
0.822657 0.953337
0.897732 0.269570
0.845241 0.034852
0.415967 0.624531
0.715049 0.771172
0.691610 0.948515
0.769127 0.095218
0.566942 0.859798
0.183020 0.130924
0.465590 0.633137
0.996338 0.668172
0.791559 0.234596
0.275979 0.110019
0.023713 0.663656
0.215674 0.799890
0.859004 0.148412
0.674398 0.030366
0.310556 0.475997
0.310862 0.265206
0.167455 0.238655
0.970000 0.605060
0.721915 0.277230
0.477187 0.028962
0.170019 0.103244
0.497726 0.442305
0.593188 0.580615
0.616108 0.062563
0.925260 0.648427
0.292947 0.174444
0.812647 0.365947
0.854823 0.785241
0.773125 0.061220
0.173376 0.211737
0.559709 0.864498
0.190710 0.130406
0.135807 0.407300
0.946043 0.121250
0.168157 0.969390
0.261025 0.237342
0.443373 0.853481
0.114566 0.270516
0.237251 0.767327
0.184576 0.515366
0.460372 0.258217
0.131413 0.714988
0.844722 0.845119
0.082736 0.930174
0.376354 0.564348
0.445479 0.891995
0.507096 0.625416
0.396435 0.154210
0.822199 0.032899
0.140996 0.943144
0.616016 0.484268
0.345256 0.485672
0.032350 0.573901
0.648213 0.097537
0.925474 0.835383
0.660665 0.812189
0.097812 0.652608
0.356273 0.832087
0.071413 0.571581
0.048158 0.043550
0.351878 0.656331
0.216346 0.131291
0.056032 0.409253
0.058626 0.209387
0.282266 0.522965
0.818751 0.189856
0.865169 0.281381
0.782128 0.304697
0.343730 0.862789
0.527635 0.975951
0.475784 0.422010
0.806146 0.805078
0.202124 0.212928
0.815271 0.756005
0.235023 0.760918
0.194220 0.661733
0.055971 0.685446
0.252541 0.008637
0.396832 0.676321
0.927091 0.430586
0.023835 0.428327
0.675405 0.013031
0.882046 0.773461
0.671957 0.554521
0.783502 0.134068
0.467391 0.319437
0.685415 0.887143
0.279641 0.088412
0.264290 0.984252
0.419019 0.818598
0.544847 0.981414
0.155156 0.694815
0.859493 0.615589
0.293649 0.830042
0.780145 0.939116
0.873318 0.020478
0.680288 0.044862
0.475295 0.443129
0.768609 0.644002
0.244911 0.955687
0.198340 0.098972
0.222510 0.127873
0.744621 0.137608
0.004059 0.443495
0.982971 0.369091
0.964324 0.116428
0.103702 0.237434
0.998291 0.104312
0.496811 0.058107
0.045991 0.902402
0.866909 0.891537
0.005951 0.768914
0.647206 0.553545
0.583300 0.630055
0.434767 0.626759
0.409558 0.952940
0.242775 0.327830
0.565874 0.801386
0.458419 0.259407
0.451582 0.854579
0.911710 0.828425
0.655232 0.419965
0.962096 0.611255
0.983154 0.971435
0.008850 0.447737
0.303079 0.243995
0.331523 0.544725
0.358287 0.416883
0.666616 0.370769
0.208380 0.415082
0.427107 0.623066
0.453749 0.861721
0.970550 0.047792
0.899228 0.712058
0.822321 0.395459
0.813349 0.100192
0.260231 0.291971
0.439955 0.430097
0.166845 0.307230
0.917539 0.241768
0.555193 0.002045
0.263283 0.884487
0.675069 0.234993
0.577929 0.527329
0.105350 0.510025
0.127201 0.539506
0.067171 0.553728
0.197027 0.762505
0.667287 0.387066
0.711997 0.424604
0.304147 0.874569
0.252449 0.202582
0.547349 0.087344
0.765618 0.273080
0.312815 0.440107
0.019623 0.794702
0.234687 0.200812
0.199347 0.746910
0.273293 0.291818
0.628132 0.388379
0.465743 0.662832
0.773736 0.865352
0.225318 0.017670
0.192969 0.001770
0.096164 0.175848
0.572588 0.802606
0.368877 0.849788
0.521714 0.700644
0.464187 0.119755
0.272683 0.079287
0.489975 0.387097
0.946409 0.101871
0.878811 0.087008
0.538194 0.378613
0.511460 0.943022
0.280740 0.502915
0.233222 0.042695
0.540239 0.988006
0.168859 0.518052
0.901944 0.635243
0.742943 0.109714
0.601428 0.865352
0.811090 0.397626
0.957884 0.043550
0.809198 0.979003
0.965453 0.330485
0.326182 0.374523
0.699118 0.089480
0.007050 0.944639
0.691427 0.381695
0.192175 0.596576
0.935850 0.580645
0.199011 0.563952
0.673666 0.636860
0.652944 0.039460
0.620045 0.024415
0.772942 0.942839
0.786065 0.900143
0.018708 0.604297
0.552446 0.507035
0.005432 0.645741
0.151646 0.353160
0.092166 0.840144
0.214484 0.197180
0.537156 0.371624
0.719047 0.291879
0.725547 0.475326
0.051851 0.410382
0.872494 0.966521
0.463881 0.472793
0.924741 0.687185
0.882656 0.835597
0.895291 0.850612
0.410962 0.462142
0.578082 0.522904
0.007355 0.506912
0.920530 0.129948
0.089969 0.127934
0.710593 0.020966
0.970946 0.809290
0.526811 0.974517
0.063112 0.196936
0.011719 0.172124
0.616443 0.787683
0.419355 0.615162
0.299844 0.354625
0.479171 0.316599
0.438276 0.869930
0.588794 0.679373
0.300485 0.355785
0.142308 0.299753
0.652821 0.488174
0.262093 0.949705
0.725242 0.055116
0.081576 0.496170
0.643239 0.911832
0.829829 0.845515
0.166540 0.567400
0.368206 0.169866
0.009491 0.685842
0.868984 0.554247
0.582354 0.632557
0.419752 0.720756
0.901669 0.391797
0.468734 0.157750
0.145238 0.077303
0.923276 0.981750
0.948546 0.328043
0.730125 0.260933
0.880673 0.615009
0.441664 0.942412
0.788629 0.833125
0.564989 0.429029
0.190588 0.746635
0.350688 0.838679
0.624226 0.569445
0.177252 0.475845
0.356059 0.461165
0.187384 0.547716
0.358989 0.220679
0.332591 0.655385
0.962951 0.958159
0.482131 0.091861
0.086154 0.026673
0.452620 0.995300
0.715506 0.767479
0.701834 0.943754
0.635273 0.152043
0.797876 0.861293
0.400494 0.898862
0.643178 0.429762
0.303690 0.973266
0.289468 0.217139
0.751854 0.854396
0.948027 0.400281
0.532945 0.099612
0.706259 0.864376
0.262154 0.534104
0.577563 0.603076
0.357250 0.207587
0.003021 0.022034
0.914457 0.392529
0.982177 0.172277
0.132664 0.935911
0.142521 0.165410
0.193274 0.245491
0.905789 0.301706
0.000610 0.692465
0.404920 0.942198
0.310343 0.656392
0.313517 0.376995
0.219947 0.676382
0.770196 0.189093
0.185644 0.728721
0.123905 0.497391
0.302652 0.800836
0.991607 0.581774
0.168889 0.298898
0.841762 0.093753
0.158544 0.614490
0.457350 0.311899
0.053560 0.048738
0.493942 0.092196
0.317637 0.615345
0.196203 0.343822
0.794153 0.571795
0.928739 0.061403
0.734031 0.960692
0.677572 0.445296
0.560106 0.941710
0.178930 0.140965
0.273965 0.196142
0.830866 0.128788
0.911649 0.184881
0.044252 0.295389
0.954314 0.540941
0.190069 0.217994
0.100436 0.378277
0.797998 0.192816
0.305582 0.797754
0.163457 0.039033
0.495590 0.371715
0.019318 0.709128
0.860500 0.888119
0.134190 0.135838
0.550188 0.056612
0.767113 0.012391
0.577441 0.538163
0.527024 0.435255
0.122806 0.213569
0.810480 0.923490
0.839778 0.925962
0.858882 0.895352
0.551225 0.974731
0.969878 0.370769
0.959777 0.465468
0.686453 0.640919
0.930570 0.086428
0.592761 0.506760
0.901028 0.504288
0.251991 0.089663
0.573962 0.909879
0.693472 0.995605
0.354534 0.114017
0.055544 0.148503
0.884060 0.833033
0.423231 0.129704
0.713187 0.951353
0.479873 0.039735
0.800195 0.069185
0.499344 0.332621
0.455275 0.738914
0.876247 0.171087
0.651814 0.156194
0.175939 0.900266
0.718558 0.921751
0.899045 0.920774
0.351726 0.999664
0.445875 0.800226
0.569658 0.528947
0.052889 0.161870
0.633625 0.798517
0.135289 0.415174
0.850978 0.779321
0.601062 0.873531
0.668569 0.469100
0.941679 0.108066
0.058687 0.092257
0.600848 0.817011
0.733268 0.418744
0.174383 0.626850
0.144169 0.369915
0.653859 0.535234
0.341288 0.122929
0.027619 0.517167
0.079958 0.871212
0.837336 0.082949
0.923338 0.142552
0.347392 0.394787
0.018250 0.096438
0.779199 0.189520
0.451491 0.080691
0.765618 0.039674
0.682791 0.983367
0.325785 0.382000
0.014924 0.054628
0.590228 0.108860
0.112308 0.117618
0.573290 0.931791
0.759423 0.828425
0.406629 0.395459
0.728813 0.957030
0.424238 0.964904
0.821955 0.395337
0.996948 0.460829
0.061434 0.387616
0.210120 0.284249
0.102512 0.029115
0.094974 0.891018
0.429792 0.809839
0.850063 0.180242
0.361797 0.225898
0.131657 0.247688
0.916684 0.807245
0.096866 0.882626
0.445814 0.842128
0.353984 0.340495
0.440901 0.580432
0.478011 0.422376
0.421430 0.196722
0.252388 0.761040
0.189611 0.231422
0.050478 0.477950
0.886807 0.051057
0.492630 0.544084
0.223670 0.295663
0.409070 0.595996
0.408460 0.487564
0.291849 0.480331
0.432691 0.556963
0.136113 0.354808
0.894101 0.998199
0.095950 0.345439
0.149571 0.035890
0.111118 0.291726
0.204505 0.582324
0.160466 0.611133
0.244545 0.266488
0.298685 0.813746
0.216346 0.317270
0.132633 0.698813
0.363323 0.581072
0.893063 0.764000
0.122715 0.455611
0.758538 0.858760
0.290384 0.020692
0.587512 0.613239
0.859096 0.148015
0.437330 0.870174
0.969115 0.276193
0.654012 0.790979
0.566393 0.188299
0.456069 0.818171
0.038087 0.552934
0.704825 0.999298
0.847499 0.662252
0.977233 0.742546
0.852412 0.195318
0.978637 0.203742
0.269539 0.949767
0.473220 0.120334
0.297311 0.598437
0.137913 0.873989
0.052828 0.503311
0.246803 0.062990
0.979858 0.116855
0.591449 0.365825
0.383526 0.002625
0.544145 0.976562
0.248390 0.006317
0.669851 0.394208
0.995849 0.608448
0.793146 0.846706
0.337168 0.989868
0.926634 0.130711
0.878933 0.841456
0.966826 0.149052
0.635884 0.449293
0.563860 0.926267
0.109012 0.086276
0.071413 0.384198
0.083987 0.241768
0.982910 0.658650
0.806421 0.720359
0.759972 0.237953
0.690603 0.140965
0.460280 0.705466
0.217505 0.867763
0.070132 0.366466
0.178686 0.903653
0.948424 0.541429
0.921842 0.778253
0.287973 0.806330
0.754784 0.961028
0.001343 0.961364
0.163976 0.831111
0.935911 0.009796
0.003479 0.735099
0.825709 0.927549
0.310923 0.163915
0.886013 0.505020
0.906949 0.580126
0.456282 0.042604
0.433729 0.926756
0.598529 0.180944
0.989471 0.349101
0.056887 0.647084
0.014679 0.160802
0.484848 0.197821
0.586932 0.585009
0.346202 0.542039
0.779534 0.302469
0.396069 0.522080
0.241493 0.337321
0.148412 0.336772
0.654134 0.312143
0.236030 0.086489
0.069185 0.421552
0.846828 0.428236
0.699789 0.575610
0.163274 0.394787
0.296274 0.565081
0.055269 0.545976
0.136753 0.835597
0.846431 0.428938
0.525376 0.137272
0.798639 0.221320
0.539109 0.909543
0.082400 0.445173
0.010834 0.956969
0.874355 0.300027
0.737266 0.146458
0.741691 0.764428
0.940489 0.171270
0.226722 0.242073
0.875271 0.765587
0.742027 0.319102
0.222510 0.646870
0.354289 0.637776
0.028596 0.256691
0.497116 0.122318
0.345531 0.464919
0.983459 0.566942
0.591968 0.111667
0.291147 0.418806
0.519059 0.459517
0.341960 0.801477
0.947630 0.899564
0.479568 0.111240
0.563372 0.278207
0.081606 0.842586
0.500809 0.839137
0.976623 0.332926
0.779321 0.928892
0.410108 0.488510
0.250984 0.778710
0.825831 0.066622
0.878750 0.295358
0.617084 0.045991
0.505387 0.116031
0.735771 0.899930
0.702231 0.816675
0.192083 0.561571
0.510208 0.359661
0.625019 0.188208
0.519974 0.663137
0.710562 0.961272
0.058992 0.629749
0.584887 0.439589
0.048769 0.200720
0.807703 0.294107
0.926237 0.216193
0.905881 0.302042
0.785882 0.613666
0.903409 0.382275
0.399121 0.995453
0.743797 0.952666
0.266579 0.096561
0.011475 0.391339
0.359844 0.184362
0.858180 0.882504
0.709098 0.920866
0.540483 0.427992
0.492416 0.719260
0.475387 0.306864
0.783746 0.126041
0.219214 0.762566
0.276986 0.200537
0.507797 0.836390
0.147832 0.676656
0.135685 0.817042
0.513138 0.957793
0.264748 0.202033
0.973510 0.936033
0.637104 0.009430
0.240638 0.677633
0.949004 0.965575
0.190985 0.888028
0.580798 0.939543
0.686392 0.073916
0.235359 0.653401
0.568865 0.184271
0.140690 0.698935
0.735588 0.010559
0.973540 0.392132
0.699881 0.128483
0.159673 0.497085
0.545030 0.661672
0.676901 0.648976
0.321024 0.803400
0.893826 0.896237
0.909391 0.784997
0.984771 0.690268
0.805231 0.827937
0.971129 0.465804
0.034516 0.192694
0.556230 0.158238
0.154973 0.615162
0.806726 0.245857
0.196905 0.108097
0.871914 0.216865
0.387677 0.413923
0.751915 0.889767
0.315256 0.138188
0.020905 0.868496
0.687735 0.096683
0.911893 0.913816
0.344554 0.906247
0.668569 0.511551
0.676199 0.351024
0.571703 0.419843
0.108097 0.555651
0.544847 0.475753
0.805383 0.495895
0.254494 0.878872
0.057497 0.182226
0.878201 0.923215
0.859859 0.924314
0.339702 0.071261
0.030488 0.928770
0.692892 0.164068
0.539354 0.308176
0.034059 0.110202
0.567186 0.299753
0.812433 0.580401
0.038606 0.201666
0.459059 0.681112
0.830531 0.040559
0.620716 0.194311
0.196783 0.522874
0.533952 0.063631
0.693350 0.924711
0.038820 0.263497
0.413068 0.419019
0.761559 0.980407
0.101657 0.353069
0.406903 0.359996
0.041200 0.223121
0.959227 0.529954
0.107181 0.127750
0.447584 0.928953
0.905942 0.980773
0.431776 0.473769
0.865200 0.595782
0.916013 0.610096
0.490951 0.677358
0.976318 0.969329
0.427534 0.920225
0.802576 0.687185
0.100009 0.176702
0.955565 0.228370
0.173193 0.775018
0.982482 0.856105
0.643239 0.869869
0.489822 0.038331
0.546464 0.864040
0.820399 0.833125
0.822810 0.250221
0.838710 0.780755
0.372600 0.221473
0.463851 0.042787
0.801996 0.402966
0.364360 0.487381
0.695853 0.040407
0.488937 0.020264
0.324473 0.630879
0.814081 0.179357
0.172277 0.926542
0.966369 0.934935
0.278268 0.461379
0.891140 0.308786
0.503128 0.374615
0.507401 0.034700
0.673391 0.602985
0.255287 0.540880
0.758873 0.973846
0.942351 0.035981
0.739525 0.229591
0.794946 0.980071
0.317820 0.515152
0.120975 0.721244
0.133366 0.359478
0.490341 0.579943
0.635548 0.682608
0.838740 0.161504
0.270547 0.859218
0.402051 0.178503
0.139348 0.369976
0.887020 0.564287
0.782525 0.072481
0.784051 0.158391
0.229408 0.746055
0.098788 0.074129
0.302164 0.229896
0.153905 0.548936
0.496902 0.851009
0.903348 0.777062
0.440199 0.968352
0.219337 0.295572
0.072665 0.743065
0.169805 0.747246
0.427686 0.690786
0.860744 0.355510
0.710105 0.070345
0.394848 0.674001
0.173925 0.876278
0.019745 0.766961
0.621693 0.353160
0.514176 0.351207
0.221259 0.943693
0.850581 0.191992
0.627247 0.504990
0.135289 0.511887
0.905240 0.678976
0.427625 0.678365
0.816401 0.090548
0.626728 0.172185
0.883847 0.774621
0.241585 0.253212
0.656056 0.036317
0.923490 0.294595
0.233467 0.310526
0.747459 0.884976
0.269906 0.796381
0.451857 0.444288
0.099460 0.208686
0.240181 0.817866
0.319773 0.854946
0.389904 0.074068
0.522843 0.066744
0.082247 0.640461
0.012696 0.672933
0.108860 0.808496
0.415235 0.794214
0.611744 0.139134
0.512406 0.799921
0.729545 0.302011
0.787042 0.364635
0.113559 0.182775
0.243446 0.107669
0.322947 0.913022
0.956267 0.323313
0.420606 0.966460
0.016449 0.701865
0.945494 0.396741
0.751854 0.293619
0.145421 0.763451
0.074221 0.092166
0.353008 0.630024
0.110050 0.767602
0.909787 0.415662
0.545824 0.881741
0.415540 0.017060
0.620624 0.034120
0.274972 0.146977
0.131565 0.723167
0.770806 0.285257
0.896084 0.721671
0.409101 0.939482
0.813929 0.563128
0.390820 0.603107
0.615986 0.920621
0.599475 0.416913
0.005463 0.808130
0.122471 0.230598
0.597888 0.385418
0.961608 0.096011
0.566332 0.647511
0.089206 0.723380
0.506638 0.931578
0.667226 0.463607
0.460433 0.623920
0.235633 0.902127
0.473403 0.320414
0.777825 0.866909
0.346110 0.778069
0.046632 0.527451
0.785424 0.730277
0.780084 0.356120
0.816309 0.276467
0.656636 0.885983
0.632923 0.953734
0.206366 0.603565
0.045656 0.020875
0.082858 0.757653
0.179876 0.987121
0.602954 0.365093
0.583026 0.915647
0.960112 0.195471
0.396100 0.534349
0.018097 0.015320
0.745903 0.684011
0.091006 0.873318
0.014130 0.135929
0.615528 0.707846
0.139927 0.309732
0.122288 0.058199
0.611499 0.922880
0.412458 0.160283
0.303629 0.103183
0.345195 0.208411
0.817438 0.995453
0.143132 0.064547
0.477676 0.393109
0.621418 0.195837
0.645222 0.427229
0.246956 0.121952
0.499588 0.842677
0.433912 0.153691
0.949004 0.893979
0.981841 0.703360
0.823206 0.391156
0.062563 0.949248
0.005951 0.927549
0.662404 0.134281
0.663228 0.820215
0.885159 0.281381
0.223212 0.794733
0.023347 0.605243
0.264779 0.945280
0.802881 0.403363
0.970031 0.001221
0.297861 0.432020
0.534562 0.420606
0.880215 0.589038
0.576342 0.512406
0.206214 0.048036
0.965239 0.748527
0.434431 0.031404
0.482467 0.379345
0.510483 0.436537
0.845912 0.117222
0.118961 0.224586
0.401013 0.414869
0.175146 0.695212
0.612690 0.286294
0.910733 0.831599
0.996643 0.288369
0.843104 0.017426
0.093661 0.222968
0.793725 0.607349
0.883419 0.520951
0.861202 0.632099
0.793634 0.838862
0.961669 0.899960
0.402600 0.414228
0.903928 0.110477
0.215430 0.972259
0.249977 0.982788
0.955077 0.420087
0.697165 0.895962
0.570513 0.151463
0.842311 0.226020
0.934263 0.047395
0.046602 0.376202
0.876034 0.999969
0.989929 0.739097
0.421827 0.820460
0.070772 0.121464
0.644002 0.313822
0.029023 0.800287
0.902982 0.782647
0.769311 0.865352
0.109928 0.175909
0.884671 0.619800
0.585742 0.407727
0.859951 0.118534
0.748619 0.144047
0.090548 0.383282
0.015961 0.362316
0.759392 0.251534
0.249977 0.755211
0.462233 0.000641
0.923887 0.487289
0.451765 0.132786
0.250374 0.262825
0.088351 0.647633
0.488784 0.029054
0.855159 0.621509
0.332347 0.439070
0.094119 0.624653
0.781976 0.855861
0.119053 0.007202
0.412427 0.178655
0.861568 0.586230
0.437391 0.272835
0.706717 0.763634
0.479598 0.284249
0.674276 0.607562
0.452376 0.620075
0.601917 0.927610
0.458510 0.876431
0.486770 0.875637
0.113407 0.495010
0.641133 0.102969
0.197760 0.428938
0.819208 0.005829
0.046999 0.600238
0.970550 0.089541
0.583148 0.428877
0.776849 0.983398
0.395398 0.216102
0.628040 0.136906
0.776055 0.661794
0.194433 0.729484
0.117344 0.298349
0.250252 0.823420
0.576525 0.121738
0.906003 0.293039
0.413923 0.200812
0.904660 0.560045
0.911863 0.546709
0.139164 0.666890
0.279275 0.023041
0.046449 0.719321
0.449507 0.578539
0.034822 0.229225
0.176428 0.582995
0.600787 0.389233
0.335795 0.548143
0.291543 0.810053
0.838099 0.014588
0.169561 0.752129
0.058718 0.885739
0.935209 0.382519
0.192328 0.990570
0.363750 0.088595
0.436720 0.155858
0.213446 0.379437
0.413556 0.569872
0.731498 0.717704
0.615314 0.634602
0.098025 0.670614
0.983551 0.694632
0.886654 0.010010
0.015625 0.949126
0.564928 0.167425
0.413770 0.801874
0.890774 0.461623
0.944731 0.283029
0.281899 0.614429
0.017640 0.940947
0.265786 0.026185
0.982696 0.571551
0.415906 0.592517
0.806146 0.817377
0.680288 0.342692
0.279244 0.166478
0.509171 0.682363
0.416211 0.383435
0.687643 0.520341
0.198004 0.902799
0.279641 0.061861
0.318033 0.216987
0.589465 0.548875
0.086123 0.789697
0.547105 0.728935
0.146916 0.525407
0.423780 0.333750
0.168828 0.327372
0.160314 0.774438
0.078372 0.356120
0.568896 0.448256
0.789880 0.727836
0.820002 0.942259
0.529069 0.958220
0.451247 0.083377
0.995148 0.909024
0.498886 0.398175
0.202887 0.253212
0.883694 0.896847
0.313272 0.406751
0.466536 0.660787
0.045412 0.003662
0.079745 0.256447
0.239479 0.066836
0.807764 0.759392
0.351604 0.822901
0.397229 0.013855
0.169073 0.559587
0.755577 0.826350
0.853999 0.902310
0.310404 0.086581
0.277505 0.083407
0.359783 0.305887
0.481216 0.995819
0.585803 0.148442
0.602771 0.398450
0.008576 0.189917
0.100497 0.035707
0.636952 0.889706
0.631550 0.397351
0.150517 0.164434
0.526597 0.056154
0.636433 0.837519
0.562304 0.442488
0.022614 0.967223
0.536912 0.742058
0.510331 0.174993
0.410688 0.100070
0.086245 0.733604
0.166692 0.663381
0.521348 0.195990
0.048921 0.491684
0.761895 0.846706
0.333201 0.869259
0.119755 0.756584
0.287881 0.048067
0.167425 0.722404
0.480117 0.954283
0.744407 0.872494
0.084017 0.888150
0.981414 0.219550
0.748131 0.942045
0.871487 0.822718
0.431318 0.675222
0.864711 0.641469
0.448866 0.593524
0.019074 0.983673
0.406873 0.564776
0.173009 0.508255
0.305216 0.158147
0.412366 0.077548
0.698386 0.787011
0.767174 0.291208
0.217383 0.767418
0.160619 0.264840
0.359783 0.574297
0.766198 0.183752
0.952849 0.075869
0.428968 0.663503
0.197272 0.027894
0.307962 0.448225
0.697134 0.608966
0.395306 0.478103
0.068484 0.857356
0.729698 0.735313
0.332347 0.753655
0.189886 0.268654
0.906522 0.760674
0.224616 0.264718
0.814814 0.754540
0.862178 0.168432
0.633045 0.775903
0.176458 0.670644
0.051149 0.968413
0.596301 0.405225
0.905942 0.105319
0.450941 0.937864
0.658040 0.326365
0.960784 0.035157
0.656545 0.500412
0.619800 0.484024
0.198248 0.712424
0.966521 0.013092
0.350505 0.695334
0.724113 0.545213
0.568133 0.915372
0.502243 0.726463
0.987335 0.239601
0.371838 0.826930
0.849300 0.290750
0.926359 0.181982
0.735405 0.456343
0.726524 0.585070
0.597369 0.511093
0.274789 0.898190
0.497116 0.156011
0.723685 0.152623
0.674764 0.567522
0.352947 0.581622
0.973022 0.647298
0.044649 0.149876
0.767968 0.135533
0.798486 0.719016
0.109897 0.338786
0.370647 0.849452
0.999939 0.357799
0.646809 0.820460
0.292306 0.054018
0.269570 0.522721
0.358257 0.683493
0.862117 0.413800
0.612323 0.389111
0.688620 0.064028
0.125370 0.850642
0.030549 0.673177
0.949522 0.753655
0.682211 0.913785
0.062471 0.354534
0.446242 0.024812
0.955992 0.977538
0.520188 0.413709
0.638813 0.335887
0.286294 0.792718
0.706961 0.803949
0.073336 0.845363
0.505142 0.949461
0.792138 0.896970
0.391003 0.216742
0.360118 0.649770
0.376995 0.640736
0.311563 0.017792
0.927763 0.056917
0.757958 0.892666
0.764885 0.849879
0.397687 0.122715
0.011658 0.144353
0.872524 0.234443
0.233680 0.308542
0.383282 0.209845
0.231513 0.201025
0.073305 0.961272
0.741447 0.693533
0.585711 0.284402
0.700705 0.500137
0.700644 0.571734
0.233528 0.844356
0.459059 0.066042
0.014039 0.995331
0.678884 0.937223
0.162358 0.204596
0.270058 0.961608
0.330119 0.074313
0.254769 0.086886
0.131779 0.888485
0.898892 0.662618
0.577990 0.938139
0.860866 0.617969
0.666738 0.372112
0.789453 0.604572
0.103427 0.730705
0.107578 0.809931
0.877224 0.632374
0.556017 0.537523
0.876247 0.888760
0.629902 0.976165
0.011048 0.837153
0.610858 0.900662
0.598376 0.104221
0.388806 0.831141
0.007965 0.289804
0.535936 0.436384
0.577746 0.847804
0.788629 0.712790
0.201819 0.945738
0.594043 0.969726
0.499435 0.583972
0.877285 0.152989
0.969604 0.756035
0.685659 0.537309
0.038759 0.931150
0.865963 0.319071
0.407086 0.640217
0.431257 0.141148
0.599811 0.446791
0.773583 0.080050
0.129856 0.083804
0.378124 0.127659
0.178411 0.037721
0.196265 0.698172
0.198767 0.361095
0.332438 0.191565
0.350749 0.995056
0.202063 0.145268
0.171026 0.382580
0.816370 0.004639
0.386456 0.654439
0.350261 0.044160
0.275765 0.167913
0.650014 0.469893
0.486862 0.681295
0.836085 0.235145
0.714927 0.943388
0.658498 0.600177
0.148381 0.980987
0.760033 0.967254
0.088900 0.864528
0.503952 0.022279
0.650838 0.233680
0.522629 0.714713
0.947630 0.363872
0.642689 0.105869
0.670492 0.054964
0.343852 0.618488
0.465957 0.123661
0.406934 0.717215
0.018586 0.780633
0.907651 0.552477
0.244819 0.673391
0.212195 0.598224
0.504593 0.876980
0.131443 0.815119
0.889126 0.370342
0.924314 0.975951
0.060854 0.445540
0.140416 0.163427
0.173345 0.535356
0.888913 0.165258
0.857814 0.117038
0.123234 0.869686
0.485305 0.123905
0.100803 0.944456
0.232551 0.985076
0.155766 0.022462
0.795068 0.331431
0.743492 0.193213
0.037935 0.667745
0.549638 0.300424
0.227088 0.304086
0.819941 0.578265
0.246620 0.329051
0.566729 0.656117
0.708762 0.904447
0.808924 0.464125
0.362682 0.663930
0.501267 0.070101
0.708487 0.496567
0.309427 0.979614
0.886898 0.929838
0.099124 0.356365
0.810205 0.709220
0.919614 0.999298
0.828608 0.033479
0.146367 0.706687
0.584307 0.009583
0.857448 0.547838
0.621693 0.377270
0.708670 0.950804
0.923215 0.186438
0.524705 0.617573
0.040895 0.090213
0.208472 0.882839
0.789483 0.729301
0.084475 0.533403
0.027467 0.369945
0.326945 0.627064
0.339915 0.482345
0.350230 0.946715
0.800531 0.078402
0.919645 0.292489
0.639485 0.643117
0.974090 0.717338
0.513230 0.012940
0.458419 0.967437
0.366680 0.502823
0.254311 0.535234
0.540757 0.115482
0.708792 0.202582
0.721854 0.196661
0.070345 0.866878
0.788476 0.898434
0.020020 0.573565
0.839198 0.720389
0.172826 0.636250
0.957060 0.841762
0.206336 0.876186
0.616230 0.525864
0.137913 0.378063
0.848537 0.731193
0.101016 0.738487
0.684439 0.474166
0.114109 0.990539
0.001221 0.462996
0.855403 0.067202
0.598285 0.005097
0.785943 0.935301
0.024812 0.603717
0.443312 0.339824
0.472091 0.906278
0.721702 0.589251
0.542558 0.021912
0.044038 0.663045
0.052187 0.739433
0.833674 0.422681
0.522477 0.676717
0.190466 0.207587
0.517685 0.893246
0.178747 0.596912
0.484542 0.996551
0.632466 0.618549
0.249825 0.274392
0.884335 0.186926
0.832606 0.883145
0.325053 0.050264
0.198889 0.029115
0.311441 0.340312
0.541765 0.826838
0.543138 0.460341
0.668050 0.193884
0.588885 0.728080
0.112827 0.726829
0.554094 0.642262
0.435102 0.083224
0.962676 0.641346
0.788659 0.893887
0.145390 0.563677
0.666921 0.153539
0.192602 0.413984
0.627735 0.968352
0.104740 0.263161
0.110569 0.263588
0.437635 0.965606
0.877132 0.519089
0.614795 0.504501
0.520798 0.391797
0.590777 0.342692
0.186529 0.418073
0.748222 0.241676
0.135380 0.354778
0.646687 0.772637
0.186560 0.299417
0.206854 0.316355
0.983673 0.907041
0.179540 0.635823
0.023652 0.213538
0.342784 0.810938
0.480850 0.821863
0.525437 0.398541
0.836940 0.820704
0.056124 0.039064
0.773949 0.764061
0.972716 0.020142
0.726218 0.956786
0.036897 0.527635
0.222877 0.052217
0.066256 0.275307
0.122745 0.972594
0.298959 0.035646
0.148167 0.932066
0.448012 0.101566
0.623920 0.845546
0.601459 0.211524
0.827418 0.902738
0.624226 0.968474
0.856502 0.589831
0.218329 0.284280
0.421094 0.939695
0.297555 0.881100
0.464949 0.291513
0.832789 0.380047
0.023530 0.342112
0.824183 0.009430
0.224799 0.768731
0.556871 0.463454
0.838496 0.205847
0.795679 0.942015
0.280709 0.856777
0.075961 0.904050
0.479934 0.520829
0.510056 0.318339
0.918455 0.667653
0.397992 0.893765
0.984252 0.564776
0.010834 0.378674
0.850002 0.132878
0.429579 0.895932
0.550188 0.560076
0.715323 0.885708
0.393353 0.532426
0.474319 0.035615
0.297739 0.852321
0.128086 0.095096
0.472640 0.019501
0.101413 0.806543
0.189428 0.080660
0.183111 0.359325
0.444044 0.657826
0.188269 0.854671
0.263527 0.769280
0.685507 0.245369
0.313334 0.346629
0.595080 0.124638
0.225654 0.240883
0.310801 0.905942
0.750420 0.694174
0.831355 0.814753
0.160802 0.994629
0.181463 0.469741
0.817774 0.357524
0.820185 0.185736
0.330088 0.169622
0.346385 0.690451
0.653920 0.420515
0.717460 0.832972
0.590991 0.056917
0.023041 0.598682
0.252266 0.243416
0.634358 0.207709
0.586932 0.676016
0.763878 0.325144
0.996368 0.928953
0.849361 0.035890
0.418775 0.629536
0.858089 0.273141
0.176611 0.168035
0.144200 0.696005
0.105228 0.667440
0.159490 0.002411
0.451186 0.867000
0.748924 0.968596
0.452925 0.850734
0.762597 0.238014
0.098178 0.399945
0.122715 0.745659
0.977325 0.058748
0.888089 0.943907
0.269814 0.408979
0.349254 0.829646
0.861263 0.718619
0.678274 0.539720
0.227729 0.365459
0.789605 0.176702
0.022767 0.004852
0.370312 0.221046
0.680715 0.207160
0.588610 0.029908
0.044343 0.200262
0.991913 0.768273
0.697714 0.496475
0.750572 0.302286
0.409711 0.185797
0.903745 0.087344
0.595996 0.176214
0.204138 0.162511
0.131779 0.213843
0.929258 0.604968
0.492416 0.445051
0.165502 0.498978
0.824183 0.941618
0.600818 0.217017
0.201575 0.404279
0.859828 0.204047
0.833216 0.076876
0.102176 0.807703
0.696219 0.468093
0.982208 0.024476
0.422529 0.317209
0.876003 0.443373
0.593524 0.335734
0.782525 0.167638
0.099002 0.755181
0.804590 0.996765
0.716880 0.212928
0.616291 0.649068
0.569842 0.007416
0.823054 0.306955
0.824580 0.968657
0.657674 0.964690
0.208075 0.624744
0.513718 0.191137
0.342143 0.190283
0.554308 0.200751
0.422895 0.884610
0.940916 0.529344
0.747398 0.877102
0.434889 0.525712
0.645650 0.553545
0.192267 0.192053
0.934477 0.512833
0.768548 0.305979
0.216926 0.659078
0.461165 0.497116
0.079684 0.709464
0.841548 0.419721
0.146062 0.931425
0.140904 0.940306
0.384869 0.643696
0.956664 0.597552
0.649648 0.490463
0.712424 0.105686
0.371136 0.871212
0.084811 0.993683
0.045137 0.774895
0.778283 0.154576
0.473159 0.854060
0.164068 0.988830
0.411817 0.466323
0.380902 0.874966
0.888577 0.394971
0.629963 0.974456
0.356609 0.771355
0.919126 0.572924
0.001465 0.002319
0.270547 0.762352
0.571154 0.272073
0.347209 0.407880
0.614521 0.287759
0.154698 0.545763
0.941465 0.914609
0.414319 0.458022
0.797540 0.569720
0.701712 0.581561
0.089785 0.843806
0.079287 0.379681
0.183660 0.354930
0.756279 0.951079
0.238289 0.058138
0.164678 0.814173
0.600818 0.863033
0.091098 0.956023
0.434217 0.120273
0.181829 0.692068
0.414197 0.977111
0.137150 0.500870
0.207587 0.204932
0.826655 0.721488
0.454024 0.414808
0.328043 0.888638
0.745018 0.744743
0.989532 0.171361
0.433180 0.057161
0.962310 0.399640
0.677847 0.427534
0.860622 0.709738
0.632984 0.204718
0.184393 0.425336
0.802973 0.610523
0.141514 0.862728
0.290872 0.491745
0.059664 0.632801
0.216926 0.651265
0.996612 0.890194
0.585894 0.524430
0.775689 0.340495
0.633229 0.464797
0.005799 0.151097
0.005799 0.010743
0.466048 0.657949
0.004151 0.914274
0.694723 0.250282
0.105289 0.837733
0.659505 0.902249
0.254555 0.842341
0.986023 0.809931
0.145299 0.502548
0.486496 0.429579
0.503311 0.072512
0.058321 0.227027
0.358440 0.181555
0.617389 0.164098
0.167638 0.782006
0.523606 0.946715
0.028230 0.347911
0.345866 0.031343
0.786096 0.040864
0.472091 0.903470
0.537248 0.324442
0.980651 0.208197
0.688681 0.003449
0.553545 0.630421
0.087130 0.549059
0.051759 0.244545
0.702414 0.977477
0.434553 0.032533
0.404126 0.788507
0.255928 0.796258
0.434675 0.978942
0.906186 0.486007
0.222114 0.878933
0.443159 0.583697
0.851283 0.914121
0.829615 0.168981
0.199194 0.545122
0.953124 0.625721
0.716483 0.223548
0.549242 0.976165
0.149144 0.772240
0.338328 0.611774
0.111423 0.644398
0.474563 0.622150
0.989074 0.787103
0.995636 0.223670
0.560533 0.334117
0.619373 0.569994
0.925596 0.857112
0.705771 0.815485
0.262917 0.859981
0.943541 0.490280
0.693594 0.345378
0.727409 0.701468
0.521805 0.024110
0.554491 0.569720
0.050111 0.494888
0.609638 0.097568
0.099551 0.308878
0.696799 0.000641
0.641011 0.700400
0.172216 0.532853
0.444288 0.264565
0.035920 0.837275
0.151128 0.363994
0.837580 0.853328
0.677999 0.544633
0.552965 0.312143
0.087771 0.850917
0.709983 0.565813
0.294626 0.422498
0.046663 0.517472
0.865017 0.272195
0.575884 0.412824
0.186865 0.923521
0.000641 0.711905
0.798669 0.872555
0.161718 0.722190
0.375317 0.056398
0.105625 0.455855
0.762413 0.278237
0.402356 0.581133
0.193731 0.002197
0.858211 0.285440
1.000000 0.421857
0.297220 0.235817
0.262490 0.545366
0.437544 0.549944
0.312326 0.827540
0.071535 0.880276
0.602710 0.176611
0.170171 0.726676
0.896298 0.018067
0.817042 0.258797
0.923002 0.945952
0.378918 0.429426
0.164647 0.993500
0.818934 0.660207
0.923246 0.054262
0.558489 0.880856
0.328135 0.484787
0.794244 0.203040
0.439314 0.419996
0.676473 0.010376
0.102481 0.833033
0.254982 0.745689
0.712424 0.870296
0.598956 0.176702
0.540544 0.493149
0.996582 0.421583
0.783624 0.957579
0.641377 0.515488
0.989105 0.162847
0.710929 0.799341
0.013550 0.400861
0.244331 0.912107
0.171056 0.536607
0.726798 0.152196
0.392621 0.684439
0.863674 0.446669
0.981414 0.088076
0.449446 0.379070
0.874966 0.055849
0.463515 0.325907
0.390332 0.472152
0.211493 0.108921
0.360820 0.401135
0.506912 0.165227
0.795923 0.988800
0.949950 0.563890
0.379711 0.009522
0.237403 0.654317
0.244026 0.027253
0.445692 0.588977
0.842494 0.781457
0.117405 0.396558
0.961364 0.770928
0.198920 0.738701
0.965850 0.291452
0.154363 0.963713
0.089022 0.310404
0.582324 0.274392
0.226783 0.126957
0.124546 0.626789
0.367107 0.709464
0.580004 0.013337
0.865017 0.494949
0.629841 0.912351
0.219764 0.683645
0.080416 0.184515
0.509842 0.558031
0.029878 0.198096
0.142674 0.859279
0.864834 0.463851
0.074984 0.750938
0.493271 0.560717
0.159978 0.402326
0.777978 0.721885
0.172918 0.248238
0.406201 0.272378
0.678610 0.870998
0.284646 0.899014
0.833460 0.101474
0.378430 0.651540
0.978820 0.681753
0.645131 0.659047
0.043275 0.698080
0.554674 0.290963
0.998138 0.739982
0.243934 0.175909
0.651326 0.102054
0.546373 0.041932
0.914914 0.181494
0.559618 0.180364
0.952605 0.747520
0.482589 0.054109
0.100375 0.905240
0.481582 0.814478
0.025971 0.072726
0.452589 0.560778
0.568651 0.820856
0.918149 0.521134
0.157781 0.019776
0.291238 0.884548
0.441725 0.578753
0.782464 0.705344
0.699301 0.835475
0.355571 0.661184
0.691122 0.627796
0.638264 0.945647
0.106418 0.577837
0.194220 0.076937
0.062929 0.904080
0.209235 0.307443
0.973083 0.591113
0.905545 0.917234
0.136082 0.861599
0.606525 0.903897
0.026154 0.283700
0.135411 0.714530
0.052614 0.877987
0.185186 0.507035
0.531358 0.828181
0.310404 0.799707
0.861080 0.577166
0.311136 0.088870
0.841121 0.929319
0.326884 0.557268
0.867733 0.618549
0.758568 0.344005
0.521928 0.833186
0.920743 0.425886
0.612293 0.431318
0.887722 0.133061
0.988372 0.843287
0.931761 0.460067
0.733787 0.117405
0.509842 0.729575
0.298746 0.147740
0.705863 0.891659
0.641560 0.669637
0.008972 0.817316
0.121708 0.894955
0.392285 0.319742
0.167150 0.570879
0.515427 0.733757
0.865780 0.780084
0.591998 0.534410
0.945128 0.381268
0.421064 0.697897
0.856105 0.383618
0.389935 0.318735
0.045991 0.752281
0.181616 0.111942
0.577380 0.177160
0.594012 0.581072
0.748589 0.835932
0.376110 0.133610
0.872890 0.681814
0.488754 0.924802
0.871731 0.288827
0.838923 0.784356
0.886258 0.495804
0.231544 0.901028
0.053011 0.244087
0.844356 0.678976
0.301737 0.455306
0.223304 0.849818
0.828730 0.867244
0.675192 0.433393
0.254524 0.077425
0.528642 0.578814
0.226325 0.361919
0.804071 0.180517
0.693747 0.471877
0.947386 0.301675
0.764946 0.690695
0.784845 0.934690
0.549089 0.931547
0.354686 0.131260
0.891385 0.157476
0.772027 0.032991
0.406659 0.905179
0.783074 0.833216
0.718589 0.192877
0.165349 0.201971
0.309641 0.595172
0.629475 0.205145
0.889065 0.764183
0.684256 0.179998
0.987152 0.080386
0.562822 0.410504
0.390332 0.662160
0.102878 0.957030
0.531053 0.903195
0.493851 0.131474
0.897305 0.340403
0.958953 0.251564
0.454054 0.530595
0.972961 0.957793
0.584796 0.907895
0.979980 0.178106
0.224769 0.008606
0.844234 0.400555
0.168493 0.174444
0.865322 0.252174
0.456923 0.015534
0.514084 0.916532
