500
0.222358 0.537675
0.760369 0.435743
0.218390 0.576159
0.261299 0.646840
0.274819 0.613147
0.618793 0.256325
0.268105 0.686270
0.216803 0.479232
0.249855 0.341807
0.277413 0.384198
0.296213 0.651997
0.701224 0.296640
0.387707 0.765679
0.768761 0.624928
0.422437 0.224982
0.229621 0.553392
0.241340 0.486465
0.588153 0.226783
0.257241 0.325968
0.248268 0.463637
0.785150 0.407575
0.233467 0.503616
0.254616 0.641774
0.238044 0.624744
0.250435 0.354961
0.723594 0.650349
0.774987 0.456862
0.384991 0.246162
0.270730 0.684500
0.513443 0.246742
0.747795 0.545549
0.695486 0.291910
0.476760 0.759148
0.742912 0.407453
0.744316 0.612873
0.332286 0.730918
0.237831 0.389294
0.550432 0.233436
0.527665 0.225074
0.527665 0.792047
0.246315 0.586352
0.268654 0.622059
0.755089 0.590167
0.634571 0.767815
0.593280 0.742302
0.244667 0.536058
0.740440 0.419843
0.728355 0.667379
0.260414 0.413923
0.381268 0.730277
0.210242 0.539567
0.495346 0.776452
0.795679 0.460311
0.288461 0.292428
0.662709 0.276467
0.230720 0.466475
0.763482 0.571032
0.639821 0.251839
0.458480 0.215094
0.247688 0.519547
0.787072 0.568133
0.211341 0.553819
0.483963 0.205329
0.701743 0.343242
0.267708 0.604999
0.484176 0.759545
0.321574 0.293619
0.655049 0.294168
0.617359 0.747703
0.239143 0.600452
0.236061 0.457656
0.222663 0.394299
0.239784 0.427198
0.755028 0.424787
0.476150 0.230018
0.333903 0.727927
0.251137 0.527635
0.778893 0.543107
0.547899 0.205451
0.492630 0.795343
0.437147 0.253792
0.770745 0.372662
0.264260 0.615558
0.771538 0.543321
0.481338 0.776177
0.568987 0.211219
0.229865 0.422010
0.685476 0.684835
0.772912 0.413526
0.786767 0.483840
0.723350 0.320688
0.793756 0.467299
0.375927 0.733482
0.557543 0.214606
0.278359 0.353496
0.396954 0.748589
0.409680 0.229286
0.367046 0.243629
0.222236 0.602924
0.291757 0.288278
0.291269 0.317515
0.799158 0.506424
0.365398 0.261483
0.730918 0.618519
0.248756 0.400189
0.252724 0.441176
0.234382 0.437513
0.619892 0.746788
0.506821 0.750267
0.727744 0.677511
0.779473 0.601520
0.221686 0.487503
0.551347 0.748985
0.760949 0.628040
0.758019 0.476516
0.746239 0.354320
0.252602 0.368450
0.551927 0.763237
0.446760 0.228431
0.254433 0.435224
0.565142 0.750664
0.782495 0.534013
0.481033 0.758354
0.643056 0.279672
0.360179 0.709037
0.341472 0.275307
0.335124 0.284860
0.210211 0.431257
0.322947 0.302835
0.453230 0.232856
0.765831 0.626942
0.272164 0.312357
0.759392 0.545000
0.709952 0.673788
0.288644 0.674673
0.560869 0.749809
0.638050 0.731407
0.447584 0.777856
0.618763 0.253609
0.228828 0.547014
0.755699 0.368847
0.657674 0.269204
0.698630 0.677725
0.265694 0.599261
0.209967 0.521592
0.735221 0.325419
0.220893 0.548479
0.312693 0.672842
0.277047 0.697165
0.432691 0.763756
0.767937 0.585162
0.752098 0.438215
0.428541 0.249702
0.214454 0.568773
0.316385 0.270150
0.635487 0.766198
0.253365 0.422742
0.356334 0.292581
0.243934 0.489273
0.240486 0.402966
0.741142 0.633992
0.459731 0.225135
0.563646 0.235237
0.671529 0.301981
0.213538 0.525803
0.259346 0.628101
0.646748 0.265908
0.599048 0.767388
0.577227 0.751213
0.291849 0.661641
0.736503 0.322184
0.619831 0.233222
0.379192 0.740776
0.255745 0.419813
0.759941 0.582629
0.402295 0.737571
0.381664 0.743858
0.419050 0.236366
0.710044 0.712943
0.545305 0.779199
0.226997 0.394726
0.491928 0.206977
0.598498 0.748436
0.535691 0.214606
0.362255 0.281564
0.495621 0.790063
0.273202 0.628101
0.300180 0.313913
0.250435 0.610950
0.751213 0.458754
0.758843 0.489120
0.596362 0.769799
0.783929 0.506973
0.750847 0.335459
0.270882 0.386090
0.268807 0.349101
0.751122 0.356334
0.756584 0.601703
0.603351 0.736778
0.296243 0.348338
0.463851 0.202918
0.291177 0.295175
0.637257 0.233833
0.242347 0.606586
0.507279 0.794885
0.224281 0.573931
0.510666 0.208319
0.573840 0.254524
0.583972 0.261879
0.376904 0.260872
0.269204 0.647328
0.415143 0.753380
0.396222 0.781304
0.479446 0.210944
0.314798 0.692923
0.319071 0.679128
0.270150 0.393017
0.280618 0.312998
0.716971 0.630207
0.768853 0.464370
0.309824 0.730644
0.766350 0.479751
0.771752 0.428022
0.286966 0.645405
0.626545 0.759667
0.725089 0.370006
0.474899 0.237312
0.431501 0.779870
0.733390 0.592608
0.517228 0.232795
0.675100 0.267708
0.281625 0.691916
0.376171 0.718955
0.224708 0.382488
0.554186 0.784600
0.758354 0.430616
0.223975 0.407270
0.392743 0.220222
0.680960 0.316630
0.212561 0.542741
0.588000 0.741264
0.377667 0.751335
0.751579 0.552812
0.765954 0.514603
0.470077 0.249855
0.755181 0.605426
0.678823 0.280068
0.667501 0.699973
0.701804 0.281106
0.247963 0.451674
0.652638 0.290353
0.452681 0.746117
0.641865 0.751854
0.678457 0.316019
0.259835 0.390423
0.278512 0.631703
0.463912 0.774468
0.664052 0.745659
0.716269 0.292459
0.436659 0.772118
0.292276 0.351695
0.277810 0.660726
0.775018 0.484695
0.654500 0.741173
0.525254 0.797632
0.346995 0.253670
0.455214 0.773644
0.672384 0.736290
0.374798 0.237983
0.562029 0.757103
0.740257 0.428846
0.740867 0.324839
0.706778 0.713584
0.398785 0.757042
0.738762 0.589251
0.682180 0.314554
0.738701 0.672323
0.702750 0.324320
0.736259 0.343150
0.658132 0.733421
0.733818 0.369610
0.469222 0.239021
0.222388 0.396680
0.774102 0.521531
0.530259 0.207343
0.455428 0.746544
0.700980 0.313913
0.206580 0.538743
0.768700 0.494736
0.700919 0.341472
0.518693 0.791589
0.321909 0.288675
0.203467 0.541429
0.677084 0.302988
0.742821 0.407636
0.312052 0.684133
0.634205 0.275796
0.774438 0.570849
0.472701 0.775079
0.304697 0.279244
0.260720 0.668600
0.588244 0.245460
0.222816 0.611927
0.338786 0.697684
0.614856 0.723991
0.217994 0.504471
0.337626 0.254097
0.275918 0.339763
0.261635 0.343120
0.582965 0.224647
0.520524 0.250435
0.234016 0.410321
0.211310 0.479904
0.542589 0.783624
0.715445 0.293680
0.787347 0.568651
0.632466 0.255715
0.672658 0.741325
0.380505 0.232490
0.599719 0.265999
0.750908 0.609668
0.585681 0.245003
0.764214 0.493759
0.285775 0.632344
0.274697 0.615467
0.259194 0.432814
0.253212 0.596912
0.451949 0.793695
0.701804 0.286599
0.207038 0.532609
0.787439 0.480209
0.500534 0.246620
0.514725 0.210578
0.714957 0.706137
0.572008 0.212439
0.392224 0.253975
0.755242 0.555742
0.699759 0.328349
0.749382 0.461074
0.596423 0.225898
0.313822 0.323069
0.260140 0.424848
0.488021 0.789483
0.239662 0.379559
0.611072 0.266152
0.394269 0.253883
0.757469 0.503311
0.496933 0.209479
0.338206 0.700705
0.383923 0.774102
0.256630 0.629963
0.699606 0.339976
0.396863 0.732261
0.615253 0.768639
0.780847 0.473342
0.388592 0.725028
0.607410 0.731895
0.755394 0.651296
0.257393 0.397168
0.353587 0.717856
0.728690 0.326090
0.775719 0.449568
0.214942 0.484970
0.672292 0.707846
0.485031 0.768548
0.465407 0.765191
0.443617 0.225501
0.724662 0.303354
0.290414 0.328471
0.371044 0.246925
0.726981 0.668996
0.344493 0.270791
0.755333 0.485244
0.225623 0.438978
0.495163 0.225318
0.342357 0.255989
0.778253 0.443464
0.510239 0.221931
0.533219 0.215064
0.588214 0.262734
0.260262 0.634938
0.325938 0.696219
0.790765 0.541612
0.483718 0.779931
0.377209 0.763878
0.456130 0.245766
0.233131 0.631001
0.246712 0.383648
0.367992 0.722037
0.411237 0.784265
0.743400 0.337199
0.259255 0.653310
0.728782 0.602191
0.564776 0.781610
0.758202 0.624256
0.678488 0.720511
0.373608 0.254372
0.768761 0.413831
0.351299 0.295419
0.294931 0.669729
0.394482 0.727744
0.457381 0.251259
0.721427 0.684957
0.516312 0.762597
0.528977 0.776238
0.604724 0.264687
0.747581 0.590136
0.762078 0.544786
0.415265 0.778253
0.425459 0.211158
0.699087 0.318888
0.432386 0.783044
0.752159 0.433180
0.441176 0.256691
0.713553 0.350505
0.757164 0.351787
0.534165 0.782464
0.239845 0.461837
0.364757 0.731407
0.382611 0.225471
0.756859 0.584277
0.762047 0.459578
0.716636 0.366741
0.241920 0.371654
0.481399 0.791681
0.721000 0.371471
0.733604 0.367962
0.239692 0.630787
0.231788 0.386944
0.393902 0.250313
0.301950 0.688253
0.254036 0.597491
0.570269 0.779595
0.280129 0.375988
0.769005 0.436110
0.555284 0.783868
0.735099 0.371654
0.446821 0.767327
0.694143 0.334452
0.335673 0.294870
0.524857 0.204230
0.233680 0.464675
0.346904 0.721152
0.546709 0.760887
0.369396 0.731742
0.785607 0.421064
0.342967 0.296213
0.580309 0.233772
0.719443 0.309763
0.757988 0.368297
0.727866 0.638203
0.658864 0.294259
0.736259 0.605243
0.352794 0.256172
0.229926 0.535447
0.769860 0.467269
0.484603 0.222602
0.727927 0.337260
0.331553 0.308908
0.295175 0.333445
0.641713 0.742332
0.792138 0.562548
0.715842 0.706748
0.635151 0.267708
0.418226 0.228034
0.774255 0.582263
0.281747 0.638447
0.335978 0.254006
0.601398 0.743919
0.751335 0.477462
0.768883 0.422498
0.601154 0.248909
0.254646 0.400800
0.596789 0.731895
0.565508 0.244850
0.770562 0.561022
0.706351 0.291055
0.260842 0.679403
0.281930 0.646809
0.243934 0.604053
0.617115 0.775140
0.647847 0.745628
0.417341 0.748955
0.768609 0.438643
0.299722 0.324107
0.537278 0.792047
0.762047 0.604602
0.610736 0.734306
0.354717 0.279275
0.249977 0.392407
0.788446 0.522233
0.593463 0.215949
0.323466 0.312540
0.232032 0.560747
0.468703 0.750847
0.540727 0.232063
0.247841 0.440321
0.766930 0.617634
0.511338 0.207953
0.245582 0.628986
