5000
0.236915 0.360698
0.744682 0.613758
0.243446 0.432081
0.404035 0.252327
0.237587 0.439039
0.775506 0.459181
0.239906 0.449141
0.606525 0.225288
0.695944 0.344523
0.420515 0.765740
0.686941 0.300607
0.731956 0.678854
0.368664 0.769250
0.594989 0.222205
0.445296 0.748070
0.496170 0.217505
0.787347 0.480087
0.707144 0.715018
0.310221 0.726005
0.709799 0.302530
0.738365 0.601978
0.361278 0.253609
0.436537 0.768487
0.249336 0.520920
0.526048 0.243721
0.216407 0.569048
0.731681 0.657796
0.243507 0.593066
0.206488 0.501419
0.755303 0.614368
0.418714 0.228401
0.602405 0.761895
0.562578 0.247200
0.679189 0.323618
0.703787 0.335887
0.559832 0.778344
0.749687 0.423139
0.452864 0.793054
0.738212 0.394604
0.700919 0.706931
0.791406 0.494736
0.582934 0.787988
0.728355 0.391766
0.529862 0.216773
0.652364 0.270089
0.358165 0.744438
0.528275 0.202704
0.741173 0.651173
0.585681 0.780663
0.632801 0.717338
0.352458 0.756340
0.234931 0.394177
0.745262 0.607471
0.511002 0.207678
0.783807 0.433424
0.249031 0.590869
0.644429 0.719260
0.250404 0.630879
0.678579 0.714682
0.229682 0.451521
0.242409 0.478378
0.775353 0.437635
0.714591 0.672781
0.254036 0.626087
0.341014 0.284524
0.643635 0.294748
0.577960 0.223792
0.296487 0.665304
0.356914 0.276711
0.780145 0.577380
0.314982 0.671438
0.245552 0.557024
0.459822 0.221015
0.285653 0.701956
0.375042 0.232093
0.286233 0.312601
0.241554 0.624744
0.229591 0.570238
0.630146 0.244575
0.521012 0.215217
0.676992 0.711051
0.347942 0.699881
0.266701 0.608020
0.229774 0.614460
0.728324 0.368480
0.522935 0.210273
0.282113 0.335673
0.709098 0.649586
0.677908 0.725455
0.485702 0.209540
0.215888 0.584643
0.373333 0.764946
0.460036 0.242195
0.461257 0.217383
0.231788 0.407514
0.637928 0.755730
0.239875 0.512589
0.610706 0.259102
0.524277 0.796747
0.308603 0.303751
0.773797 0.456709
0.396649 0.256111
0.735984 0.654469
0.343242 0.719535
0.440168 0.241951
0.585437 0.251534
0.772942 0.606677
0.634571 0.753197
0.733207 0.662343
0.507736 0.756737
0.742485 0.626484
0.715293 0.662099
0.212958 0.499283
0.272286 0.369945
0.707938 0.662313
0.231605 0.544755
0.505234 0.790887
0.332591 0.311808
0.226081 0.431776
0.561419 0.762841
0.737815 0.392651
0.231025 0.368999
0.730857 0.401471
0.230995 0.389203
0.770501 0.493515
0.364940 0.239814
0.235420 0.564409
0.760155 0.599048
0.403577 0.738884
0.228675 0.378368
0.522080 0.210608
0.381664 0.729667
0.344951 0.747032
0.331309 0.722190
0.588214 0.785607
0.222297 0.517380
0.617573 0.770409
0.489883 0.798486
0.483566 0.229621
0.424085 0.743370
0.453658 0.226020
0.750237 0.406934
0.759850 0.481582
0.395825 0.218787
0.486801 0.799005
0.716605 0.299783
0.461257 0.235054
0.435041 0.208899
0.330119 0.261208
0.247169 0.382488
0.728599 0.343364
0.524094 0.777886
0.261818 0.669912
0.294961 0.290750
0.731498 0.658986
0.237556 0.559832
0.466384 0.204230
0.633412 0.732536
0.548875 0.755638
0.758385 0.627430
0.734581 0.631489
0.692801 0.318094
0.755425 0.513565
0.641499 0.739738
0.778283 0.506821
0.373516 0.240913
0.283029 0.374371
0.427900 0.740349
0.357524 0.243263
0.304971 0.333720
0.232063 0.526872
0.485122 0.211921
0.722190 0.638264
0.414777 0.777123
0.755028 0.437025
0.248756 0.561632
0.757347 0.515854
0.239326 0.598682
0.251350 0.565477
0.503555 0.790399
0.234413 0.581133
0.784021 0.482009
0.762902 0.387829
0.671194 0.696310
0.344829 0.273934
0.223426 0.582141
0.264351 0.598804
0.304880 0.333537
0.755974 0.381573
0.675222 0.271950
0.435835 0.753166
0.669424 0.729575
0.285348 0.299844
0.270486 0.610096
0.579150 0.738731
0.433607 0.788598
0.760918 0.479812
0.322550 0.711661
0.270058 0.396435
0.737083 0.598895
0.513047 0.798273
0.759423 0.488479
0.240730 0.365703
0.546281 0.246132
0.699271 0.333537
0.769951 0.489639
0.739311 0.405560
0.762535 0.388501
0.725089 0.696493
0.294137 0.653310
0.207953 0.494247
0.782556 0.467971
0.228248 0.481460
0.319895 0.308634
0.747642 0.601245
0.662374 0.282876
0.500381 0.207221
0.706107 0.704093
0.345164 0.302835
0.627369 0.242866
0.303537 0.317698
0.774895 0.605579
0.704031 0.691397
0.340464 0.251381
0.432264 0.745231
0.239479 0.596576
0.674642 0.698935
0.616810 0.736961
0.329569 0.274545
0.738243 0.345256
0.542528 0.252358
0.618580 0.270486
0.730308 0.317820
0.677145 0.287515
0.202490 0.474837
0.240120 0.405866
0.326731 0.304239
0.508225 0.226417
0.683157 0.317026
0.309458 0.675130
0.499069 0.206214
0.333445 0.304056
0.743248 0.649007
0.449904 0.231025
0.552355 0.781426
0.735893 0.322123
0.761681 0.396069
0.704886 0.672323
0.747795 0.336161
0.242042 0.596545
0.235420 0.526627
0.500687 0.218665
0.757561 0.475387
0.773675 0.510269
0.209571 0.559984
0.527421 0.775628
0.252632 0.544206
0.300546 0.328593
0.590472 0.775018
0.478317 0.774010
0.471908 0.201880
0.279946 0.330638
0.583331 0.222938
0.419721 0.219062
0.718680 0.643269
0.682394 0.311136
0.243843 0.424238
0.542039 0.253151
0.326884 0.683737
0.364696 0.730979
0.709403 0.304971
0.274178 0.353069
0.282144 0.302255
0.360851 0.273080
0.437971 0.242134
0.672750 0.697104
0.286447 0.698355
0.286111 0.347972
0.765801 0.469741
0.768395 0.457106
0.728416 0.364147
0.620197 0.237709
0.754570 0.345408
0.764336 0.585528
0.689322 0.280801
0.575976 0.222877
0.630512 0.235084
0.633320 0.754051
0.273843 0.376720
0.658925 0.298715
0.558428 0.786340
0.461470 0.247932
0.256630 0.398816
0.305918 0.664846
0.591937 0.747154
0.679220 0.736747
0.705039 0.333811
0.581408 0.770867
0.670705 0.684469
0.574572 0.742027
0.551561 0.788141
0.731132 0.627247
0.780663 0.408155
0.686087 0.320505
0.780786 0.443587
0.319102 0.674184
0.276803 0.618152
0.466109 0.753166
0.616199 0.268868
0.254372 0.547777
0.278085 0.651662
0.264199 0.379833
0.230384 0.390881
0.219520 0.456587
0.243843 0.412152
0.707144 0.654103
0.395764 0.221198
0.692557 0.304910
0.739402 0.630909
0.261757 0.583544
0.394696 0.244850
0.765038 0.439619
0.685385 0.673696
0.767846 0.592853
0.750847 0.514695
0.750572 0.365337
0.739128 0.646748
0.456893 0.770592
0.550401 0.230842
0.734886 0.620106
0.674581 0.297525
0.686697 0.312998
0.783624 0.472884
0.752770 0.478011
0.297861 0.650075
0.690786 0.711112
0.594897 0.745109
0.427870 0.237159
0.448378 0.217902
0.397290 0.734764
0.549974 0.746147
0.729881 0.674245
0.736869 0.325358
0.591968 0.229194
0.408734 0.745750
0.682089 0.289926
0.433302 0.743889
0.246437 0.391766
0.308176 0.294321
0.714896 0.673788
0.220923 0.603381
0.654958 0.697562
0.504074 0.764855
0.750420 0.643513
0.614765 0.259560
0.707694 0.350047
0.231849 0.415204
0.281472 0.296579
0.747002 0.443037
0.547624 0.765435
0.454360 0.758660
0.398358 0.265267
0.743309 0.349956
0.666433 0.262551
0.247993 0.621967
0.322062 0.731834
0.516007 0.200659
0.704825 0.715629
0.315928 0.679342
0.587115 0.742119
0.770165 0.581927
0.397748 0.780358
0.707755 0.706595
0.791375 0.470443
0.377026 0.237800
0.705710 0.677969
0.756005 0.419752
0.308420 0.663381
0.580584 0.250618
0.260140 0.406507
0.283700 0.349010
0.292367 0.353923
0.275063 0.387432
0.732444 0.609027
0.218665 0.587115
0.760979 0.627064
0.347179 0.750053
0.382275 0.277963
0.340922 0.735069
0.249336 0.477248
0.300516 0.670797
0.712485 0.654042
0.345286 0.743614
0.204840 0.470962
0.440992 0.239845
0.359325 0.749199
0.704947 0.350597
0.393780 0.256752
0.764824 0.368145
0.236702 0.612476
0.796625 0.457930
0.222266 0.495804
0.459883 0.218909
0.220130 0.591021
0.788354 0.575213
0.772454 0.512040
0.726859 0.624317
0.727805 0.371532
0.457595 0.247627
0.756218 0.391766
0.739982 0.645070
0.374920 0.227363
0.426222 0.229591
0.282998 0.625874
0.739891 0.625813
0.746147 0.564653
0.295083 0.356059
0.251839 0.601062
0.279000 0.345347
0.578387 0.233619
0.230995 0.485366
0.759056 0.486160
0.752098 0.557695
0.763207 0.581256
0.615284 0.253304
0.620350 0.265236
0.689169 0.722373
0.523331 0.202948
0.449599 0.242592
0.227760 0.479385
0.786828 0.509354
0.408094 0.239387
0.773095 0.427046
0.459334 0.773705
0.455947 0.767388
0.704642 0.340373
0.730705 0.609699
0.296915 0.684652
0.326640 0.713981
0.229560 0.499985
0.222999 0.587817
0.751762 0.433760
0.361583 0.717978
0.484848 0.759239
0.382885 0.242073
0.754265 0.344218
0.665670 0.720359
0.466506 0.223975
0.213752 0.420179
0.355449 0.743034
0.564074 0.777642
0.474960 0.793329
0.296518 0.650990
0.659658 0.706778
0.724967 0.667898
0.774316 0.599109
0.438551 0.220801
0.299142 0.282327
0.720420 0.634266
0.507126 0.778008
0.356670 0.257271
0.332163 0.707968
0.262032 0.620563
0.764946 0.583636
0.728141 0.614704
0.533860 0.238594
0.694876 0.711264
0.379406 0.248817
0.738029 0.377728
0.251045 0.414472
0.737358 0.600482
0.253121 0.544420
0.330058 0.291299
0.748070 0.339427
0.339824 0.724418
0.618671 0.731254
0.307627 0.688345
0.302469 0.665395
0.317881 0.729453
0.504196 0.768273
0.239113 0.577868
0.628071 0.749779
0.489425 0.248695
0.676870 0.719352
0.633168 0.720695
0.759667 0.381603
0.770196 0.615375
0.219184 0.582110
0.794977 0.513199
0.257515 0.582232
0.485977 0.247536
0.760521 0.486251
0.329051 0.708151
0.509049 0.241523
0.407910 0.214911
0.519944 0.780053
0.242103 0.369060
0.266762 0.397412
0.751549 0.562975
0.223853 0.517655
0.458876 0.224006
0.223273 0.596271
0.596850 0.246803
0.311594 0.331919
0.372021 0.261177
0.340648 0.273904
0.549150 0.789331
0.240028 0.602191
0.246315 0.411542
0.288369 0.340434
0.797784 0.528306
0.349254 0.285440
0.708396 0.668020
0.772851 0.398724
0.369427 0.270455
0.614154 0.256600
0.208686 0.529527
0.466506 0.790460
0.268166 0.593677
0.415021 0.787072
0.698050 0.682485
0.659688 0.702872
0.567797 0.767632
0.276711 0.343638
0.241096 0.483261
0.212683 0.555895
0.297708 0.320627
0.257729 0.353740
0.719413 0.698965
0.566118 0.208594
0.495437 0.240852
0.550401 0.254280
0.743461 0.662862
0.381420 0.244881
0.671682 0.297830
0.218299 0.550859
0.406476 0.215674
0.303873 0.289041
0.755089 0.467330
0.645131 0.750328
0.238655 0.566546
0.666280 0.728141
0.228462 0.595050
0.246529 0.572161
0.485672 0.225562
0.380108 0.272835
0.664174 0.278054
0.451613 0.795007
0.729881 0.683706
0.767327 0.527238
0.236366 0.491958
0.362072 0.762413
0.524247 0.222571
0.246803 0.632588
0.328593 0.705832
0.592883 0.244758
0.273232 0.341929
0.425825 0.777947
0.216132 0.521470
0.350688 0.756279
0.235267 0.471206
0.630726 0.733055
0.474075 0.211951
0.254158 0.659810
0.590991 0.739494
0.776421 0.474776
0.321329 0.733695
0.311441 0.285195
0.708151 0.647237
0.728690 0.685202
0.226142 0.527543
0.260445 0.606983
0.304056 0.333171
0.426466 0.256600
0.415998 0.223273
0.228309 0.619465
0.257759 0.585833
0.568651 0.758080
0.250618 0.522111
0.435347 0.236641
0.677633 0.270852
0.781915 0.505142
0.217139 0.595782
0.727714 0.311441
0.227363 0.387402
0.359996 0.275369
0.784051 0.417798
0.755181 0.391858
0.761406 0.590258
0.340922 0.732322
0.215003 0.529557
0.218116 0.501022
0.457869 0.783502
0.260506 0.664907
0.288797 0.292245
0.773247 0.420179
0.388592 0.729545
0.692587 0.702628
0.738975 0.423048
0.463942 0.787225
0.464278 0.761864
0.547777 0.795129
0.381237 0.733909
0.742241 0.590564
0.747246 0.589831
0.731315 0.599200
0.245613 0.518235
0.370006 0.247749
0.225318 0.592517
0.443678 0.228217
0.713950 0.308451
0.685476 0.719321
0.252327 0.585620
0.221107 0.475936
0.383099 0.274667
0.762047 0.449782
0.248238 0.613697
0.765496 0.582171
0.416150 0.759972
0.655171 0.716727
0.384838 0.265816
0.212928 0.496902
0.751640 0.599139
0.249062 0.590411
0.325419 0.705954
0.474685 0.204627
0.592212 0.233802
0.766533 0.494858
0.226905 0.400006
0.495895 0.788781
0.767235 0.462264
0.746483 0.663503
0.378063 0.748589
0.746666 0.593005
0.575823 0.213660
0.636738 0.711173
0.254433 0.450392
0.786767 0.567827
0.623859 0.730949
0.444044 0.755791
0.687643 0.716239
0.365703 0.260018
0.707053 0.283731
0.229408 0.539903
0.365276 0.758934
0.697501 0.717978
0.725913 0.313456
0.751732 0.660421
0.227607 0.530747
0.757775 0.605426
0.669790 0.303751
0.782342 0.457167
0.528520 0.204260
0.565233 0.744041
0.552751 0.242073
0.308573 0.691061
0.598437 0.774468
0.588031 0.760186
0.661550 0.250954
0.768426 0.377636
0.325114 0.301340
0.244850 0.562731
0.716666 0.648122
0.711692 0.302774
0.235267 0.566790
0.273476 0.654012
0.531358 0.212653
0.225959 0.427229
0.242470 0.400250
0.564867 0.749321
0.327067 0.311716
0.602710 0.259011
0.642567 0.282754
0.332896 0.272683
0.752464 0.533250
0.438856 0.244758
0.301767 0.328562
0.742088 0.405347
0.492630 0.219642
0.763573 0.510575
0.580584 0.763665
0.213233 0.544420
0.513504 0.221900
0.736381 0.378399
0.760033 0.636402
0.765862 0.621204
0.512040 0.241676
0.266060 0.656362
0.657247 0.250038
0.414930 0.218787
0.295175 0.324046
0.221351 0.588855
0.774407 0.454756
0.258248 0.329386
0.432844 0.759392
0.484451 0.750389
0.742332 0.672720
0.505905 0.202612
0.749596 0.482620
0.268197 0.616993
0.342631 0.733787
0.539109 0.782159
0.264534 0.364849
0.619465 0.236244
0.345378 0.733757
0.729331 0.632405
0.582202 0.747124
0.347392 0.273110
0.730461 0.617542
0.310038 0.292428
0.657796 0.694601
0.313181 0.318827
0.401624 0.254494
0.202765 0.489090
0.228584 0.445448
0.665761 0.300119
0.483840 0.233985
0.245827 0.460524
0.671926 0.704947
0.408826 0.265267
0.634327 0.730338
0.316477 0.682424
0.510697 0.218207
0.775384 0.521226
0.355754 0.706168
0.364788 0.755394
0.762444 0.405499
0.723716 0.622639
0.612293 0.724326
0.289956 0.695761
0.616443 0.236793
0.438704 0.206366
0.684591 0.722129
0.739372 0.654134
0.408704 0.768670
0.471419 0.227821
0.777551 0.394177
0.248299 0.428846
0.760399 0.352886
0.275765 0.697653
0.308115 0.688559
0.752251 0.454176
0.307108 0.660360
0.372845 0.231971
0.214179 0.575945
0.785821 0.536821
0.328501 0.280892
0.744285 0.394299
0.272652 0.334849
0.724387 0.377697
0.415693 0.231605
0.343059 0.722831
0.525498 0.230537
0.228980 0.430494
0.788232 0.578600
0.398999 0.261544
0.632740 0.232337
0.683828 0.313395
0.653768 0.706778
0.326121 0.302316
0.770318 0.444227
0.496261 0.791375
0.295633 0.341166
0.576647 0.259194
0.592364 0.224677
0.521012 0.792718
0.305338 0.285257
0.651234 0.268777
0.683218 0.290567
0.656362 0.754509
0.659627 0.270852
0.592822 0.265999
0.277444 0.614460
0.761559 0.465224
0.223487 0.512589
0.749962 0.592608
0.586749 0.253853
0.204016 0.489486
0.735313 0.620319
0.232276 0.382672
0.291665 0.675497
0.341441 0.246162
0.571825 0.237220
0.301340 0.314035
0.761071 0.374340
0.750877 0.571673
0.544481 0.780450
0.600177 0.771020
0.766289 0.616138
0.770013 0.392834
0.223914 0.591327
0.770104 0.426527
0.257454 0.419721
0.394024 0.267464
0.754479 0.389843
0.335856 0.729057
0.434858 0.222449
0.262551 0.333781
0.773644 0.531053
0.761406 0.631306
0.299509 0.668264
0.385510 0.265328
0.475021 0.235023
0.667776 0.696097
0.674215 0.267525
0.245430 0.622822
0.568987 0.755699
0.222663 0.453475
0.645070 0.238289
0.760186 0.577410
0.204260 0.538011
0.751946 0.491501
0.548112 0.794244
0.787622 0.523972
0.750481 0.456221
0.749321 0.617206
0.787042 0.487747
0.707572 0.663625
0.675161 0.273293
0.610920 0.753227
0.580035 0.761834
0.652272 0.744774
0.684164 0.710257
0.245003 0.443312
0.359416 0.287149
0.750633 0.401746
0.700339 0.344584
0.269387 0.672842
0.621723 0.262123
0.616321 0.233283
0.766137 0.465011
0.731620 0.324290
0.695059 0.694296
0.707053 0.680380
0.639790 0.733207
0.270791 0.689108
0.676687 0.707633
0.674001 0.724143
0.757408 0.633229
0.423811 0.254524
0.353526 0.245643
0.317270 0.312723
0.261605 0.600208
0.737602 0.392804
0.678488 0.688162
0.748222 0.655293
0.373760 0.249153
0.710807 0.310801
0.646413 0.708823
0.241066 0.391675
0.593890 0.782739
0.371532 0.246864
0.233436 0.502029
0.720695 0.646321
0.776086 0.469253
0.799219 0.508896
0.733146 0.382977
0.393475 0.743034
0.414991 0.786035
0.709647 0.297311
0.734519 0.633686
0.734672 0.608417
0.726096 0.318918
0.364727 0.238563
0.768303 0.558550
0.685873 0.696982
0.717795 0.346202
0.227271 0.505905
0.643818 0.256569
0.612354 0.747490
0.503250 0.211402
0.769524 0.483505
0.502701 0.752800
0.791833 0.474837
0.252724 0.649983
0.210273 0.544939
0.477065 0.788018
0.534471 0.220496
0.696127 0.674673
0.776116 0.552141
0.380322 0.765221
0.494217 0.777123
0.699789 0.675924
0.547868 0.768883
0.257759 0.405622
0.662252 0.257973
0.362102 0.241462
0.761071 0.437513
0.590411 0.219581
0.586444 0.740989
0.273293 0.362651
0.715445 0.651662
0.757042 0.391064
0.567644 0.212775
0.518693 0.766778
0.335582 0.736412
0.259835 0.352153
0.247169 0.655171
0.306833 0.670736
0.725913 0.373058
0.670217 0.686575
0.573687 0.239631
0.203131 0.471480
0.214576 0.506302
0.286905 0.694205
0.743034 0.379498
0.673025 0.712210
0.441420 0.230903
0.776727 0.519913
0.593036 0.261788
0.212683 0.563311
0.397382 0.771996
0.495621 0.202826
0.351054 0.270302
0.238075 0.380505
0.649495 0.753227
0.211371 0.524552
0.670186 0.272835
0.749779 0.608753
0.766594 0.379162
0.571703 0.785852
0.255470 0.433638
0.208289 0.569170
0.460189 0.784539
0.274209 0.643391
0.430860 0.742546
0.565508 0.211188
0.221961 0.479080
0.267190 0.677908
0.617084 0.769066
0.550157 0.228187
0.308206 0.688986
0.545091 0.209845
0.659444 0.714957
0.347667 0.244423
0.670064 0.283334
0.397778 0.264382
0.423780 0.739647
0.507584 0.244545
0.299387 0.298227
0.314402 0.288858
0.670644 0.716025
0.365856 0.746269
0.783563 0.513443
0.449416 0.236793
0.672170 0.722861
0.265755 0.637165
0.765709 0.519059
0.272408 0.351360
0.265236 0.343181
0.604541 0.226173
0.770837 0.511917
0.251961 0.641957
0.301492 0.336131
0.726920 0.615101
0.251381 0.583056
0.462142 0.224769
0.520493 0.214423
0.335154 0.696646
0.547716 0.210089
0.757439 0.555467
0.481887 0.249092
0.303110 0.722068
0.669057 0.295602
0.226783 0.583239
0.719626 0.359539
0.438337 0.217414
0.754784 0.491379
0.768273 0.368694
0.755516 0.352428
0.436750 0.781762
0.254891 0.591571
0.731986 0.340678
0.491104 0.228553
0.475936 0.228401
0.594287 0.239998
0.304117 0.331217
0.400861 0.757714
0.704306 0.680044
0.269570 0.641224
0.753655 0.633595
0.347392 0.718833
0.244026 0.483688
0.441939 0.781732
0.655232 0.253304
0.393750 0.780236
0.650777 0.731285
0.582629 0.227119
0.569384 0.769005
0.241035 0.501419
0.736412 0.407392
0.744377 0.660024
0.765069 0.514939
0.729301 0.388012
0.412275 0.233711
0.231635 0.534532
0.258919 0.383709
0.471114 0.787591
0.209265 0.514908
0.339274 0.741173
0.772118 0.595264
0.236061 0.564531
0.739555 0.651357
0.585467 0.256142
0.765252 0.377941
0.639271 0.285592
0.739525 0.631214
0.749779 0.430464
0.512955 0.243965
0.780023 0.580859
0.208625 0.505417
0.754387 0.493759
0.761101 0.428449
0.264168 0.327280
0.744194 0.605609
0.246895 0.412519
0.367290 0.712180
0.736106 0.392712
0.735984 0.412030
0.227058 0.617328
0.511979 0.757622
0.427778 0.784997
0.424879 0.764519
0.609943 0.260445
0.394726 0.220771
0.290658 0.328104
0.601733 0.257637
0.540971 0.766564
0.633656 0.258644
0.635548 0.729118
0.496078 0.755791
0.582720 0.255776
0.228278 0.447371
0.263405 0.671865
0.622303 0.751457
0.790826 0.460677
0.458907 0.794519
0.459212 0.759453
0.679403 0.281289
0.592914 0.767052
0.416395 0.251930
0.763695 0.365215
0.747581 0.437819
0.741325 0.328196
0.417982 0.240272
0.689138 0.325144
0.589251 0.265053
0.583728 0.227790
0.232643 0.423933
0.305460 0.335063
0.300394 0.277871
0.731925 0.364971
0.244545 0.449507
0.229011 0.499832
0.718039 0.660146
0.552873 0.786554
0.566362 0.226814
0.653096 0.754357
0.733390 0.383557
0.738090 0.625294
0.783685 0.447615
0.531724 0.237465
0.763726 0.413648
0.396985 0.735313
0.232368 0.564959
0.440077 0.765343
0.717032 0.681356
0.317148 0.690054
0.349681 0.286691
0.665395 0.749596
0.780511 0.477493
0.385540 0.750328
0.716453 0.674612
0.346416 0.755547
0.535356 0.780755
0.751305 0.649556
0.432844 0.245857
0.335490 0.293374
0.773339 0.451521
0.386517 0.750511
0.564837 0.791040
0.296213 0.346416
0.220161 0.466842
0.330271 0.257179
0.516190 0.245888
0.265938 0.393414
0.355327 0.285165
0.486770 0.240455
0.250465 0.469893
0.233375 0.559008
0.218482 0.413678
0.337901 0.735221
0.246895 0.402387
0.673238 0.710685
0.768120 0.424146
0.243171 0.499405
0.769707 0.444136
0.643117 0.749474
0.649098 0.731864
0.577563 0.226295
0.775292 0.499527
0.472579 0.239662
0.279305 0.660237
0.782464 0.559587
0.270547 0.349345
0.762169 0.437056
0.408948 0.778558
0.751335 0.493362
0.353404 0.254341
0.582476 0.231300
0.673635 0.265542
0.774163 0.417920
0.231330 0.622425
0.250893 0.411206
0.632099 0.734550
0.719230 0.333262
0.415296 0.767266
0.496872 0.213080
0.746941 0.423475
0.580279 0.226569
0.389599 0.766686
0.290658 0.343364
0.407239 0.772515
0.698447 0.346995
0.566790 0.751366
0.410260 0.738701
0.292459 0.646352
0.451918 0.218635
0.232917 0.618976
0.694174 0.712943
0.638966 0.270180
0.268960 0.622059
0.765679 0.418897
0.692099 0.702231
0.227363 0.573168
0.728538 0.308451
0.354228 0.250465
0.258614 0.387036
0.246284 0.628407
0.650136 0.299966
0.445570 0.751854
0.261483 0.395764
0.780084 0.443678
0.668081 0.307199
0.345317 0.256752
0.391278 0.229957
0.530595 0.778008
0.251167 0.581622
0.211493 0.482040
0.751061 0.406781
0.577929 0.759728
0.279122 0.647420
0.274087 0.622181
0.272805 0.319040
0.328288 0.741783
0.510971 0.222816
0.469893 0.206244
0.383801 0.246010
0.409711 0.742424
0.501205 0.773492
0.637623 0.243721
0.227760 0.453871
0.510117 0.778344
0.625324 0.282693
0.579363 0.789239
0.754265 0.395947
0.404462 0.260781
0.208991 0.457015
0.758934 0.526444
0.217994 0.409375
0.551103 0.780145
0.723807 0.353801
0.706961 0.325236
0.233009 0.575182
0.263283 0.678304
0.294778 0.326090
0.556413 0.783135
0.728782 0.674276
0.537126 0.786004
0.221686 0.573016
0.506851 0.214698
0.509415 0.233375
0.322031 0.712424
0.638264 0.288400
0.523881 0.769677
0.469832 0.792291
0.486496 0.243202
0.276376 0.306497
0.719718 0.336222
0.239875 0.626362
0.739097 0.344737
0.773370 0.398907
0.379650 0.231941
0.414960 0.755821
0.680044 0.265908
0.280618 0.672231
0.313456 0.297525
0.232215 0.607013
0.389416 0.232002
0.648274 0.742759
0.333872 0.700674
0.677999 0.693564
0.702994 0.683584
0.543046 0.757561
0.714591 0.348918
0.273721 0.686514
0.563677 0.219062
0.601581 0.249855
0.506668 0.795465
0.460982 0.220832
0.688314 0.271218
0.645039 0.247871
0.652974 0.749443
0.690909 0.666433
0.215278 0.542405
0.758538 0.373150
0.300913 0.279397
0.731529 0.370037
0.729240 0.648061
0.608051 0.246834
0.378338 0.748436
0.670644 0.253609
0.512711 0.774712
0.587603 0.764489
0.540178 0.777276
0.413556 0.218696
0.234474 0.391827
0.525407 0.229743
0.238411 0.511093
0.714072 0.322916
0.736717 0.318247
0.741630 0.353984
0.612873 0.735618
0.296548 0.680685
0.241981 0.443251
0.507462 0.207923
0.330271 0.304178
0.381115 0.739616
0.639912 0.280740
0.253700 0.607807
0.369488 0.233497
0.205390 0.477706
0.243660 0.625904
0.784448 0.420972
0.745750 0.624287
0.570269 0.246223
0.489761 0.774255
0.537980 0.782220
0.306955 0.728996
0.764061 0.431990
0.785577 0.574999
0.508042 0.239113
0.293191 0.642994
0.399030 0.740501
0.245064 0.640400
0.733268 0.383892
0.761711 0.574847
0.685293 0.674551
0.207373 0.552873
0.671682 0.727744
0.263955 0.391736
0.370525 0.261483
0.317209 0.712119
0.291208 0.311777
0.344523 0.292032
0.580218 0.757805
0.550584 0.216681
0.447279 0.766472
0.242103 0.429395
0.655751 0.267800
0.565264 0.246040
0.568499 0.787591
0.778649 0.444075
0.739616 0.343425
0.690115 0.281289
0.370251 0.278115
0.212043 0.551286
0.265786 0.667928
0.661519 0.737266
0.700095 0.695456
0.788812 0.438917
0.705710 0.339274
0.450819 0.242256
0.333598 0.730094
0.742058 0.433851
0.297159 0.339457
0.734397 0.624165
0.790674 0.525010
0.717399 0.670827
0.750877 0.625629
0.223334 0.451308
0.694327 0.297891
0.778344 0.390667
0.641102 0.716208
0.729820 0.361003
0.275979 0.350017
0.540269 0.780114
0.645161 0.290689
0.707572 0.644642
0.446608 0.770928
0.774407 0.555895
0.249641 0.419202
0.460372 0.754051
0.617725 0.774926
0.772179 0.596667
0.435957 0.777886
0.233955 0.367595
0.643910 0.263131
0.443312 0.245064
0.687246 0.322581
0.551622 0.788202
0.682333 0.699515
0.748802 0.600787
0.663656 0.740471
0.340495 0.695059
0.765069 0.402966
0.793298 0.523789
0.724357 0.697623
0.714194 0.678854
0.603687 0.753594
0.430097 0.225166
0.754448 0.380688
0.281594 0.346721
0.292184 0.334849
0.773186 0.411054
0.621052 0.747795
0.285775 0.341899
0.353984 0.282205
0.522080 0.798853
0.232887 0.539537
0.347789 0.256966
0.698355 0.657613
0.780572 0.505875
0.529435 0.219245
0.683462 0.688284
0.594745 0.242866
0.614032 0.772149
0.687613 0.691702
0.781457 0.468947
0.268166 0.634877
0.726371 0.646931
0.577380 0.755211
0.426893 0.767357
0.772362 0.548204
0.736259 0.397076
0.324259 0.264565
0.714316 0.644398
0.712882 0.666890
0.762993 0.584429
0.230537 0.448866
0.713126 0.644490
0.598865 0.255348
0.760369 0.488357
0.795526 0.464949
0.457564 0.765648
0.396496 0.269906
0.574297 0.238960
0.785852 0.486190
0.521470 0.224250
0.411573 0.750633
0.606494 0.731223
0.265297 0.317698
0.289377 0.663869
0.463607 0.763817
0.546983 0.239723
0.779107 0.527055
0.262093 0.671651
0.310099 0.297678
0.412519 0.261452
0.722648 0.680837
0.736106 0.332957
0.239082 0.364086
0.721610 0.354930
0.569781 0.224586
0.451094 0.223670
0.364666 0.236671
0.217414 0.571947
0.250221 0.618519
0.541978 0.787317
0.775262 0.507767
0.271493 0.671651
0.691641 0.695578
0.296701 0.352397
0.252449 0.388043
0.231025 0.397900
0.436140 0.765099
0.786004 0.550401
0.575182 0.745628
0.327494 0.693808
0.669881 0.695975
0.769280 0.438398
0.391522 0.726493
0.759484 0.640797
0.714652 0.660665
0.400494 0.762261
0.656209 0.737175
0.250282 0.426649
0.298837 0.333384
0.784143 0.520066
0.462081 0.216681
0.587756 0.237587
0.496658 0.229865
0.708029 0.672994
0.236213 0.479904
0.319163 0.722251
0.513169 0.230903
0.369396 0.746147
0.684561 0.331339
0.540605 0.206702
0.616352 0.245125
0.791864 0.558306
0.328745 0.298502
0.215033 0.428968
0.366161 0.251320
0.724754 0.358867
0.778558 0.529435
0.257332 0.364116
0.318613 0.708243
0.703848 0.646443
0.744102 0.416669
0.243049 0.517380
0.605426 0.762047
0.680380 0.274026
0.587115 0.221076
0.553270 0.749413
0.458388 0.234687
0.234443 0.441877
0.532579 0.246040
0.580157 0.252174
0.512741 0.213080
0.263436 0.410962
0.506516 0.771111
0.436354 0.240944
0.436903 0.238838
0.669546 0.704703
0.613300 0.242164
0.748497 0.564318
0.765343 0.579180
0.280770 0.298593
0.251595 0.434706
0.273598 0.608753
0.774560 0.505173
0.749779 0.544877
0.542100 0.207434
0.268868 0.631306
0.365215 0.246132
0.420759 0.753105
0.571520 0.232521
0.553362 0.210639
0.481216 0.237373
0.668661 0.276345
0.602283 0.759606
0.391491 0.231666
0.252235 0.606006
0.232826 0.518662
0.537858 0.791681
0.713858 0.659139
0.632466 0.751396
0.225867 0.486312
0.487381 0.225654
0.757866 0.411878
0.690085 0.328257
0.215369 0.454207
0.392956 0.770775
0.742851 0.615253
0.302622 0.324198
0.776238 0.479354
0.752098 0.630696
0.320109 0.297159
0.251320 0.427168
0.348521 0.299905
0.752373 0.625141
0.623310 0.765740
0.348582 0.709464
0.556658 0.219581
0.592364 0.777673
0.248238 0.456435
0.777337 0.450728
0.566332 0.229560
0.676534 0.690847
0.476913 0.755364
0.258736 0.647114
0.465468 0.235359
0.254707 0.412183
0.742332 0.594928
0.271584 0.316752
0.766717 0.405499
0.796197 0.468612
0.276498 0.662038
0.333750 0.293771
0.532060 0.766228
0.752770 0.471755
0.206885 0.474563
0.246773 0.514054
0.757561 0.647572
0.370312 0.242286
0.768151 0.485824
0.268624 0.671285
0.519578 0.246834
0.425825 0.774743
0.772301 0.508011
0.325816 0.292764
0.354015 0.713889
0.229225 0.495071
0.793023 0.522263
0.470412 0.791192
0.238105 0.473983
0.558519 0.245338
0.648396 0.729423
0.388318 0.223090
0.735191 0.636189
0.334635 0.261086
0.477432 0.760491
0.700003 0.329386
0.659627 0.270577
0.407300 0.745842
0.733024 0.374828
0.748039 0.545213
0.398144 0.753197
0.612568 0.735588
0.502365 0.232185
0.278359 0.692526
0.361888 0.244026
0.633290 0.749718
0.425092 0.787591
0.218482 0.507370
0.702841 0.345164
0.761895 0.505661
0.718467 0.329661
0.744316 0.423963
0.698325 0.315836
0.740043 0.379864
0.385022 0.236854
0.581652 0.759514
0.778283 0.512803
0.231941 0.370830
0.283609 0.365246
0.217444 0.544633
0.702261 0.658742
0.227454 0.506912
0.310587 0.676138
0.282510 0.635151
0.227363 0.410077
0.747581 0.332499
0.760308 0.452620
0.784356 0.492264
0.705588 0.311594
0.378765 0.738212
0.685904 0.692160
0.462539 0.754753
0.237861 0.574633
0.515122 0.763695
0.237892 0.511521
0.208167 0.479598
0.385022 0.267708
0.250984 0.448866
0.754448 0.491348
0.237587 0.396008
0.746147 0.361095
0.249580 0.374310
0.242683 0.463607
0.694082 0.716361
0.692312 0.269845
0.758446 0.495926
0.751366 0.573260
0.279977 0.379894
0.321909 0.276559
0.507096 0.782373
0.244179 0.596912
0.788018 0.457900
0.695791 0.675405
0.420789 0.738426
0.758538 0.431379
0.681204 0.708945
0.576037 0.769005
0.494766 0.772790
0.645039 0.244209
0.239570 0.571337
0.359111 0.292764
0.434553 0.226173
0.740318 0.362407
0.583636 0.736320
0.724631 0.314707
0.544206 0.251900
0.763848 0.365459
0.717643 0.349651
0.777337 0.494552
0.763939 0.618763
0.540330 0.758263
0.708213 0.318186
0.735466 0.616047
0.327006 0.687765
0.219855 0.436811
0.209235 0.439375
0.474075 0.790979
0.632832 0.733421
0.708060 0.712577
0.703604 0.342235
0.624866 0.765313
0.215247 0.549760
0.496017 0.233802
0.673544 0.726279
0.755211 0.435560
0.726432 0.611469
0.744133 0.618580
0.303812 0.706442
0.235206 0.527268
0.727561 0.660390
0.498856 0.786248
0.481582 0.211921
0.734367 0.343394
0.644978 0.260628
0.308664 0.722892
0.712607 0.640126
0.727866 0.324107
0.485275 0.230476
0.766228 0.491440
0.521531 0.247536
0.627979 0.235359
0.259133 0.342845
0.423231 0.237800
0.232612 0.506882
0.505539 0.783074
0.416730 0.757317
0.575060 0.763695
0.340892 0.721458
0.754753 0.630757
0.710929 0.640187
0.220740 0.518265
0.591845 0.236122
0.411939 0.237678
0.550768 0.224738
0.692862 0.318766
0.592822 0.782586
0.384320 0.756493
0.404187 0.263802
0.344218 0.246956
0.569536 0.224708
0.789422 0.535722
0.719321 0.668325
0.673269 0.312693
0.272866 0.614734
0.639332 0.291940
0.752129 0.558061
0.247932 0.455397
0.469008 0.756981
0.318979 0.277841
0.782769 0.538102
0.444288 0.784722
0.399182 0.220954
0.704031 0.292276
0.611225 0.752342
0.701956 0.298898
0.247719 0.416242
0.522019 0.765343
0.477157 0.781396
0.234931 0.589831
0.605060 0.246162
0.389721 0.736717
0.730399 0.602069
0.496811 0.795343
0.308420 0.332469
0.325877 0.318552
0.247871 0.508927
0.722251 0.365886
0.756615 0.575640
0.398785 0.740562
0.763451 0.619648
0.258370 0.338847
0.726188 0.330363
0.551592 0.771294
0.734886 0.400037
0.345195 0.273080
0.706015 0.295480
0.626270 0.736076
0.348613 0.726615
0.419172 0.736930
0.340648 0.706717
0.268441 0.316202
0.526597 0.775475
0.761223 0.490066
0.672048 0.309458
0.494766 0.242103
0.778985 0.393841
0.234077 0.530717
0.760826 0.464248
0.489517 0.799310
0.676046 0.689413
0.601337 0.773644
0.402234 0.256752
0.290445 0.668661
0.269021 0.636952
0.418439 0.254463
0.678426 0.696188
0.368969 0.716880
0.262154 0.581927
0.355785 0.760674
0.301950 0.714866
0.407147 0.247902
0.650868 0.755760
0.359416 0.272652
0.229408 0.470565
0.648213 0.270791
0.410413 0.231483
0.417402 0.212500
0.226081 0.564165
0.381817 0.756584
0.272195 0.391430
0.746422 0.573748
0.601123 0.757927
0.249947 0.359478
0.215308 0.589190
0.645772 0.259774
0.222388 0.604236
0.739402 0.388745
0.540391 0.796442
0.378246 0.275369
0.358135 0.719535
0.253090 0.548601
0.258644 0.629536
0.766259 0.478713
0.284982 0.704794
0.693655 0.333415
0.243171 0.367046
0.422224 0.237465
0.766961 0.538896
0.460189 0.794305
0.760491 0.584735
0.763146 0.516617
0.235115 0.440168
0.785028 0.534837
0.242836 0.624165
0.689596 0.296823
0.582080 0.252113
0.763085 0.381481
0.255806 0.354747
0.236488 0.542009
0.245613 0.534043
0.671682 0.287271
0.240394 0.603168
0.785699 0.452528
0.779077 0.464064
0.612384 0.233680
0.764153 0.366375
0.559679 0.234382
0.720939 0.624256
0.220069 0.588702
0.614551 0.772607
0.786218 0.456496
0.292337 0.287118
0.231819 0.491165
0.378460 0.268929
0.282205 0.658925
0.519669 0.208319
0.777703 0.505387
0.383648 0.242073
0.241920 0.623371
0.223731 0.493454
0.256081 0.631184
0.553972 0.763878
0.240394 0.448408
0.639393 0.719871
0.701773 0.284677
0.692740 0.278115
0.243843 0.418836
0.345988 0.272835
0.684957 0.721580
0.750938 0.482315
0.566393 0.255959
0.264260 0.400189
0.344523 0.724387
0.502609 0.755821
0.738884 0.620472
0.348003 0.280953
0.282846 0.634541
0.730949 0.380993
0.443678 0.211402
0.777398 0.538011
0.691061 0.665120
0.329020 0.729514
0.729881 0.677206
0.379315 0.749626
0.260933 0.608081
0.287484 0.690909
0.281289 0.650746
0.753075 0.595599
0.688986 0.686056
0.251900 0.635548
0.784021 0.566210
0.382366 0.737266
0.304025 0.333934
0.297586 0.658284
0.246437 0.546007
0.598590 0.217322
0.241218 0.616474
0.344493 0.733573
0.739769 0.360363
0.609088 0.744194
0.683615 0.718680
0.649831 0.269539
0.668325 0.706198
0.395245 0.219092
0.701773 0.664480
0.653005 0.724082
0.373333 0.759575
0.334605 0.700797
0.585223 0.750145
0.387432 0.758446
0.779534 0.516373
0.617908 0.274392
0.242195 0.424085
0.378277 0.741905
0.705435 0.706046
0.757256 0.546312
0.641865 0.252480
0.597522 0.260384
0.426954 0.758110
0.684194 0.285989
0.760765 0.636921
0.689413 0.666585
0.242409 0.596484
0.512711 0.769555
0.753166 0.553941
0.409955 0.215064
0.287637 0.291757
0.696768 0.684225
0.210120 0.562120
0.265694 0.641591
0.273782 0.638142
0.730857 0.623707
0.448317 0.759941
0.236610 0.569628
0.784112 0.537584
0.238838 0.491531
0.771783 0.544939
0.250984 0.439650
0.748283 0.465133
0.743339 0.639210
0.418989 0.784875
0.271859 0.605396
0.537309 0.239967
0.585559 0.748009
0.218909 0.470870
0.344951 0.746941
0.359294 0.707572
0.684835 0.330943
0.239601 0.507035
0.470504 0.749138
0.641560 0.262093
0.252602 0.648305
0.549364 0.231178
0.323679 0.311472
0.402722 0.746910
0.662709 0.296365
0.439131 0.234199
0.282327 0.683706
0.263436 0.600818
0.228278 0.527299
0.637318 0.752251
0.709433 0.687918
0.663259 0.253121
0.285409 0.332408
0.250252 0.366558
0.211737 0.499161
0.377575 0.253365
0.272897 0.366802
0.492264 0.761162
0.577013 0.742393
0.786676 0.414655
0.728324 0.645466
0.639210 0.733299
0.643880 0.259468
0.236305 0.556017
0.690847 0.303201
0.762597 0.413678
0.288430 0.304727
0.702841 0.290170
0.433241 0.784814
0.727103 0.689596
0.669149 0.258553
0.718986 0.684561
0.520768 0.774926
0.708396 0.295022
0.241462 0.516678
0.760704 0.439650
0.262246 0.601032
0.750877 0.639119
0.563433 0.257515
0.715934 0.690878
0.380688 0.746696
0.708853 0.677297
0.582232 0.748192
0.636921 0.733665
0.617847 0.763543
0.401563 0.220008
0.696585 0.657826
0.261696 0.371014
0.685537 0.688314
0.590381 0.258797
0.743370 0.673025
0.413862 0.258095
0.675130 0.280770
0.762230 0.420026
0.311380 0.318522
0.729240 0.323344
0.250252 0.471999
0.383587 0.265358
0.533921 0.769616
0.275979 0.387005
0.506973 0.792871
0.231086 0.574267
0.529160 0.792871
0.202887 0.527268
0.702719 0.696860
0.309977 0.722404
0.636769 0.751610
0.718589 0.696921
0.253121 0.613788
0.734733 0.400494
0.431562 0.764519
0.507889 0.204871
0.258461 0.360759
0.368572 0.263771
0.733909 0.621448
0.234352 0.397839
0.321574 0.315531
0.615528 0.722282
0.347850 0.256752
0.390362 0.738578
0.290475 0.300668
0.657033 0.273507
0.251320 0.441298
0.594012 0.252754
0.754753 0.422864
0.227485 0.456435
0.687124 0.304483
0.295633 0.332224
0.288858 0.666738
0.762322 0.638997
0.460219 0.775170
0.645070 0.743065
0.273751 0.359996
0.382946 0.742180
0.425398 0.257637
0.222541 0.464766
0.698386 0.707175
0.259957 0.328776
0.714255 0.668874
0.716239 0.703024
0.287759 0.710868
0.505142 0.790490
0.233192 0.387768
0.608020 0.762535
0.605029 0.779351
0.236396 0.390423
0.769463 0.408521
0.719657 0.694052
0.235511 0.468429
0.775842 0.454878
0.758293 0.484176
0.688559 0.678060
0.251625 0.664785
0.254646 0.337352
0.773186 0.451613
0.251656 0.430494
0.370525 0.718986
0.311625 0.287393
0.517136 0.225806
0.325846 0.282418
0.213294 0.433668
0.364757 0.255684
0.530717 0.771844
0.520157 0.778680
0.550951 0.781732
0.671407 0.275460
0.718558 0.341166
0.396435 0.774133
0.568041 0.213507
0.435804 0.246101
0.407575 0.219733
0.768914 0.504776
0.739525 0.417646
0.619800 0.274300
0.245430 0.568316
0.206580 0.523240
0.271157 0.672933
0.530900 0.775414
0.238166 0.396588
0.752220 0.391644
0.416700 0.226417
0.613544 0.242683
0.555193 0.206885
0.784509 0.585101
0.779046 0.450148
0.245033 0.501755
0.576373 0.256722
0.398236 0.222175
0.208777 0.505051
0.651112 0.293252
0.766564 0.469710
0.755242 0.344951
0.724937 0.630757
0.445173 0.224860
0.500198 0.208930
0.504593 0.755181
0.691458 0.295816
0.586688 0.231849
0.267983 0.406323
0.265297 0.353801
0.550645 0.245796
0.520859 0.208441
0.308634 0.303537
0.659200 0.749779
0.740379 0.416242
0.610889 0.238594
0.252205 0.543016
0.767724 0.370067
0.391858 0.763421
0.411725 0.246651
0.467269 0.227210
0.574389 0.253304
0.326518 0.264901
0.355205 0.267006
0.348979 0.293832
0.608783 0.273568
0.344371 0.756249
0.767632 0.529008
0.626820 0.720328
0.606281 0.253548
0.642720 0.294168
0.416364 0.257088
0.562304 0.791711
0.388348 0.247261
0.386639 0.743767
0.722617 0.322001
0.592700 0.774285
0.236457 0.556658
0.218848 0.429365
0.255074 0.588427
0.253822 0.437941
0.588855 0.752770
0.596667 0.216834
0.779229 0.414350
0.608600 0.271340
0.768456 0.437086
0.256264 0.444044
0.326640 0.680776
0.265938 0.640828
0.213172 0.551714
0.230995 0.568987
0.546281 0.784631
0.626759 0.725272
0.255257 0.607105
0.302286 0.701407
0.674917 0.702689
0.532884 0.219337
0.649342 0.246864
0.365551 0.239570
0.667409 0.291696
0.230323 0.445967
0.578997 0.249550
0.342631 0.299936
0.308634 0.687277
0.763665 0.537828
0.221870 0.517594
0.246651 0.538957
0.284097 0.310038
0.680471 0.302652
0.261055 0.663961
0.248177 0.413190
0.734336 0.665059
0.691977 0.715995
0.260140 0.319987
0.265023 0.313547
0.361919 0.711264
0.296854 0.351756
0.207160 0.556017
0.740806 0.620258
0.358898 0.744255
0.407514 0.243019
0.569079 0.757714
0.250008 0.529313
0.249733 0.379803
0.721458 0.336528
0.499527 0.239296
0.430403 0.237678
0.559984 0.764397
0.614734 0.254250
0.293130 0.290384
0.776757 0.479202
0.738609 0.662526
0.770470 0.505783
0.743614 0.582110
0.338084 0.696615
0.739647 0.363353
0.529283 0.755821
0.217780 0.490677
0.749931 0.365459
0.325175 0.723746
0.706351 0.710410
0.585498 0.778527
0.431501 0.224342
0.713279 0.359569
0.517594 0.212073
0.781121 0.569109
0.381817 0.252052
0.692251 0.660360
0.334727 0.254006
0.245125 0.561876
0.423841 0.754509
0.216895 0.532609
0.743950 0.419721
0.773675 0.489425
0.616932 0.727653
0.595202 0.268593
0.730399 0.680776
0.788934 0.557695
0.530839 0.787652
0.571093 0.256294
0.511917 0.753533
0.251656 0.424390
0.289132 0.308786
0.251289 0.571490
0.542558 0.781945
0.371899 0.240699
0.286264 0.698843
0.272042 0.355785
0.254830 0.330729
0.521897 0.792810
0.283975 0.703024
0.275796 0.329295
0.253426 0.390942
0.568468 0.761803
0.372387 0.257698
0.664754 0.305033
0.591082 0.781182
0.236183 0.533341
0.504959 0.212165
0.345592 0.726157
0.646107 0.741447
0.241646 0.633930
0.276467 0.645863
0.766320 0.474013
0.669210 0.284860
0.676443 0.278817
0.246223 0.561235
0.472518 0.214209
0.346446 0.755425
0.568743 0.787103
0.257149 0.333659
0.321665 0.702841
0.245705 0.349010
0.787133 0.441603
0.263009 0.365490
0.361217 0.234077
0.284036 0.671010
0.772118 0.565233
0.749413 0.447096
0.581805 0.768609
0.214698 0.567949
0.777734 0.415967
0.780206 0.535295
0.249001 0.650441
0.726890 0.322764
0.206580 0.444594
0.775719 0.573687
0.247230 0.616047
0.369823 0.285318
0.602618 0.773186
0.317392 0.297678
0.548357 0.241615
0.268197 0.599841
0.759819 0.396100
0.514298 0.787896
0.621662 0.752647
0.349040 0.254494
0.589892 0.758232
0.211585 0.571001
0.703574 0.686453
0.241737 0.549486
0.561754 0.211341
0.549272 0.228126
0.742363 0.628895
0.269265 0.668569
0.777734 0.440016
0.425367 0.776818
0.230720 0.416944
0.251106 0.538224
0.295389 0.346355
0.643971 0.252358
0.371593 0.754326
0.698660 0.718436
0.283731 0.685659
0.429945 0.249580
0.722983 0.655721
0.680868 0.678304
0.691336 0.727470
0.485702 0.792962
0.555345 0.775842
0.391064 0.743370
0.422620 0.772485
0.742332 0.598804
0.389355 0.773888
0.428724 0.224891
0.252480 0.608295
0.770501 0.556139
0.734550 0.652821
0.744438 0.445326
0.267373 0.614704
0.757042 0.532243
0.340556 0.741417
0.651112 0.716941
0.619831 0.767327
0.211249 0.545518
0.248482 0.626667
0.536149 0.758019
0.354930 0.245430
0.352123 0.286966
0.726249 0.310923
0.294443 0.646413
0.383953 0.239692
0.388592 0.242012
0.717643 0.681173
0.776452 0.544206
0.506607 0.798761
0.495560 0.789178
0.293130 0.670125
0.749321 0.427870
0.402081 0.249214
0.699332 0.659749
0.626392 0.228889
0.548051 0.218757
0.396924 0.257057
0.244453 0.531999
0.411084 0.258461
0.663869 0.293283
0.745231 0.664174
0.774285 0.432386
0.384106 0.226875
0.508713 0.224464
0.745567 0.381146
0.674734 0.266732
0.726432 0.342753
0.671316 0.272439
0.373516 0.760674
0.755760 0.635151
0.385266 0.228278
0.409833 0.784936
0.536027 0.774712
0.274972 0.356548
0.795709 0.472793
0.475600 0.770714
0.257424 0.333079
0.675863 0.258950
0.364879 0.767449
0.350414 0.278359
0.485611 0.232856
0.735710 0.323222
0.489273 0.798608
0.369488 0.279733
0.737449 0.627186
0.673910 0.742485
0.787805 0.421369
0.747703 0.648915
0.216132 0.545518
0.444929 0.251564
0.760002 0.528092
0.558428 0.765007
0.421216 0.742210
0.625385 0.238441
0.265542 0.620838
0.741844 0.427961
0.675649 0.706595
0.302042 0.654134
0.252876 0.405591
0.748131 0.439528
0.498215 0.205176
0.686544 0.688803
0.243629 0.384289
0.717521 0.362041
0.602802 0.730552
0.388989 0.256752
0.518723 0.785028
0.774255 0.545274
0.342906 0.261635
0.744102 0.670248
0.543565 0.221625
0.239021 0.453017
0.776940 0.614734
0.598437 0.750816
0.427961 0.746971
0.223914 0.474441
0.292703 0.299112
0.785852 0.579455
0.391430 0.259926
0.561602 0.228004
0.213477 0.503555
0.484573 0.244606
0.590442 0.749290
0.431440 0.244514
0.646565 0.718619
0.328990 0.274056
0.248390 0.363231
0.771050 0.625080
0.248665 0.513352
0.711447 0.314066
0.794977 0.475051
0.248634 0.630299
0.672567 0.728782
0.288827 0.296213
0.221870 0.500931
0.271706 0.332072
0.707266 0.676046
0.396008 0.224799
0.697073 0.323191
0.258339 0.618702
0.289590 0.638203
0.204169 0.545701
0.359935 0.709220
0.373119 0.722953
0.740196 0.346629
0.351878 0.286477
0.756279 0.429060
0.478469 0.206183
0.761254 0.360515
0.501450 0.758232
0.448317 0.778924
0.216712 0.515793
0.765587 0.622608
0.788446 0.500290
0.323038 0.297861
0.756920 0.389782
0.287362 0.676534
0.487289 0.203650
0.383312 0.742393
0.290231 0.345408
0.293588 0.676382
0.326090 0.708731
0.793115 0.489578
0.350352 0.759880
0.365703 0.764153
0.677480 0.295999
0.277200 0.383801
0.238411 0.590228
0.602374 0.761681
0.494369 0.774194
0.741966 0.431593
0.733665 0.329447
0.321390 0.705008
0.357097 0.755791
0.446883 0.231178
0.367779 0.258950
0.579882 0.259590
0.792840 0.498947
0.665304 0.707175
0.534928 0.247597
0.783380 0.467025
0.768548 0.622425
0.203162 0.496750
0.334422 0.696463
0.771294 0.545885
0.773736 0.507889
0.735557 0.657552
0.457076 0.750847
0.467910 0.787042
0.618183 0.775658
0.646962 0.289804
0.707053 0.344798
0.794183 0.547319
0.531846 0.793237
0.694296 0.274911
0.217048 0.562822
0.329417 0.700888
0.288278 0.336741
0.262123 0.366192
0.710776 0.655843
0.671194 0.709037
0.729362 0.334117
0.266915 0.388012
0.371197 0.276193
0.674825 0.723716
0.783746 0.486923
0.321696 0.717460
0.653798 0.715476
0.508133 0.212317
0.606433 0.269509
0.793085 0.520127
0.740898 0.394024
0.706137 0.302469
0.371624 0.739067
0.728690 0.653890
0.344127 0.733329
0.793573 0.526933
0.736747 0.655873
0.793298 0.559435
0.396344 0.224006
0.774560 0.580401
0.235603 0.508347
0.236549 0.572771
0.632313 0.236549
0.247505 0.560259
0.651143 0.756218
0.217689 0.525620
0.621143 0.772729
0.334971 0.292184
0.334544 0.704611
0.759819 0.503250
0.335795 0.690695
0.638783 0.712394
0.603900 0.255257
0.772790 0.602222
0.323740 0.722282
0.696402 0.657552
0.297769 0.315744
0.669057 0.269509
0.258980 0.628529
0.259346 0.406507
0.231788 0.590381
0.268197 0.654469
0.339366 0.717215
0.307871 0.710593
0.523087 0.755119
0.596454 0.765923
0.776727 0.526109
0.255989 0.556261
0.419294 0.247078
0.301279 0.332896
0.253090 0.382824
0.247719 0.599078
0.640614 0.262978
0.557237 0.222968
0.335917 0.263649
0.552416 0.210089
0.389752 0.726768
0.327433 0.735160
0.607868 0.223945
0.674703 0.711875
0.644215 0.728233
0.607990 0.235725
0.787194 0.530198
0.763176 0.465865
0.631886 0.234138
0.410138 0.226356
0.721732 0.659200
0.300363 0.312296
0.669912 0.303964
0.744682 0.615894
0.622822 0.724906
0.564745 0.771111
0.225898 0.558153
0.285592 0.707785
0.348277 0.284768
0.741050 0.614856
0.715018 0.663442
0.637165 0.251930
0.770898 0.423933
0.646321 0.271859
0.602130 0.223884
0.758965 0.460891
0.462661 0.765557
0.782647 0.531022
0.335368 0.255654
0.260506 0.329478
0.392346 0.256081
0.416578 0.788079
0.462325 0.785607
0.779931 0.499832
0.244087 0.518693
0.664571 0.723899
0.661306 0.702078
0.307566 0.721244
0.268685 0.350841
0.487533 0.769158
0.530961 0.768242
0.565722 0.251656
0.282235 0.690573
0.790826 0.523026
0.601245 0.244545
0.651387 0.737266
0.349010 0.279580
0.224219 0.597980
0.601245 0.776818
0.688772 0.313425
0.727958 0.688772
0.452467 0.216712
0.230750 0.521500
0.363720 0.732719
0.693136 0.717704
0.771142 0.626270
0.219062 0.598407
0.473403 0.237800
0.678640 0.298929
0.784204 0.502609
0.613300 0.752464
0.707205 0.650655
0.219092 0.483352
0.497848 0.220038
0.223701 0.610340
0.254982 0.635212
0.765648 0.490219
0.632649 0.258003
0.599353 0.240822
0.783807 0.471389
0.223090 0.402875
0.553087 0.249886
0.600513 0.254585
0.226508 0.395856
0.237495 0.358440
0.405957 0.233375
0.436445 0.244209
0.254921 0.437147
0.464797 0.225776
0.740501 0.385540
0.354320 0.708365
0.703116 0.680776
0.590045 0.234565
0.689230 0.729270
0.317240 0.298746
0.567522 0.229255
0.350169 0.243080
0.207556 0.489731
0.387768 0.724937
0.207007 0.462691
0.302652 0.659413
0.292306 0.693716
0.745415 0.593951
0.589770 0.237434
0.362011 0.273598
0.515915 0.246956
0.622486 0.236732
0.613392 0.251167
0.734153 0.610401
0.579058 0.221137
0.630146 0.742241
0.250526 0.464339
0.385815 0.767144
0.248024 0.394360
0.775475 0.606861
0.757897 0.496384
0.656240 0.294321
0.502243 0.792199
0.511246 0.774712
0.756890 0.532212
0.765496 0.606098
0.706626 0.653310
0.275399 0.335215
0.309854 0.677084
0.626667 0.742973
0.505814 0.768212
0.497238 0.249336
0.243110 0.453322
0.573229 0.237342
0.778130 0.411420
0.749779 0.422376
0.706534 0.314066
0.611530 0.767174
0.223518 0.507340
0.763573 0.623371
0.517411 0.795251
0.253426 0.587970
0.431318 0.774316
0.721366 0.301004
0.757714 0.625874
0.478805 0.762474
0.244942 0.581805
0.512833 0.232704
0.213202 0.573168
0.732963 0.332530
0.384106 0.756706
0.418470 0.757439
0.653188 0.242561
0.311441 0.311777
0.351665 0.718711
0.301889 0.717185
0.234321 0.408032
0.608539 0.753868
0.637379 0.753716
0.467971 0.212561
0.791894 0.568407
0.781121 0.532304
0.364147 0.254982
0.228187 0.615314
0.240669 0.449904
0.712241 0.328593
0.210181 0.429731
0.253578 0.655538
0.513657 0.793329
0.244728 0.419630
0.313028 0.667867
0.298196 0.295663
0.312143 0.310862
0.338176 0.701132
0.218757 0.417402
0.701743 0.351329
0.241768 0.641163
0.276864 0.652791
0.729759 0.692251
0.391949 0.274270
0.442152 0.207190
0.704489 0.644520
0.249672 0.595447
0.233375 0.461043
0.520768 0.763146
0.480331 0.218726
0.256722 0.371410
0.388165 0.759850
0.665639 0.254494
0.777123 0.558367
0.271554 0.678274
0.256417 0.611011
0.673849 0.682211
0.665334 0.698782
0.666463 0.287729
0.350017 0.710410
0.437574 0.220496
0.761650 0.450911
0.581042 0.242042
0.258156 0.574175
0.754479 0.366588
0.248695 0.423811
0.563189 0.226814
0.702750 0.291482
0.786187 0.574725
0.672811 0.303903
0.232917 0.379650
0.442091 0.781549
0.277627 0.322550
0.786859 0.442183
0.618397 0.755455
0.460158 0.249794
0.421857 0.249001
0.721915 0.689718
0.693899 0.722861
0.704611 0.660939
0.223151 0.449843
0.321940 0.713950
0.285928 0.351878
0.769860 0.603809
0.743706 0.615650
0.452834 0.232704
0.231880 0.629048
0.662191 0.709586
0.762413 0.438978
0.453993 0.212775
0.388134 0.759819
0.745750 0.594043
0.506668 0.791711
0.435957 0.753471
0.246040 0.413800
0.238289 0.357402
0.440260 0.253517
0.536149 0.214270
0.300821 0.282662
0.361583 0.729118
0.784906 0.579363
0.267678 0.352458
0.742149 0.398846
0.733268 0.370403
0.242622 0.400464
0.495437 0.237281
0.519364 0.760002
0.703085 0.646901
0.711295 0.711081
0.331278 0.307108
0.253059 0.433851
0.674276 0.289895
0.619861 0.749565
0.492996 0.781060
0.283914 0.345470
0.269875 0.670949
0.704367 0.350322
0.745933 0.389935
0.681845 0.286721
0.432356 0.745170
0.352916 0.720267
0.554155 0.219886
0.772362 0.374828
0.706076 0.345225
0.264412 0.617359
0.523728 0.762749
0.781701 0.478744
0.689199 0.709830
0.592303 0.759606
0.312052 0.665151
0.224311 0.592700
0.659566 0.724601
0.707053 0.329447
0.619984 0.735466
0.546342 0.785882
0.720511 0.367107
0.512009 0.786309
0.531449 0.779931
0.263466 0.392865
0.209632 0.567461
0.253792 0.364544
0.294900 0.702780
0.259468 0.392346
0.770135 0.567675
0.530045 0.208075
0.743645 0.336467
0.222266 0.432020
0.286081 0.306742
0.243416 0.507981
0.529801 0.243934
0.398297 0.772546
0.246071 0.492416
0.524491 0.768090
0.643757 0.714652
0.448744 0.233345
0.628559 0.282815
0.741447 0.433271
0.769311 0.485397
0.659444 0.730308
0.408094 0.215613
0.303537 0.673574
0.771477 0.513016
0.573748 0.212287
0.241585 0.443983
0.777917 0.447920
0.501480 0.774468
0.279000 0.356639
0.291330 0.333628
0.337413 0.277810
0.319468 0.704459
0.504135 0.219428
0.218055 0.594317
0.252022 0.387249
0.704031 0.703269
0.232856 0.453108
0.267586 0.370617
0.788141 0.537370
0.713065 0.310678
0.221595 0.445357
0.728233 0.366344
0.364757 0.259499
0.221992 0.547380
0.232215 0.436476
0.656636 0.703543
0.290872 0.665548
0.272408 0.347789
0.732444 0.671834
0.512894 0.769158
0.774285 0.437025
0.370800 0.752983
0.470382 0.748405
0.286721 0.359447
0.652547 0.736442
0.547380 0.763024
0.239113 0.424177
0.315683 0.699271
0.689871 0.312723
0.263741 0.641102
0.392865 0.729514
0.541246 0.215217
0.689993 0.665761
0.355846 0.732383
0.460646 0.772149
0.639241 0.261696
0.725578 0.645680
0.754997 0.481704
0.687002 0.305490
0.564226 0.752922
0.713462 0.658406
0.681722 0.326579
0.414167 0.213416
0.663961 0.718406
0.614277 0.270699
0.415082 0.239845
0.718925 0.683157
0.404157 0.754234
0.281014 0.649037
0.729881 0.620319
0.412641 0.254646
0.633625 0.744163
0.374950 0.768456
0.349742 0.280984
0.576800 0.221412
0.325419 0.706839
0.746849 0.420698
0.540361 0.227485
0.681936 0.735923
0.559587 0.758934
0.382122 0.738731
0.443007 0.250465
0.727744 0.368328
0.228339 0.452010
0.525040 0.202063
0.697592 0.693930
0.533952 0.789819
0.265877 0.385876
0.606983 0.749687
0.751030 0.527055
0.744743 0.448347
0.771874 0.536607
0.209998 0.457900
0.512192 0.776208
0.343089 0.726218
0.504318 0.249977
0.606525 0.743370
0.270394 0.377819
0.466933 0.789514
0.560747 0.222144
0.651723 0.288553
0.698965 0.308939
0.494095 0.210791
0.799127 0.508591
0.750511 0.473830
0.716300 0.692312
0.401379 0.249123
0.217597 0.420789
0.257698 0.609638
0.240089 0.434950
0.758995 0.416791
0.466170 0.788842
0.663228 0.726249
0.648122 0.717490
0.781854 0.536882
0.238044 0.551592
0.293863 0.663289
0.754875 0.501022
0.430494 0.783135
0.224555 0.511063
0.779870 0.512009
0.410321 0.781518
0.235389 0.629444
0.694540 0.688772
0.740074 0.376995
0.428205 0.254982
0.666585 0.709159
0.354350 0.743889
0.746117 0.442610
0.322611 0.266243
0.719016 0.370952
0.281716 0.367168
0.771661 0.416822
0.493606 0.768853
0.792657 0.476424
0.425825 0.253487
0.397076 0.762139
0.213813 0.540727
0.749138 0.398022
0.246132 0.616565
0.271218 0.396191
0.756218 0.628346
0.711936 0.325236
0.788018 0.562151
0.339793 0.727073
0.232887 0.399487
0.286386 0.648640
0.468062 0.764672
0.701956 0.326701
0.753502 0.355571
0.464095 0.219245
0.562609 0.762139
0.312174 0.278634
0.689871 0.299142
0.695547 0.336955
0.445418 0.754509
0.417005 0.783258
0.640095 0.737724
0.671102 0.311106
0.601733 0.228492
0.508377 0.204596
0.684896 0.698508
0.267190 0.393139
0.305979 0.338542
0.263283 0.650990
0.530686 0.244423
0.580737 0.213385
0.718589 0.366161
0.599780 0.754204
0.719993 0.349193
0.250587 0.343852
0.242317 0.521195
0.708518 0.308786
0.744041 0.669271
0.328379 0.305063
0.792291 0.530869
0.448836 0.762627
0.536180 0.765618
0.561724 0.756005
0.412244 0.779992
0.759545 0.487106
0.590808 0.759362
0.627949 0.754326
0.418165 0.215339
0.225043 0.517289
0.283456 0.374584
0.602588 0.269875
0.518571 0.212653
0.332987 0.294504
0.762230 0.408368
0.537858 0.220710
0.793664 0.520341
0.498184 0.203009
0.280892 0.315439
0.646687 0.715537
0.245064 0.581927
0.290292 0.359355
0.554643 0.749474
0.430311 0.216559
0.739311 0.407025
0.239082 0.510453
0.766411 0.395154
0.261055 0.629933
0.498093 0.769768
0.456343 0.206763
0.379589 0.227241
0.338267 0.277963
0.786920 0.580187
0.315165 0.684744
0.557451 0.770775
0.342814 0.716544
0.728660 0.321512
0.248146 0.406995
0.789483 0.505997
0.249123 0.347819
0.323710 0.298685
0.464980 0.767235
0.399915 0.252297
0.227760 0.415662
0.484176 0.769219
0.384381 0.744957
0.242592 0.615772
0.657765 0.286752
0.784143 0.571001
0.418073 0.226295
0.734123 0.625416
0.418409 0.216102
0.708823 0.329722
0.760491 0.415357
0.738975 0.423750
0.239937 0.608203
0.442000 0.208686
0.635395 0.733238
0.335429 0.296915
0.780480 0.594653
0.234413 0.617206
0.223731 0.398450
0.334239 0.286996
0.261208 0.344768
0.699759 0.663198
0.251045 0.660573
0.766686 0.556932
0.718192 0.306650
0.654500 0.739555
0.316996 0.735862
0.779809 0.464095
0.757744 0.378338
0.226051 0.390942
0.753655 0.648335
0.256447 0.418409
0.691733 0.672475
0.248726 0.448042
0.206153 0.464278
0.602863 0.734428
0.704703 0.684042
0.505295 0.759972
0.441969 0.747459
0.344615 0.255196
0.717368 0.325053
0.788629 0.545976
0.776727 0.574297
0.792047 0.565020
0.263710 0.652058
0.768090 0.407086
0.394879 0.256905
0.491501 0.761498
0.774621 0.428144
0.270119 0.394513
0.224769 0.543931
0.410413 0.784112
0.750603 0.599536
0.622883 0.739402
0.248756 0.607257
0.690970 0.726249
0.523942 0.763848
0.772576 0.541459
0.245796 0.413190
0.673360 0.267281
0.601062 0.237007
0.410260 0.735984
0.458876 0.759362
0.287729 0.664785
0.591632 0.257637
0.252693 0.345775
0.457106 0.749443
0.268563 0.630696
0.741111 0.599170
0.306070 0.290139
0.791375 0.443525
0.663320 0.294687
0.779870 0.441633
0.268807 0.602588
0.498123 0.752586
0.661916 0.730522
0.661733 0.749474
0.694540 0.275399
0.430525 0.236457
0.400433 0.780786
0.208411 0.531602
0.290109 0.691977
0.717399 0.326548
0.456954 0.772393
0.647725 0.278848
0.668600 0.278634
0.306650 0.705924
0.415265 0.739158
0.781121 0.442610
0.668081 0.282754
0.251167 0.377422
0.468215 0.206732
0.467788 0.788873
0.229347 0.487259
0.612934 0.246956
0.372478 0.748344
0.760613 0.362133
0.755181 0.625813
0.249123 0.433912
0.322245 0.318216
0.358074 0.744438
0.589099 0.777886
0.274697 0.373211
0.293222 0.300851
0.297678 0.345470
0.507797 0.772790
0.598682 0.264748
0.292184 0.321970
0.269875 0.648732
0.471175 0.781976
0.758812 0.378216
0.687887 0.670919
0.777306 0.472579
0.388562 0.751396
0.771020 0.444197
0.590228 0.232734
0.253182 0.651112
0.425031 0.762902
0.211402 0.467177
0.523423 0.211646
0.761437 0.600208
0.388073 0.244209
0.215461 0.451857
0.248299 0.447737
0.679678 0.681082
0.794580 0.457045
0.282479 0.370067
0.414319 0.739586
0.380535 0.720267
0.233375 0.529435
0.256783 0.338450
0.685873 0.277444
0.737205 0.628437
0.236000 0.639912
0.665365 0.741966
0.209357 0.484481
0.724876 0.371746
0.550188 0.241005
0.289621 0.330912
0.691122 0.706229
0.731498 0.359630
0.614917 0.752861
0.432020 0.747307
0.553941 0.211707
0.477218 0.223518
0.215308 0.462935
0.297830 0.647877
0.442824 0.250526
0.431288 0.216773
0.277596 0.661672
0.376446 0.719687
0.249153 0.517716
0.226997 0.552416
0.766045 0.497818
0.432875 0.248878
0.683279 0.726402
0.361064 0.722922
0.574114 0.768487
0.652913 0.719504
0.620014 0.730735
0.680990 0.701224
0.256508 0.627003
0.219337 0.570177
0.734764 0.314890
0.490463 0.240547
0.647267 0.736991
0.449477 0.745811
0.373486 0.238350
0.265725 0.338145
0.223243 0.605518
0.285195 0.292398
0.332286 0.313761
0.401257 0.775170
0.210852 0.444807
0.357433 0.725211
0.350780 0.742821
0.213050 0.477035
0.255257 0.369854
0.365673 0.745750
0.615375 0.753807
0.323588 0.294168
0.237709 0.546190
0.744835 0.332774
0.409619 0.235511
0.521897 0.204993
0.700034 0.679403
0.356182 0.240852
0.500748 0.754357
0.238502 0.470077
0.303964 0.328257
0.306192 0.294198
0.524522 0.236518
0.504318 0.207007
0.645802 0.281899
0.287149 0.672903
0.703635 0.654744
0.349803 0.258461
0.245186 0.658284
0.619160 0.250404
0.723960 0.306345
0.749443 0.583911
0.656362 0.705405
0.214789 0.432905
0.790551 0.468123
0.420423 0.784600
0.513016 0.770959
0.244758 0.583422
0.328562 0.732383
0.227027 0.400098
0.235878 0.641011
0.430647 0.787378
0.719077 0.326395
0.681387 0.293680
0.585955 0.241310
0.617023 0.749443
0.261696 0.582141
0.779687 0.499130
0.742119 0.570788
0.631916 0.238624
0.221809 0.567766
0.710349 0.685110
0.337809 0.264534
0.250893 0.569048
0.204657 0.490799
0.743126 0.395520
0.260170 0.607898
0.775170 0.591296
0.611377 0.772790
0.224250 0.563555
0.713797 0.658620
0.644826 0.286813
0.550707 0.747948
0.348766 0.245033
0.546251 0.209571
0.393902 0.229408
0.616840 0.234809
0.662038 0.256661
0.449904 0.254250
0.250740 0.349437
0.438307 0.766655
0.388867 0.267891
0.745994 0.453566
0.760369 0.488174
0.730918 0.341533
0.404889 0.220435
0.433424 0.775933
0.586962 0.779290
0.773003 0.454451
0.233131 0.450728
0.691702 0.671407
0.603839 0.746971
0.684988 0.306864
0.411206 0.759880
0.495743 0.219550
0.775994 0.563860
0.712943 0.707572
0.492904 0.228004
0.710196 0.693167
0.260445 0.625019
0.219794 0.398450
0.750053 0.429456
0.526383 0.782678
0.259163 0.602161
0.356517 0.275582
0.596149 0.759697
0.382122 0.253243
0.249367 0.346141
0.663045 0.253548
0.696249 0.302347
0.288858 0.362255
0.273812 0.333628
0.779687 0.564104
0.525193 0.220466
0.708457 0.359844
0.781335 0.424482
0.693289 0.700949
0.710501 0.301523
0.629810 0.733543
0.218604 0.420179
0.645924 0.722831
0.720786 0.369732
0.681967 0.700125
0.573412 0.240944
0.724296 0.310801
0.418104 0.747276
0.774560 0.447584
0.290872 0.648640
0.436781 0.770379
0.462416 0.243110
0.750603 0.495315
0.439741 0.771691
0.754753 0.574389
0.710471 0.657125
0.430647 0.250160
0.754479 0.401868
0.765862 0.607685
0.619526 0.237068
0.314219 0.711722
0.393719 0.248604
0.306833 0.309732
0.437269 0.746147
0.651418 0.260231
0.680654 0.692038
0.235237 0.469924
0.720176 0.321146
0.593493 0.779412
0.563799 0.232795
0.493179 0.209662
0.692495 0.296701
0.749657 0.376995
0.568224 0.747429
0.394482 0.227058
0.265633 0.408856
0.233314 0.494491
0.234901 0.534959
0.691855 0.693289
0.221229 0.452437
0.778436 0.610767
0.494400 0.765831
0.407514 0.221351
0.626606 0.753868
0.365398 0.749016
0.586627 0.739341
0.409650 0.235603
0.235969 0.629383
0.256569 0.379681
0.757622 0.446028
0.606189 0.775781
0.378033 0.268746
0.486038 0.228156
0.311319 0.674184
0.549516 0.746269
0.232307 0.366131
0.596088 0.777306
0.228431 0.375469
0.333048 0.748131
0.711600 0.312387
0.339579 0.736137
0.534471 0.234169
0.440870 0.210242
0.235389 0.474471
0.492294 0.247536
0.429456 0.744957
0.413984 0.775536
0.254982 0.623768
0.215186 0.432081
0.245216 0.593127
0.778375 0.461776
0.277902 0.315744
0.754570 0.505539
0.247810 0.620502
0.794641 0.468307
0.672689 0.296243
0.433149 0.219428
0.351329 0.746147
0.209754 0.464858
0.426527 0.246834
0.754051 0.569109
0.591998 0.247566
0.458693 0.233741
0.447737 0.220618
0.729026 0.335398
0.783105 0.594012
0.256996 0.611499
0.677236 0.310709
0.499924 0.244453
0.499008 0.226814
0.248451 0.466323
0.391186 0.233680
0.420850 0.217048
0.754814 0.454970
0.755394 0.483474
0.435041 0.254402
0.456740 0.752525
0.237159 0.530351
0.305246 0.673482
0.775018 0.565905
0.759514 0.390820
0.750023 0.375408
0.491989 0.234443
0.748466 0.371349
0.577929 0.255684
0.408734 0.219031
0.716941 0.340037
0.730552 0.325205
0.604938 0.224952
0.642933 0.737297
0.290292 0.355480
0.728965 0.353679
0.638783 0.722373
0.772637 0.544359
0.753166 0.465163
0.506790 0.777825
0.753014 0.487777
0.330882 0.315683
0.446608 0.205298
0.738548 0.368969
0.763695 0.520676
0.433332 0.769829
0.334849 0.257149
0.259407 0.344890
0.622364 0.738884
0.719932 0.702261
0.659352 0.715598
0.443617 0.253517
0.732475 0.680197
0.494064 0.223762
0.349956 0.275613
0.757988 0.432997
0.755058 0.348552
0.585742 0.230934
0.496170 0.784967
0.614521 0.241890
0.301492 0.656178
0.328349 0.261055
0.763298 0.502365
0.329142 0.684042
0.347880 0.300485
0.588855 0.756157
0.576800 0.747551
0.733238 0.651936
0.220893 0.467544
0.662069 0.691946
0.719077 0.679983
0.294076 0.344707
0.622669 0.762261
0.586291 0.756371
0.499710 0.210669
0.368084 0.280801
0.795343 0.468276
0.640095 0.759789
0.221747 0.502640
0.760857 0.484512
0.691366 0.330454
0.436323 0.219306
0.718375 0.311075
0.604846 0.219123
0.588427 0.748680
0.639576 0.269295
0.446608 0.246864
0.782861 0.587695
0.345592 0.697439
0.712973 0.294046
0.245857 0.422529
0.337230 0.260628
0.261422 0.322092
0.664998 0.310160
0.524369 0.238105
0.573229 0.226478
0.304971 0.701254
0.230903 0.554277
0.411786 0.234931
0.772271 0.613453
0.783715 0.546983
0.228431 0.569475
0.650746 0.252022
0.524888 0.202124
0.770653 0.389019
0.667104 0.688681
0.664632 0.301584
0.685202 0.282113
0.749535 0.442885
0.753838 0.372234
0.722556 0.665090
0.751823 0.336985
0.258065 0.322825
0.451582 0.247932
0.759972 0.366253
0.583148 0.255715
0.380352 0.227424
0.239723 0.508621
0.452132 0.228889
0.730308 0.377941
0.222694 0.499802
0.705008 0.343669
0.766442 0.515519
0.785760 0.427442
0.259835 0.652455
0.762139 0.480148
0.751305 0.417219
0.323405 0.293558
0.575518 0.245735
0.682272 0.717948
0.473708 0.752159
0.253670 0.545396
0.554003 0.786737
0.667196 0.289285
0.278359 0.667806
0.274361 0.309397
0.664663 0.250740
0.606128 0.770043
0.694510 0.664144
0.320048 0.324900
0.289438 0.680593
0.456160 0.787164
0.438185 0.786981
0.478256 0.750511
0.317057 0.679373
0.316050 0.270333
0.451521 0.243233
0.504013 0.220405
0.246956 0.388440
0.291940 0.287790
0.493027 0.770745
0.674795 0.714866
0.302988 0.671468
0.554613 0.228156
0.555437 0.212500
0.533677 0.762780
0.780175 0.395734
0.298990 0.296731
0.485702 0.787072
0.573626 0.750938
0.282205 0.628437
0.759331 0.593921
0.383862 0.741997
0.640400 0.280190
0.725455 0.663717
0.238594 0.477340
0.635670 0.246529
0.608020 0.771630
0.753563 0.547502
0.698325 0.286325
0.781945 0.546312
0.319742 0.676443
0.761773 0.645222
0.270272 0.335337
0.377331 0.766076
0.337687 0.701559
0.225867 0.510331
0.766289 0.525651
0.206214 0.506638
0.372997 0.761711
0.757347 0.440962
0.782250 0.492965
0.492416 0.221809
0.308237 0.682302
0.475173 0.206824
0.533280 0.760979
0.639973 0.279275
0.691855 0.308542
0.520310 0.760369
0.708090 0.349132
0.473189 0.201514
0.480270 0.236824
0.226844 0.492294
0.232093 0.499619
0.719199 0.354839
0.203467 0.493362
0.768853 0.489273
0.638173 0.727744
0.352397 0.717368
0.254463 0.362743
0.759423 0.536607
0.744255 0.608722
0.240364 0.355693
0.442457 0.220313
0.394360 0.260933
0.361614 0.284982
0.532182 0.792596
0.224647 0.457198
0.713828 0.299478
0.630024 0.263955
0.438002 0.238960
0.416059 0.746910
0.685202 0.733665
0.530808 0.213507
0.300485 0.332438
0.322581 0.291299
0.254707 0.619892
0.243629 0.349956
0.339335 0.732871
0.683401 0.298563
0.639790 0.281411
0.745140 0.599109
0.603931 0.257241
0.272469 0.667104
0.242042 0.631581
0.275887 0.615741
0.737938 0.385510
0.245460 0.404828
0.771172 0.488205
0.278024 0.319742
0.559557 0.791772
0.533403 0.759453
0.728416 0.669057
0.629475 0.279733
0.784967 0.548173
0.714988 0.324351
0.375530 0.750328
0.221900 0.475417
0.303140 0.717856
0.238472 0.464187
0.694967 0.723197
0.568102 0.752251
0.757988 0.634358
0.278512 0.697897
0.654683 0.301248
0.254707 0.553575
0.763207 0.488876
0.471358 0.236946
0.266274 0.360363
0.358623 0.721000
0.344646 0.715384
0.272317 0.672262
0.666829 0.743767
0.314280 0.684194
0.754753 0.507950
0.658437 0.280984
0.233161 0.433363
0.583544 0.778893
0.586413 0.251198
0.428907 0.221198
0.452406 0.241676
0.760277 0.470412
0.657888 0.261788
0.781518 0.556658
0.661092 0.718589
0.304575 0.726951
0.703513 0.326579
0.225410 0.458693
0.687429 0.667867
0.331156 0.269784
0.650166 0.262215
0.509079 0.781060
0.245247 0.537950
0.751488 0.353160
0.262551 0.610828
0.752953 0.655873
0.265419 0.410321
0.743065 0.655171
0.353008 0.733604
0.220405 0.554765
0.623280 0.760979
0.548814 0.759697
0.289651 0.363964
0.283120 0.680960
0.240272 0.508347
0.688040 0.686422
0.769280 0.390027
0.506149 0.781976
0.373791 0.253853
0.536149 0.234230
0.649678 0.278878
0.285195 0.297800
0.784143 0.502213
0.372021 0.276376
0.260537 0.602374
0.751213 0.561388
0.638325 0.278420
0.387463 0.242042
0.668996 0.282785
0.655599 0.739982
0.229926 0.627613
0.251930 0.368511
0.660268 0.736503
0.363353 0.731162
0.286294 0.680929
0.241127 0.562273
0.609577 0.250252
0.284402 0.321940
0.408032 0.256417
0.323038 0.707846
0.402692 0.740959
0.659902 0.263833
0.213324 0.439772
0.225013 0.486526
0.759697 0.390301
0.280587 0.337321
0.269753 0.310648
0.419874 0.227454
0.256935 0.612201
0.209754 0.493698
0.620045 0.242592
0.697867 0.700247
0.760979 0.436750
0.681814 0.695151
0.775018 0.450209
0.684866 0.272103
0.479324 0.249977
0.291971 0.640828
0.375042 0.250740
0.686850 0.290933
0.255043 0.586108
0.787500 0.501572
0.212500 0.461287
0.671346 0.715934
0.735893 0.336711
0.252968 0.384899
0.272408 0.377117
0.472976 0.221534
0.281503 0.632282
0.265511 0.662221
0.352947 0.276620
0.291391 0.678304
0.768975 0.571551
0.272103 0.628468
0.715506 0.303629
0.330302 0.282723
0.375988 0.739586
0.357097 0.280374
0.237373 0.489181
0.538255 0.216132
0.452071 0.220222
0.262764 0.344279
0.314035 0.688284
0.733970 0.659078
0.241676 0.513199
0.731376 0.311899
0.278481 0.624897
0.637806 0.749840
0.492782 0.788324
0.492080 0.231880
0.237526 0.615345
0.727775 0.362163
0.222663 0.430372
0.605060 0.776543
0.266945 0.316202
0.437422 0.764763
0.534532 0.211676
0.240699 0.490097
0.408856 0.780023
0.607990 0.728935
0.720054 0.701376
0.784478 0.437147
0.624439 0.276833
0.347575 0.725455
0.648305 0.737907
0.426283 0.244240
0.695578 0.697012
0.582293 0.255470
0.637867 0.242225
0.762505 0.441572
0.542619 0.228004
0.348949 0.270791
0.316202 0.679556
0.487014 0.788965
0.326640 0.296548
0.390728 0.746971
0.223395 0.572130
0.451155 0.760643
0.584948 0.751732
0.279458 0.300302
0.234443 0.388379
0.765343 0.518418
0.758080 0.369152
0.774255 0.534104
0.261147 0.679495
0.336711 0.276803
0.683218 0.279214
0.372295 0.767266
0.767693 0.419630
0.289132 0.688101
0.610034 0.238350
0.247780 0.524339
0.578143 0.752251
0.685171 0.272378
0.525498 0.777551
0.534898 0.768059
0.246223 0.607013
0.356151 0.751701
0.279672 0.381207
0.556871 0.777459
0.250069 0.470229
0.226844 0.420972
0.446059 0.794031
0.243660 0.624775
0.229255 0.482467
0.594348 0.733726
0.334971 0.253883
0.334239 0.275033
0.265084 0.628376
0.655538 0.244240
0.789361 0.531358
0.778222 0.550188
0.771752 0.541429
0.641438 0.725974
0.755364 0.401685
0.761132 0.625263
0.567980 0.241310
0.225227 0.389233
0.760033 0.439650
0.248115 0.385907
0.759850 0.427534
0.439863 0.243110
0.591082 0.741600
0.297006 0.660573
0.793970 0.517136
0.759697 0.383068
0.476363 0.236366
0.252235 0.338878
0.346690 0.265633
0.772759 0.390301
0.645863 0.712851
0.227790 0.404096
0.213202 0.571764
0.592822 0.770348
0.657704 0.712851
0.744072 0.598956
0.681112 0.314310
0.664235 0.696951
0.339274 0.298441
0.310038 0.290994
0.636433 0.235572
0.380108 0.770409
0.286599 0.645039
0.237373 0.456984
0.588458 0.256325
0.780755 0.471725
0.411512 0.779962
0.279580 0.667959
0.266701 0.363872
0.286386 0.696585
0.600604 0.751549
0.610828 0.271126
0.693716 0.301706
0.529710 0.208594
0.351482 0.760247
0.315989 0.301981
0.441267 0.766747
0.465499 0.203009
0.259407 0.326823
0.758965 0.358928
0.666066 0.701590
0.705222 0.351024
0.272439 0.329508
0.695181 0.331706
0.425855 0.741111
0.675771 0.710593
0.335124 0.297891
0.635609 0.731529
0.269021 0.349071
0.764336 0.481368
0.561235 0.229530
0.590930 0.218513
0.764763 0.459181
0.267830 0.636891
0.422681 0.768609
0.774346 0.458480
0.519456 0.213202
0.252876 0.444655
0.767113 0.562853
0.211158 0.515091
0.370922 0.282266
0.240974 0.536546
0.325175 0.680685
0.762688 0.607196
0.324961 0.290567
0.673788 0.713736
0.338054 0.303934
0.443983 0.215888
0.212622 0.569750
0.702689 0.695944
0.418134 0.774071
0.587695 0.752098
0.538285 0.766198
0.270119 0.647969
0.373913 0.266305
0.499069 0.238502
0.210456 0.485458
0.268960 0.385815
0.594043 0.755272
0.547349 0.755425
0.544816 0.216437
0.224555 0.516556
0.782617 0.583514
0.744011 0.366527
0.500198 0.222449
0.714438 0.648762
0.314219 0.321482
0.360271 0.263344
0.585955 0.769311
0.224799 0.431776
0.782556 0.529527
0.247566 0.645619
0.588763 0.784509
0.613941 0.758477
0.212653 0.542497
0.429304 0.208563
0.386517 0.265999
0.760308 0.439863
0.751274 0.606189
0.491653 0.215186
0.248817 0.416730
0.338237 0.285897
0.301218 0.709250
0.659200 0.300516
0.680746 0.699332
0.742882 0.404767
0.591723 0.223762
0.518845 0.211646
0.370891 0.255287
0.623737 0.750847
0.249489 0.586169
0.670583 0.687796
0.249550 0.375347
0.258736 0.340037
0.360820 0.268166
0.631520 0.245064
0.604022 0.238075
0.385205 0.763909
0.303537 0.278237
0.770379 0.627857
0.784997 0.502152
0.590167 0.772759
0.355571 0.288247
0.257729 0.597003
0.258278 0.347026
0.453230 0.795648
0.610614 0.258827
0.663564 0.249123
0.559771 0.228248
0.412793 0.752922
0.619861 0.247261
0.786035 0.422590
0.640095 0.267434
0.349223 0.276711
0.470199 0.230415
0.443312 0.217139
0.300150 0.692312
0.425611 0.235542
0.212287 0.538408
0.650624 0.244942
0.223060 0.532029
0.758934 0.385449
0.306436 0.310404
0.607868 0.765740
0.680868 0.309641
0.524461 0.208136
0.573778 0.245247
0.601825 0.758843
0.755974 0.484848
0.675619 0.266030
0.368480 0.267708
0.646138 0.291452
0.323405 0.305826
0.479843 0.215094
0.227760 0.487045
0.588366 0.769066
0.293924 0.340159
0.244636 0.639210
0.730796 0.401868
0.545732 0.756310
0.609943 0.753685
0.495926 0.766106
0.281411 0.305826
0.210486 0.550493
0.755791 0.521134
0.315561 0.675680
0.398785 0.741661
0.585162 0.232093
0.217597 0.447157
0.765404 0.591937
0.690847 0.680563
0.754021 0.477279
0.751946 0.635060
0.278512 0.344218
0.666768 0.710166
0.250496 0.650807
0.594897 0.733085
0.578265 0.247505
0.741661 0.588061
0.391064 0.234504
0.298990 0.664296
0.684133 0.701834
0.309732 0.690664
0.251534 0.638813
0.731346 0.678640
0.334330 0.277841
0.354106 0.275521
0.788842 0.473434
0.591723 0.223273
0.499863 0.796442
0.465651 0.242683
0.597766 0.216956
0.773888 0.512345
0.423872 0.757256
0.234230 0.505417
0.662587 0.714896
0.466079 0.753777
0.255684 0.427564
0.275948 0.368664
0.714469 0.680929
0.240028 0.457930
0.314951 0.680288
0.703696 0.280709
0.353801 0.758415
0.768151 0.527055
0.456771 0.219642
0.760002 0.361339
0.246101 0.498978
0.213080 0.567064
0.279275 0.335215
0.253792 0.544481
0.237098 0.591388
0.463271 0.237739
0.680990 0.303171
0.458449 0.207465
0.292184 0.690603
0.540666 0.793420
0.267525 0.637440
0.633320 0.766808
0.768761 0.578478
0.529832 0.760369
0.458510 0.209693
0.412000 0.259194
0.789056 0.453749
0.753410 0.472640
0.473434 0.234291
0.788507 0.501877
0.768975 0.593951
0.649251 0.730766
0.497269 0.797845
0.676595 0.301004
0.745476 0.603107
0.360698 0.763604
0.278146 0.314066
0.497940 0.786279
0.760552 0.551256
0.217383 0.484817
0.223060 0.409375
0.552599 0.227180
0.756279 0.615436
0.667867 0.253243
0.376965 0.256203
0.232185 0.577136
0.551103 0.786706
0.284799 0.708304
0.515824 0.250496
0.789972 0.499222
0.214301 0.563311
0.260689 0.396191
0.772301 0.384045
0.754631 0.438368
0.735771 0.398999
0.564562 0.222236
0.773766 0.384716
0.586901 0.233161
0.284371 0.644368
0.366741 0.764855
0.441237 0.223914
0.251717 0.434370
0.330332 0.693625
0.315897 0.696585
0.642720 0.280618
0.773095 0.621784
0.467299 0.780969
0.777429 0.529069
0.576006 0.230262
0.548265 0.755516
0.777978 0.402417
0.246437 0.363842
0.278665 0.314493
0.591662 0.778741
0.474075 0.239082
0.250740 0.546098
0.210944 0.566118
0.234596 0.564623
0.242073 0.652547
0.529191 0.237861
0.224830 0.425733
0.779138 0.545976
0.559862 0.228339
0.255135 0.670858
0.408399 0.776238
0.751091 0.555742
0.256203 0.633076
0.587695 0.231941
0.332865 0.297128
0.584704 0.758995
0.417249 0.737632
0.780786 0.447249
0.774316 0.589068
0.513718 0.772179
0.677633 0.260537
0.463485 0.247810
0.667745 0.298502
0.247536 0.467940
0.772485 0.497543
0.617176 0.271950
0.273751 0.360179
0.690573 0.297311
0.248543 0.442427
0.478286 0.768181
0.314859 0.688864
0.417096 0.218177
0.726249 0.374889
0.695059 0.314463
0.236427 0.534928
0.294107 0.282388
0.272897 0.695273
0.377361 0.734642
0.436995 0.779687
0.767693 0.540147
0.483627 0.246620
0.777978 0.581652
0.444868 0.251747
0.216956 0.476638
0.240699 0.524033
0.705008 0.307108
0.545183 0.790643
0.220435 0.543016
0.330821 0.265297
0.220527 0.462600
0.691946 0.281075
0.761467 0.571306
0.570879 0.788110
0.281686 0.637654
0.430952 0.756645
0.494552 0.756096
0.381176 0.724601
0.612720 0.751091
0.544298 0.796503
0.583666 0.757256
0.716269 0.649556
0.779717 0.456984
0.728050 0.357189
0.793390 0.492813
0.662801 0.275460
0.466872 0.223334
0.735740 0.391125
0.474532 0.219245
0.391095 0.249275
0.575610 0.740806
0.759667 0.571062
0.220222 0.577868
0.697439 0.677267
0.397015 0.234413
0.639393 0.726920
0.761834 0.487381
0.679434 0.264473
0.246590 0.348827
0.549425 0.752190
0.688803 0.726188
0.248115 0.568957
0.442183 0.786401
0.363506 0.756493
0.777001 0.611927
0.301798 0.690054
0.315378 0.681936
0.345805 0.730064
0.278695 0.352275
0.604297 0.270302
0.514176 0.212439
0.235145 0.360759
0.221686 0.595538
0.413648 0.783654
0.419263 0.256386
0.771050 0.621296
0.702658 0.681936
0.743950 0.363659
0.762810 0.486709
0.708609 0.645192
0.542100 0.752586
0.289499 0.349223
0.765862 0.637715
0.670888 0.307352
0.203650 0.458510
0.758599 0.417676
0.504471 0.211035
0.275826 0.658437
0.621998 0.748222
0.381542 0.741874
0.409223 0.778344
0.755913 0.631611
0.275521 0.358226
0.560961 0.775079
0.746178 0.404798
0.472213 0.209967
0.522629 0.245338
0.576769 0.238777
0.218543 0.595325
0.665853 0.288278
0.525559 0.206610
0.766167 0.367046
0.436445 0.775567
0.458022 0.752159
0.264748 0.335002
0.316080 0.721946
0.724235 0.620808
0.618488 0.262123
0.471786 0.762719
0.643239 0.269509
0.589251 0.251625
0.771569 0.588610
0.350841 0.278787
0.241768 0.526078
0.428694 0.213477
0.775536 0.477401
0.536210 0.207251
0.464370 0.796228
0.666494 0.266305
0.259713 0.639637
0.778954 0.463790
0.777429 0.528886
0.342326 0.289010
0.320658 0.296182
0.712302 0.702811
0.766778 0.535234
0.653859 0.278420
0.388836 0.263131
0.755364 0.479232
0.309885 0.675924
0.694723 0.337596
0.631977 0.739616
0.759545 0.387524
0.665609 0.725883
0.259682 0.351024
0.594104 0.734886
0.300180 0.722129
0.481124 0.767022
0.772423 0.478225
0.718925 0.307566
0.320017 0.704733
0.645405 0.239204
0.209204 0.428694
0.713065 0.300058
0.232582 0.526780
0.373730 0.747642
0.760094 0.449110
0.659017 0.721305
0.729087 0.334513
0.248787 0.443617
0.733360 0.395520
0.450545 0.745354
0.689627 0.274789
0.237709 0.385937
0.653035 0.297464
0.328196 0.314585
0.711020 0.713218
0.263802 0.398663
0.770318 0.413953
0.457015 0.765557
0.679312 0.737449
0.267678 0.344523
0.271249 0.323069
0.763817 0.448836
0.377300 0.259682
0.453505 0.786218
0.588366 0.221168
0.251442 0.433912
0.491562 0.777032
0.762169 0.636372
0.615925 0.756462
0.742271 0.566057
0.732353 0.352458
0.277291 0.382427
0.218574 0.428755
0.222663 0.461074
0.347697 0.755364
0.484725 0.219520
0.678182 0.288644
0.271035 0.651692
0.260781 0.392468
0.338298 0.728751
0.525163 0.763390
0.768853 0.396008
0.779443 0.558824
0.439070 0.759789
0.201971 0.489731
0.460891 0.246376
0.509232 0.778680
0.211097 0.555193
0.732475 0.685171
0.447584 0.228156
0.358592 0.708335
0.235267 0.530442
0.393292 0.740654
0.560900 0.231544
0.756951 0.463729
0.340739 0.275582
0.599139 0.267220
0.527055 0.230659
0.629688 0.280709
0.555895 0.220405
0.330760 0.312540
0.744957 0.553789
0.704581 0.322855
0.510361 0.794397
0.321299 0.268807
0.782403 0.545549
0.247902 0.368297
0.251961 0.362163
0.388501 0.738365
0.771111 0.457808
0.680563 0.318491
0.542314 0.773827
0.727592 0.662069
0.499313 0.780236
0.584521 0.746696
0.773980 0.590106
0.567522 0.224097
0.733573 0.634754
0.208045 0.510117
0.702078 0.650929
0.422987 0.210730
0.249916 0.365032
0.224281 0.448317
0.746086 0.599963
0.495499 0.207099
0.232612 0.418439
0.325236 0.284860
0.541765 0.771477
0.216437 0.476119
0.531571 0.229041
0.788873 0.490860
0.656331 0.718284
0.225806 0.532670
0.399945 0.735099
0.705679 0.302927
0.619800 0.766747
0.707266 0.696097
0.586901 0.780999
0.281289 0.325816
0.746086 0.400861
0.540391 0.764916
0.711081 0.657552
0.506485 0.214667
0.295999 0.333384
0.349620 0.740196
0.455000 0.229408
0.216529 0.546251
0.534165 0.770165
0.786431 0.545854
0.254280 0.436201
0.749596 0.413800
0.761101 0.355144
0.693686 0.332194
0.596728 0.231086
0.700186 0.721885
0.599994 0.759880
0.223457 0.572710
0.277627 0.384869
0.329051 0.257576
0.212867 0.545763
0.783898 0.477584
0.606769 0.779290
0.336406 0.272408
0.785058 0.593066
0.654256 0.278054
0.371838 0.245338
0.431196 0.754936
0.739189 0.622517
0.252693 0.605731
0.226753 0.433790
0.679922 0.735130
0.269692 0.666585
0.241768 0.610492
0.292337 0.679006
0.297159 0.304636
0.305124 0.304880
0.752556 0.346263
0.721793 0.669668
0.361156 0.760765
0.265908 0.643086
0.256996 0.425428
0.457595 0.756096
0.640706 0.262581
0.567278 0.755303
0.222297 0.391705
0.235755 0.599536
0.717490 0.675893
0.724265 0.677358
0.520737 0.781854
0.385022 0.254738
0.243385 0.403851
0.508255 0.249886
0.768120 0.428236
0.764214 0.512131
0.753685 0.392956
0.433882 0.241554
0.730827 0.349712
0.225410 0.439985
0.659322 0.251167
0.267830 0.320322
0.440779 0.792108
0.604907 0.733695
0.662954 0.286538
0.430311 0.790765
0.356029 0.748802
0.595752 0.758354
0.259072 0.408094
0.694205 0.284066
0.225288 0.433943
0.741844 0.598560
0.458052 0.211249
0.235572 0.604297
0.442427 0.751946
0.666097 0.286996
0.403424 0.258187
0.233924 0.470626
0.489578 0.230934
0.413892 0.254585
0.662496 0.288766
0.312265 0.722404
0.670705 0.704581
0.757866 0.646443
0.369732 0.271767
0.753044 0.500381
0.739586 0.382122
0.670309 0.724754
0.264443 0.396680
0.469466 0.225013
0.761589 0.425886
0.252937 0.368633
0.406232 0.231910
0.760002 0.606494
0.312845 0.297220
0.442610 0.766747
0.221534 0.429273
0.547502 0.792077
0.421613 0.228980
0.273629 0.638813
0.778222 0.418622
0.758415 0.488388
0.722221 0.630665
0.553331 0.208777
0.264473 0.631062
0.747551 0.594928
0.651570 0.286111
0.227210 0.386151
0.313822 0.273934
0.417005 0.771264
0.384960 0.752373
0.319071 0.674459
0.535173 0.797906
0.207434 0.494217
0.705039 0.287301
0.388775 0.751213
0.520463 0.757714
0.400952 0.255074
0.292764 0.296884
0.228156 0.519242
0.230232 0.523057
0.231300 0.415998
0.345927 0.709098
0.784387 0.465926
0.421369 0.778497
0.763207 0.496475
0.585894 0.240547
0.738762 0.575060
0.213630 0.583636
0.240181 0.421369
0.780633 0.412000
0.249336 0.392682
0.415448 0.226569
0.211463 0.550249
0.777673 0.530931
0.246162 0.633839
0.508896 0.757073
0.748741 0.658956
0.256325 0.619831
0.560930 0.239753
0.351085 0.297617
0.782983 0.572832
0.673605 0.692434
0.663106 0.262185
0.759117 0.475448
0.715812 0.334422
0.766594 0.370373
0.441328 0.245186
0.444624 0.762658
0.291299 0.650960
0.285165 0.675253
0.675344 0.692801
0.793970 0.524216
0.618061 0.771630
0.541002 0.791589
0.749046 0.601642
0.568743 0.253700
0.764611 0.519944
0.313120 0.279763
0.529984 0.755882
0.332621 0.254952
0.367870 0.716239
0.227577 0.377361
0.581469 0.244850
0.637562 0.251595
0.211371 0.526780
0.317362 0.737236
0.479934 0.751976
0.228675 0.519639
0.755638 0.429395
0.290719 0.687338
0.769372 0.562365
0.231513 0.409375
0.771630 0.522172
0.376751 0.721946
0.517411 0.202216
0.549211 0.746086
0.210395 0.433424
0.245247 0.475265
0.241951 0.539293
0.747398 0.459944
0.547929 0.770745
0.232093 0.513596
0.688101 0.706595
0.249611 0.576159
0.306467 0.315806
0.233863 0.522843
0.667501 0.686697
0.599506 0.758263
0.703513 0.309732
0.687887 0.704428
0.795068 0.492325
0.663259 0.724052
0.428327 0.242988
0.336558 0.280679
0.247688 0.359416
0.755882 0.645802
0.478256 0.235359
0.218818 0.529679
0.538194 0.766900
0.600055 0.217597
0.534715 0.250862
0.207007 0.446669
0.744316 0.589740
0.615955 0.264351
0.259621 0.419935
0.542100 0.782159
0.224677 0.507859
0.489975 0.751396
0.538041 0.248390
0.706290 0.709830
0.771416 0.462233
0.499680 0.794610
0.600574 0.761376
0.327464 0.277261
0.754845 0.534837
0.722098 0.303385
0.323496 0.718986
0.321848 0.297983
0.779046 0.468032
0.677999 0.692770
0.331339 0.282052
0.438826 0.256966
0.344462 0.725578
0.683340 0.685507
0.404309 0.783776
0.285104 0.321879
0.267037 0.387768
0.252083 0.445845
0.427747 0.759758
0.305307 0.314310
0.620441 0.741691
0.478713 0.214667
0.370983 0.231452
0.585894 0.761528
0.520249 0.775750
0.536485 0.225929
0.282937 0.660634
0.362102 0.728050
0.261971 0.586779
0.432264 0.790765
0.763085 0.428480
0.654530 0.280831
0.572802 0.789758
0.275399 0.317667
0.746788 0.593951
0.781457 0.454634
0.460738 0.779077
0.395978 0.238044
0.510208 0.207007
0.512040 0.208441
0.366710 0.753166
0.254341 0.444655
0.534410 0.763756
0.215491 0.469710
0.272713 0.366985
0.692373 0.280648
0.646504 0.296548
0.269112 0.384228
0.445814 0.781518
0.393902 0.239937
0.245399 0.383251
0.553545 0.254433
0.482101 0.797571
0.588336 0.214728
0.469314 0.246406
0.730430 0.674459
0.395093 0.764214
0.660665 0.258065
0.638417 0.748772
0.209998 0.532090
0.518571 0.248939
0.699881 0.681021
0.570910 0.766167
0.675069 0.264779
0.408979 0.243446
0.229957 0.597522
0.244881 0.430494
0.695761 0.693075
0.272378 0.693777
0.321268 0.683737
0.460952 0.212439
0.647847 0.753807
0.655141 0.247444
0.657949 0.751122
0.751915 0.511277
0.674123 0.258614
0.290139 0.710593
0.552355 0.748527
0.767510 0.564501
0.262123 0.628040
0.207129 0.479049
0.285287 0.297708
0.291543 0.663717
0.323405 0.723533
0.773675 0.409040
0.270119 0.598376
0.252663 0.397473
0.538926 0.212531
0.292917 0.700705
0.416486 0.242012
0.618824 0.236396
0.514756 0.787255
0.762749 0.626026
0.746483 0.440626
0.428877 0.789300
0.739494 0.670339
0.220832 0.451765
0.714042 0.678091
0.253822 0.591845
0.462203 0.775933
0.365856 0.723655
0.303568 0.670675
0.786340 0.576312
0.229652 0.441481
0.648091 0.255928
0.706107 0.352672
0.575915 0.749565
0.685049 0.683767
0.783532 0.570055
0.271035 0.313913
0.260475 0.605457
0.692984 0.683615
0.448439 0.232948
0.741264 0.331523
0.263955 0.391308
0.577654 0.259835
0.690786 0.268899
0.244728 0.413465
0.685812 0.316568
0.430586 0.765709
0.726493 0.622333
0.402875 0.230659
0.420240 0.248207
0.740318 0.351787
0.676504 0.319437
0.758843 0.495346
0.231971 0.631031
0.742515 0.344340
0.726554 0.686911
0.655446 0.741081
0.763817 0.550920
0.319102 0.270577
0.601276 0.221595
0.279580 0.335490
0.302408 0.707053
0.743278 0.399854
0.222541 0.555010
0.354045 0.245796
0.628193 0.727744
0.532945 0.239814
0.759789 0.578143
0.337901 0.279885
0.647603 0.290323
0.580126 0.755455
0.731712 0.375286
0.313578 0.312326
0.791375 0.479049
0.265542 0.332347
0.233161 0.428999
0.293069 0.348064
0.271828 0.312387
0.289865 0.636158
0.766167 0.383648
0.722007 0.659871
0.529221 0.227088
0.334971 0.291299
0.666250 0.254799
0.718375 0.316660
0.530595 0.231269
0.748802 0.636830
0.789117 0.504379
0.609729 0.732017
0.720542 0.635548
0.649983 0.270272
0.226630 0.413190
0.340892 0.705618
0.593860 0.777886
0.226844 0.592517
0.584948 0.736625
0.246712 0.557848
0.760247 0.378704
0.720450 0.630207
0.296487 0.662282
0.515030 0.777886
0.451033 0.790185
0.268899 0.367046
0.580920 0.749962
0.459609 0.230598
0.564867 0.767022
0.762810 0.430738
0.777062 0.437117
0.717063 0.699118
0.614093 0.748466
0.749657 0.575884
0.256783 0.581286
0.280709 0.693686
0.696432 0.693258
0.613636 0.256264
0.217078 0.411115
0.202612 0.515305
0.782403 0.459761
0.751549 0.390088
0.293741 0.307382
0.263405 0.401654
0.245613 0.385815
0.660482 0.727042
0.779168 0.406812
0.227577 0.406079
0.779168 0.524277
0.626148 0.755943
0.646901 0.707755
0.722465 0.680532
0.760430 0.576006
0.720573 0.686422
0.475509 0.763176
0.761925 0.611255
0.370434 0.737449
0.731895 0.406323
0.370464 0.258156
0.791009 0.456008
0.771935 0.407910
0.723380 0.694205
0.337596 0.750267
0.375378 0.747276
0.675893 0.713614
0.253212 0.617267
0.635640 0.255226
0.695212 0.719565
0.281686 0.659627
0.770379 0.407453
0.318979 0.264931
0.522111 0.242042
0.745994 0.420728
0.258278 0.593707
0.327403 0.278878
0.364483 0.288247
0.370891 0.243233
0.454237 0.787622
0.233833 0.374584
0.724540 0.689108
0.520493 0.790979
0.435926 0.784021
0.580248 0.747948
0.466903 0.221290
0.789026 0.522324
0.361126 0.258431
0.521836 0.789850
0.223670 0.604511
0.794092 0.510147
0.366131 0.276284
0.677694 0.312174
0.638722 0.248512
0.547197 0.207526
0.766076 0.533372
0.230537 0.624592
0.504105 0.237037
0.613025 0.772088
0.653920 0.705161
0.290109 0.292306
0.527268 0.768944
0.393689 0.758812
0.790460 0.447310
0.477432 0.785089
0.559313 0.243965
0.763085 0.419050
0.605640 0.763421
0.437971 0.773644
0.721915 0.322550
0.744987 0.565722
0.769372 0.532212
0.465773 0.757958
0.721549 0.324076
0.556810 0.761284
0.496292 0.244148
0.417493 0.770196
0.782281 0.465773
0.336711 0.713095
0.283029 0.687002
0.431501 0.744011
0.285440 0.633442
0.226966 0.447462
0.541765 0.213813
0.315867 0.318155
0.587725 0.759239
0.250343 0.631184
0.467666 0.749565
0.338267 0.272988
0.735923 0.369488
0.573290 0.225837
0.478774 0.223182
0.579974 0.743858
0.670125 0.298776
0.205634 0.532701
0.298563 0.677358
0.259438 0.615345
0.383892 0.764885
0.761498 0.502121
0.418073 0.247139
0.331309 0.747398
0.602557 0.251442
0.292337 0.714713
0.751732 0.662832
0.345225 0.713279
0.787866 0.564745
0.607318 0.743980
0.634144 0.287271
0.223762 0.403577
0.239540 0.547655
0.709372 0.661092
0.570849 0.218604
0.368206 0.272988
0.234382 0.568926
0.531785 0.205115
0.581256 0.223701
0.295816 0.353252
0.762505 0.460982
0.267953 0.358623
0.283273 0.668752
0.321299 0.727958
0.330210 0.688711
0.398480 0.772423
0.670186 0.740257
0.445387 0.768578
0.414930 0.236793
0.670522 0.255318
0.287301 0.633015
0.519150 0.763878
0.252510 0.556200
0.785882 0.424390
0.508072 0.751427
0.639393 0.733726
0.541581 0.248390
0.340434 0.255135
0.314859 0.312967
0.325877 0.715476
0.721580 0.689871
0.642018 0.238807
0.267312 0.650227
0.795801 0.486892
0.288583 0.360942
0.219733 0.457350
0.590991 0.733268
0.223914 0.449049
0.363475 0.760674
0.760796 0.617267
0.326670 0.273843
0.588183 0.225593
0.671041 0.288400
0.437178 0.756066
0.501755 0.771874
0.290597 0.297464
0.319864 0.270455
0.251106 0.547594
0.247749 0.613269
0.648976 0.710410
0.790368 0.483871
0.715995 0.320566
0.764458 0.432722
0.240242 0.419019
0.770653 0.428144
0.265542 0.313272
0.318552 0.710013
0.224158 0.551836
0.270516 0.334666
0.244881 0.417768
0.774712 0.436110
0.739799 0.622425
0.299814 0.319864
0.771386 0.506241
0.256447 0.645222
0.363994 0.262429
0.629810 0.758751
0.636402 0.255287
0.752251 0.428632
0.787225 0.486038
0.271279 0.306650
0.699057 0.333506
0.713370 0.313395
0.576647 0.259499
0.210303 0.530839
0.233192 0.492508
0.255531 0.634266
0.743339 0.404675
0.309091 0.274758
0.306803 0.692160
0.733299 0.645497
0.565538 0.761162
0.465377 0.247414
0.389752 0.256844
0.257363 0.675710
0.399976 0.775750
0.309854 0.332438
0.751915 0.613910
0.287606 0.299600
0.237220 0.424177
0.796258 0.481826
0.770806 0.429395
0.245308 0.487167
0.333201 0.269295
0.743034 0.609912
0.347880 0.243751
0.243934 0.549394
0.478317 0.209418
0.426618 0.239998
0.752007 0.376965
0.395062 0.262734
0.590503 0.224647
0.740837 0.623432
0.238777 0.449293
0.262703 0.358074
0.716971 0.631855
0.584460 0.228248
0.744469 0.359569
0.567064 0.251289
0.751549 0.644612
0.250923 0.461074
0.220435 0.474990
0.689627 0.663656
0.770196 0.389538
0.592883 0.220008
0.797113 0.504563
0.554338 0.255226
0.309763 0.290262
0.258675 0.638295
0.487564 0.771233
0.648762 0.749077
0.546739 0.754875
0.792108 0.496811
0.436750 0.762627
0.462844 0.793268
0.403119 0.228401
0.371838 0.760521
0.372906 0.724509
0.392407 0.238716
0.740471 0.601123
0.596332 0.733116
0.620136 0.736045
0.766167 0.526658
0.222846 0.388195
0.762139 0.370739
0.678762 0.688589
0.558550 0.761895
0.539323 0.794244
0.595721 0.743889
0.769341 0.575915
0.284646 0.663869
0.358379 0.739036
0.751061 0.486557
0.574602 0.255562
0.212775 0.558367
0.748161 0.568224
0.276925 0.619984
0.240059 0.611713
0.752129 0.533128
0.356029 0.733085
0.754540 0.503403
0.358440 0.292398
0.732200 0.677572
0.404523 0.253029
0.601733 0.764183
0.550371 0.758904
0.637715 0.276955
0.340373 0.743461
0.394116 0.759270
0.487197 0.774316
0.319956 0.285836
0.782952 0.581164
0.463698 0.231605
0.665304 0.744682
0.774346 0.591449
0.756127 0.462752
0.245277 0.365673
0.399457 0.757134
0.236457 0.448408
0.517075 0.221778
0.235328 0.589587
0.715842 0.659871
0.744438 0.427839
0.441511 0.761101
0.345408 0.720573
0.672781 0.696677
0.742424 0.338603
0.774346 0.609882
0.575396 0.233741
0.679830 0.307688
0.296823 0.320719
0.236488 0.501572
0.246132 0.522660
0.765343 0.582537
0.634938 0.240699
0.557176 0.232490
0.332926 0.719382
0.705100 0.661000
0.727134 0.673513
0.244026 0.435408
0.398999 0.246559
0.773186 0.452498
0.519395 0.794397
0.758568 0.421979
0.327311 0.308695
0.565233 0.760491
0.348888 0.261605
0.579302 0.738334
0.782769 0.558092
0.434065 0.765587
0.768212 0.608539
0.328623 0.743675
0.676229 0.262917
0.670309 0.292795
0.383618 0.739280
0.579058 0.218787
0.406720 0.748711
0.724509 0.692831
0.411054 0.743828
0.721366 0.378857
0.397534 0.252052
0.272500 0.660512
0.475356 0.226600
0.250282 0.623463
0.300363 0.313395
0.665273 0.310404
0.568682 0.787225
0.646046 0.738609
0.798547 0.473495
0.641743 0.249306
0.416761 0.753288
0.236549 0.586200
0.221473 0.585314
0.777978 0.584094
0.737815 0.597797
0.432783 0.772912
0.340526 0.289041
0.778588 0.585437
0.669424 0.263314
0.569628 0.238929
0.337565 0.272225
0.269662 0.363445
0.241859 0.375744
0.482803 0.221503
0.659536 0.697836
0.408063 0.264565
0.305246 0.702414
0.677145 0.277200
0.236671 0.403088
0.298135 0.343608
0.684805 0.325663
0.467269 0.777551
0.702536 0.650349
0.239387 0.647725
0.731193 0.614399
0.235847 0.638874
0.713004 0.709220
0.694601 0.329691
0.605457 0.755638
0.237190 0.480453
0.596789 0.228339
0.367138 0.231941
0.298318 0.692984
0.372967 0.759148
0.767022 0.518784
0.337626 0.693655
0.718101 0.636158
0.290262 0.302103
0.791589 0.492111
0.754814 0.612751
0.206732 0.530625
