500
0.904782 0.934080
0.551469 0.688589
0.706076 0.113895
0.092654 0.326609
0.283486 0.428205
0.472945 0.827509
0.021638 0.993225
0.933531 0.496445
0.309977 0.900998
0.917539 0.346355
0.582965 0.928495
0.352275 0.320444
0.335490 0.116947
0.036439 0.755486
0.858852 0.188910
0.353404 0.834437
0.340007 0.168371
0.146275 0.715537
0.670675 0.995849
0.359050 0.599017
0.340281 0.369335
0.114750 0.106784
0.509079 0.948363
0.476272 0.663198
0.852443 0.268654
0.888974 0.029939
0.274483 0.018403
0.414258 0.663717
0.144902 0.891140
0.947783 0.797754
0.970885 0.434034
0.141179 0.096530
0.400128 0.280709
0.864010 0.141697
0.027161 0.585498
0.011963 0.650319
0.815394 0.079501
0.510575 0.542741
0.983428 0.010285
0.501450 0.956603
0.736595 0.126652
0.308878 0.212287
0.129795 0.060152
0.022523 0.968291
0.852840 0.873074
0.772485 0.748131
0.805231 0.064913
0.685720 0.634724
0.819910 0.268960
0.104923 0.957183
0.091037 0.804621
0.257118 0.803064
0.905759 0.524125
0.945647 0.182806
0.471450 0.588885
0.835139 0.155766
0.950682 0.990173
0.014649 0.765618
0.779168 0.220191
0.109775 0.329722
0.923215 0.124699
0.849361 0.363109
0.494003 0.918332
0.032014 0.622791
0.706412 0.262612
0.549181 0.194372
0.132298 0.033509
0.123844 0.506424
0.536088 0.457595
0.534165 0.663625
0.050722 0.503769
0.978637 0.520554
0.090579 0.007355
0.978057 0.108585
0.024506 0.740379
0.310190 0.346629
0.813044 0.248634
0.943571 0.946989
0.724448 0.735466
0.052553 0.409589
0.836848 0.290109
0.535203 0.055116
0.020478 0.177252
0.163152 0.492599
0.175390 0.015595
0.767907 0.232887
0.653523 0.397473
0.987487 0.234413
0.343852 0.214118
0.259133 0.902341
0.901334 0.829188
0.639637 0.820185
0.760735 0.038850
0.765954 0.817743
0.710837 0.143468
0.237617 0.094852
0.656301 0.415906
0.775597 0.370312
0.652974 0.403821
0.335154 0.750694
0.091708 0.156926
0.643208 0.798151
0.012940 0.266732
0.499771 0.250649
0.848567 0.401074
0.511124 0.959777
0.383190 0.110904
0.099429 0.063662
0.547136 0.971740
0.333750 0.993622
0.736747 0.830866
0.151463 0.852443
0.234931 0.080081
0.388043 0.955992
0.315683 0.170354
0.931455 0.793542
0.909604 0.539842
0.957366 0.549028
0.434339 0.718863
0.779687 0.146519
0.020569 0.106967
0.325236 0.929197
0.707877 0.912107
0.203253 0.731101
0.105350 0.124424
0.096194 0.230171
0.863765 0.032411
0.528672 0.345225
0.543626 0.812372
0.489914 0.278970
0.127964 0.388958
0.312387 0.531816
0.077700 0.807611
0.075076 0.720878
0.479385 0.494766
0.940641 0.532579
0.250801 0.265755
0.256539 0.044008
0.301950 0.467452
0.252113 0.257149
0.056856 0.037080
0.987335 0.877529
0.243477 0.758171
0.709769 0.867702
0.276284 0.808130
0.795099 0.595264
0.430830 0.883480
0.145024 0.509140
0.527879 0.181341
0.710135 0.494400
0.345592 0.667745
0.110599 0.944273
0.286142 0.243263
0.231574 0.270150
0.698080 0.470443
0.423841 0.935270
0.897244 0.056185
0.291849 0.930967
0.023835 0.069643
0.201941 0.592059
0.759880 0.022797
0.092624 0.333934
0.311991 0.648640
0.980865 0.535539
0.984466 0.497391
0.283425 0.739402
0.063631 0.111606
0.113987 0.542405
0.827143 0.133549
0.620502 0.776543
0.451430 0.516831
0.993408 0.216834
0.072848 0.967986
0.265816 0.805139
0.241585 0.210181
0.173925 0.850764
0.047823 0.203101
0.710196 0.133000
0.944151 0.037141
0.383496 0.354411
0.253029 0.099185
0.359081 0.128697
0.681478 0.996338
0.958159 0.376476
0.871578 0.787225
0.825190 0.086459
0.487106 0.301553
0.983276 0.808344
0.525224 0.200140
0.993011 0.778375
0.863002 0.111393
0.746239 0.275491
0.165197 0.226966
0.858211 0.987121
0.616230 0.930845
0.132572 0.336283
0.061403 0.087710
0.272286 0.822199
0.679586 0.632496
0.559343 0.839503
0.064608 0.949950
0.839900 0.348308
0.340403 0.155187
0.807917 0.647969
0.965148 0.305857
0.494247 0.535051
0.381268 0.076876
0.366802 0.628071
0.167638 0.929685
0.948180 0.138768
0.849574 0.306375
0.357494 0.872463
0.023316 0.881283
0.951903 0.399457
0.585192 0.547563
0.286721 0.135197
0.057222 0.392254
0.073733 0.500412
0.697897 0.834712
0.554491 0.929807
0.924009 0.908536
0.570666 0.685842
0.689352 0.170354
0.136967 0.855312
0.804407 0.269295
0.218177 0.884274
0.738762 0.886166
0.004089 0.391034
0.723045 0.398663
0.877956 0.112430
0.969176 0.433576
0.206153 0.570208
0.395093 0.782128
0.697470 0.237373
0.440443 0.068453
0.007385 0.489761
0.992950 0.940672
0.301431 0.380139
0.842128 0.318430
0.933226 0.566485
0.907437 0.642354
0.459456 0.286538
0.994201 0.210425
0.326762 0.834407
0.786096 0.873959
0.181433 0.846217
0.689230 0.350780
0.186316 0.542863
0.412458 0.899625
0.909726 0.686911
0.766381 0.294168
0.913724 0.441939
0.209876 0.808679
0.923032 0.491897
0.979675 0.201422
0.922727 0.106418
0.490524 0.098300
0.797021 0.228034
0.573748 0.459609
0.015076 0.263710
0.610004 0.282418
0.668111 0.192358
0.878048 0.095676
0.871090 0.169683
0.170476 0.665181
0.628803 0.077853
0.161534 0.765740
0.443648 0.270028
0.715934 0.587115
0.895352 0.060274
0.191107 0.137883
0.527757 0.106326
0.908567 0.657430
0.184088 0.361980
0.821711 0.161046
0.686178 0.952666
0.090060 0.241737
0.471450 0.098727
0.655721 0.003571
0.397412 0.922636
0.669668 0.632008
0.120518 0.070742
0.845302 0.528275
0.312418 0.401593
0.037629 0.477981
0.136021 0.153996
0.836177 0.944121
0.568529 0.115696
0.917447 0.568682
0.787103 0.091372
0.176702 0.318979
0.806146 0.661061
0.472854 0.430616
0.308939 0.125706
0.700461 0.260170
0.152501 0.990875
0.739921 0.770318
0.136937 0.292001
0.676534 0.629536
0.983581 0.184118
0.589007 0.471389
0.683126 0.521653
0.933958 0.365947
0.205329 0.354839
0.182196 0.536027
0.863338 0.848354
0.028596 0.827509
0.674795 0.111545
0.234169 0.961577
0.811457 0.712119
0.519883 0.484909
0.172430 0.619312
0.600818 0.290567
0.276864 0.740654
0.813135 0.508591
0.270913 0.175420
0.174169 0.681265
0.229591 0.136937
0.974212 0.635640
0.078433 0.128483
0.565905 0.567125
0.760277 0.918699
0.787133 0.884548
0.782434 0.123447
0.681722 0.594623
0.864223 0.061281
0.860225 0.569689
0.952391 0.097079
0.964232 0.286508
0.565691 0.438673
0.842097 0.603351
0.789361 0.169286
0.674093 0.350291
0.876278 0.755181
0.886258 0.275155
0.005585 0.891873
0.193121 0.330393
0.085757 0.834559
0.623157 0.843226
0.852657 0.033753
0.707480 0.999603
0.790521 0.095096
0.611499 0.884579
0.760430 0.062807
0.820307 0.689962
0.746055 0.808527
0.570208 0.507004
0.449202 0.173070
0.425581 0.668477
0.619831 0.182134
0.388592 0.647603
0.486984 0.939604
0.710196 0.391400
0.733421 0.956297
0.823756 0.264962
0.663594 0.541978
0.800287 0.547533
0.631336 0.226997
0.927549 0.776849
0.805414 0.508652
0.409253 0.136967
0.465072 0.535722
0.008087 0.205542
0.266915 0.129124
0.881558 0.672994
0.312357 0.181127
0.055147 0.479720
0.102634 0.934263
0.909268 0.190130
0.648366 0.780786
0.133213 0.513871
0.305277 0.526627
0.209937 0.949339
0.368633 0.682363
0.074557 0.252724
0.088900 0.663228
0.747032 0.925840
0.040132 0.771966
0.264016 0.514481
0.467544 0.072787
0.630757 0.034303
0.495193 0.886593
0.524644 0.270852
0.259621 0.485641
0.107059 0.214942
0.862911 0.839625
0.141362 0.059511
0.777703 0.876888
0.304025 0.890957
0.897549 0.958129
0.888272 0.202979
0.120609 0.750694
0.306772 0.014008
0.122745 0.534196
0.299203 0.869137
0.476241 0.469314
0.251259 0.508194
0.770501 0.860561
0.531236 0.481246
0.890988 0.944426
0.250221 0.492416
0.112674 0.234382
0.164190 0.953490
0.443831 0.128239
0.918638 0.586322
0.867977 0.081240
0.175420 0.092532
0.036683 0.734367
0.700980 0.172796
0.491348 0.286142
0.101627 0.262673
0.466231 0.267708
0.710166 0.091647
0.572222 0.500992
0.366375 0.025605
0.150304 0.363231
0.272500 0.878994
0.778130 0.028901
0.062532 0.947081
0.807520 0.773431
0.465926 0.421918
0.540849 0.460952
0.656636 0.341899
0.136326 0.399823
0.659017 0.892239
0.181310 0.784997
0.217017 0.684286
0.370830 0.627583
0.663533 0.371197
0.599902 0.963683
0.907804 0.913938
0.045564 0.703848
0.559099 0.033906
0.644032 0.145970
0.421674 0.175146
0.897153 0.111423
0.845027 0.463607
0.803583 0.735160
0.970183 0.022919
0.549760 0.538347
0.491928 0.493728
0.538835 0.837580
0.382916 0.691183
0.626423 0.662008
0.267037 0.109104
0.733757 0.539598
0.185888 0.246467
0.993622 0.683828
0.163640 0.536912
0.085910 0.611866
0.477401 0.163396
0.919187 0.725822
0.038453 0.538957
0.313486 0.888089
0.791528 0.734367
0.842158 0.521897
0.487350 0.268929
0.086154 0.105045
0.266976 0.734336
0.146275 0.948424
0.856563 0.934385
0.783319 0.895108
0.366741 0.682485
0.587756 0.681143
0.373394 0.679769
0.210273 0.972442
0.016877 0.214484
0.157598 0.634144
0.046175 0.507218
0.866298 0.562059
0.657216 0.820154
0.499344 0.918088
0.911527 0.826533
0.963378 0.703635
0.141179 0.020814
0.802637 0.702261
0.126682 0.322306
0.291238 0.556383
0.226905 0.371593
0.306131 0.384686
0.039247 0.294900
0.699454 0.982696
0.108554 0.905332
0.188482 0.228401
0.211341 0.141453
0.653310 0.894223
0.292856 0.880917
0.821100 0.219062
0.874966 0.341685
0.186529 0.771935
0.590960 0.103000
0.075076 0.887631
0.003479 0.276193
0.254799 0.455733
0.362072 0.857387
0.003388 0.344798
0.036592 0.242164
0.220374 0.789727
0.204047 0.191198
0.359020 0.607135
