5000
0.883389 0.002594
0.913755 0.154668
0.666616 0.453597
0.543596 0.162297
0.415143 0.504959
0.664541 0.476394
0.936064 0.070040
0.032929 0.838221
0.474960 0.504318
0.805780 0.607440
0.960845 0.495895
0.993255 0.029206
0.632435 0.338481
0.341533 0.011292
0.980682 0.072329
0.849330 0.225135
0.889157 0.287790
0.124485 0.402631
0.044649 0.665487
0.734062 0.519730
0.334635 0.436171
0.806726 0.227760
0.192297 0.638661
0.710868 0.466994
0.160619 0.052583
0.381298 0.111240
0.083438 0.250557
0.079714 0.299966
0.457289 0.933042
0.957183 0.147313
0.439131 0.527177
0.221686 0.214789
0.647725 0.685995
0.338755 0.241249
0.960662 0.994018
0.402905 0.898648
0.995483 0.198553
0.871853 0.214850
0.965911 0.266579
0.520981 0.334635
0.524003 0.482376
0.495468 0.867672
0.074160 0.828700
0.913175 0.705039
0.256111 0.446486
0.805994 0.075991
0.299875 0.787561
0.562975 0.872402
0.484054 0.189093
0.474715 0.852565
0.204108 0.627277
0.933073 0.853511
0.579485 0.945311
0.701651 0.816095
0.988067 0.429609
0.222144 0.023713
0.989135 0.759301
0.903134 0.424665
0.567064 0.346324
0.906461 0.481033
0.646290 0.021973
0.164861 0.773278
0.795373 0.811792
0.140873 0.639180
0.980865 0.372478
0.657216 0.845546
0.892605 0.242073
0.159642 0.227180
0.909085 0.674184
0.053407 0.071139
0.514084 0.309702
0.211219 0.156804
0.324076 0.446333
0.798853 0.309458
0.395001 0.820948
0.391522 0.946532
0.545305 0.265725
0.129673 0.234962
0.008850 0.374554
0.845698 0.336619
0.824244 0.959960
0.817164 0.772454
0.866573 0.582629
0.303903 0.437300
0.928159 0.934355
0.524064 0.296487
0.226020 0.294870
0.440718 0.269662
0.512162 0.510453
0.097446 0.812830
0.070986 0.083132
0.188086 0.444716
0.473800 0.950346
0.448042 0.817042
0.691519 0.920042
0.789422 0.684042
0.489242 0.113620
0.098636 0.135105
0.853420 0.308634
0.332682 0.930631
0.108615 0.213324
0.820490 0.222999
0.880276 0.204047
0.175604 0.443403
0.558885 0.556841
0.422956 0.704398
0.871303 0.020051
0.075930 0.549699
0.260506 0.063387
0.354167 0.367443
0.219092 0.844661
0.361614 0.324717
0.308817 0.989593
0.787896 0.151982
0.440321 0.960173
0.165685 0.995819
0.440168 0.978362
0.223975 0.984252
0.993042 0.536729
0.268136 0.583392
0.817743 0.949126
0.935423 0.285287
0.939726 0.883450
0.774316 0.106876
0.079379 0.793542
0.628803 0.072024
0.868343 0.934416
0.335215 0.974181
0.872524 0.094577
0.088473 0.391491
0.332987 0.343211
0.149754 0.694571
0.723136 0.267251
0.332743 0.565569
0.510269 0.453169
0.673818 0.222602
0.367565 0.788812
0.766686 0.178014
0.199652 0.996216
0.191748 0.838649
0.907804 0.450911
0.086337 0.838252
0.645528 0.430921
0.686728 0.055635
0.123386 0.145970
0.651997 0.158269
0.829676 0.955229
0.555925 0.455000
0.112186 0.994751
0.976501 0.359752
0.417341 0.465773
0.627003 0.813135
0.977355 0.621204
0.867519 0.332682
0.611316 0.393017
0.774743 0.210242
0.378063 0.302713
0.191198 0.198065
0.681295 0.657216
0.141789 0.884213
0.269234 0.175176
0.080386 0.577166
0.705039 0.200873
0.964019 0.537400
0.923826 0.448164
0.314096 0.430067
0.348369 0.071780
0.135960 0.731742
0.838496 0.780725
0.526322 0.023072
0.862911 0.700308
0.575945 0.910123
0.150700 0.820276
0.775719 0.102634
0.186804 0.513199
0.241432 0.227119
0.381359 0.217048
0.213294 0.764092
0.829737 0.443068
0.779138 0.922025
0.502701 0.845485
0.979400 0.608936
0.550493 0.461379
0.343638 0.886715
0.083956 0.324808
0.668325 0.247902
0.754570 0.771111
0.793207 0.968505
0.848201 0.101138
0.839381 0.113407
0.385205 0.107913
0.366039 0.691183
0.782128 0.716117
0.576250 0.661550
0.952940 0.303537
0.477493 0.078524
0.005768 0.235511
0.404035 0.148839
0.192022 0.643300
0.806513 0.488052
0.263222 0.977783
0.892636 0.370190
0.784265 0.145878
0.317331 0.330241
0.320536 0.930143
0.857631 0.813807
0.207160 0.307169
0.469100 0.190680
0.124210 0.368114
0.984771 0.144169
0.975372 0.041139
0.202246 0.033570
0.925443 0.603717
0.955870 0.641285
0.952879 0.601642
0.343699 0.235298
0.157872 0.245888
0.970916 0.660390
0.003662 0.222205
0.869778 0.372753
0.961943 0.094699
0.911161 0.570940
0.503952 0.748589
0.041322 0.109867
0.483230 0.868007
0.974120 0.049989
0.613636 0.126438
0.699301 0.121616
0.027284 0.889615
0.636769 0.889309
0.799615 0.900388
0.096500 0.531785
0.097903 0.455031
0.703085 0.043153
0.142705 0.866878
0.979247 0.228706
0.897671 0.606861
0.926481 0.340190
0.338298 0.055269
0.982788 0.827967
0.321177 0.520249
0.091372 0.759056
0.787622 0.182501
0.125797 0.974059
0.708975 0.223365
0.348308 0.992157
0.435774 0.186071
0.571917 0.362926
0.067812 0.449416
0.125797 0.202765
0.443861 0.433149
0.442427 0.638813
0.721091 0.442671
0.041597 0.504166
0.187445 0.877346
0.604785 0.788171
0.534989 0.875698
0.193609 0.469131
0.706137 0.050264
0.615772 0.335826
0.178869 0.936369
0.242531 0.005768
0.918332 0.331248
0.868801 0.743065
0.711814 0.373974
0.152470 0.611255
0.083987 0.922941
0.722159 0.614063
0.856227 0.516312
0.455794 0.139378
0.298746 0.541276
0.098697 0.731132
0.940764 0.428327
0.805170 0.088992
0.694998 0.902463
0.510086 0.578753
0.453261 0.822077
0.537065 0.032807
0.808527 0.637257
0.348949 0.123539
0.060488 0.998169
0.847407 0.089969
0.160619 0.545152
0.127232 0.099246
0.092410 0.023927
0.965117 0.473006
0.839412 0.916990
0.112491 0.865505
0.214362 0.964843
0.960265 0.819147
0.450697 0.200415
0.292428 0.757347
0.366008 0.662099
0.510605 0.945952
0.624500 0.353343
0.218299 0.933287
0.965911 0.514664
0.890835 0.307657
0.082797 0.195563
0.497147 0.309214
0.648885 0.007752
0.173254 0.209204
0.067049 0.369335
0.016083 0.371624
0.048097 0.398511
0.881008 0.312418
0.441664 0.103214
0.511185 0.987823
0.321024 0.937925
0.020325 0.125706
0.795953 0.193030
0.178259 0.993439
0.834498 0.154302
0.057894 0.081393
0.336894 0.506211
0.950255 0.984222
0.952605 0.259926
0.952239 0.992828
0.137181 0.549577
0.343669 0.663961
0.706290 0.737358
0.167516 0.814417
0.039430 0.432997
0.848598 0.906339
0.039918 0.558184
0.228156 0.098056
0.776360 0.231849
0.193945 0.332957
0.697897 0.233192
0.348094 0.027833
0.854335 0.460921
0.833705 0.285440
0.276101 0.597858
0.203162 0.977691
0.956908 0.805719
0.315348 0.871639
0.686941 0.069399
0.094607 0.027772
0.121220 0.903897
0.641957 0.844935
0.458480 0.028047
0.355663 0.962554
0.776818 0.717856
0.297098 0.641133
0.211707 0.062471
0.210791 0.999512
0.837642 0.885250
0.090091 0.299997
0.096988 0.894192
0.033357 0.237922
0.805048 0.550188
0.212165 0.799036
0.024720 0.775079
0.582965 0.458602
0.005493 0.128086
0.116306 0.645741
0.389294 0.221107
0.864010 0.043336
0.112339 0.790704
0.107028 0.218024
0.646199 0.120731
0.121036 0.503983
0.736229 0.798212
0.130589 0.695273
0.465590 0.811945
0.149968 0.457106
0.714133 0.481765
0.841487 0.438032
0.130436 0.579180
0.238563 0.993103
0.782830 0.999512
0.855129 0.481735
0.390240 0.693564
0.014863 0.903684
0.058321 0.903958
0.797327 0.142613
0.582568 0.678304
0.114628 0.224464
0.370434 0.810266
0.165716 0.570879
0.968047 0.700034
0.950041 0.713065
0.831538 0.913205
0.878048 0.290841
0.819269 0.366680
0.527116 0.535569
0.847133 0.983337
0.617603 0.319834
0.860195 0.240669
0.888485 0.580798
0.086306 0.852992
0.111179 0.938902
0.318186 0.084750
0.096408 0.552690
0.934416 0.365215
0.361858 0.953551
0.587573 0.496811
0.719321 0.548357
0.030030 0.802942
0.956908 0.197882
0.504318 0.582110
0.853816 0.400128
0.166784 0.942473
0.010956 0.251259
0.795862 0.056581
0.018220 0.119999
0.699759 0.269784
0.238716 0.974181
0.303507 0.821223
0.912381 0.721244
0.502304 0.672231
0.714316 0.158635
0.935667 0.309122
0.471206 0.449477
0.692221 0.154729
0.070376 0.353710
0.574114 0.681936
0.611530 0.883297
0.926969 0.597552
0.885495 0.451796
0.678152 0.089969
0.337107 0.176275
0.027345 0.192297
0.153691 0.426252
0.759392 0.806940
0.524949 0.284646
0.277535 0.943205
0.131840 0.153111
0.395550 0.046083
0.043916 0.240425
0.220496 0.637562
0.704764 0.625782
0.463912 0.200049
0.577502 0.175420
0.227485 0.923948
0.682455 0.375469
0.577715 0.536668
0.233711 0.107944
0.028108 0.821924
0.728385 0.793420
0.801202 0.000763
0.738670 0.999023
0.844295 0.784387
0.971526 0.582751
0.146428 0.016694
0.961821 0.239448
0.225166 0.838893
0.704642 0.228462
0.068697 0.488113
0.383526 0.814112
0.939146 0.512558
0.850520 0.450453
0.943388 0.683615
0.014496 0.241462
0.778008 0.386700
0.793970 0.707602
0.790429 0.390423
0.108036 0.444685
0.338878 0.326487
0.705985 0.981292
0.091372 0.921415
0.545640 0.044435
0.790216 0.255501
0.964385 0.386334
0.386517 0.352824
0.161077 0.443587
0.517472 0.316507
0.003388 0.752647
0.389080 0.385479
0.504807 0.844203
0.165044 0.392010
0.022736 0.054567
0.110263 0.219703
0.371807 0.044160
0.431654 0.183905
0.297830 0.999664
0.796258 0.102115
0.804743 0.499222
0.598987 0.702506
0.825709 0.728690
0.980682 0.505509
0.098086 0.291086
0.883267 0.842860
0.507096 0.130985
0.172674 0.517869
0.940153 0.193854
0.688864 0.481918
0.629505 0.023774
0.577410 0.464553
0.387097 0.683432
0.654653 0.503769
0.138401 0.777764
0.461715 0.408124
0.661336 0.862209
0.164769 0.681722
0.936430 0.017090
0.956908 0.943083
0.014618 0.869320
0.118198 0.369823
0.809076 0.842250
0.390606 0.199591
0.716483 0.915860
0.823115 0.819208
0.475570 0.677450
0.744011 0.472610
0.167364 0.944945
0.016541 0.119510
0.764763 0.743461
0.136998 0.916898
0.008911 0.765313
0.915616 0.155217
0.018738 0.219428
0.127659 0.719413
0.953581 0.847438
0.003204 0.644490
0.032838 0.516587
0.862484 0.702719
0.241218 0.869411
0.489547 0.907498
0.941221 0.109622
0.898648 0.839747
0.019532 0.189001
0.899136 0.577593
0.837733 0.084414
0.619922 0.822993
0.376476 0.954039
0.829035 0.915830
0.415998 0.445845
0.829096 0.569201
0.254952 0.252266
0.277749 0.105472
0.540086 0.091739
0.543718 0.346995
0.519791 0.573138
0.080844 0.710471
0.796655 0.764824
0.224555 0.119358
0.012787 0.899258
0.138707 0.426374
0.937346 0.606555
0.521470 0.922391
0.041810 0.939268
0.313303 0.991485
0.057375 0.554125
0.493637 0.346355
0.393262 0.081454
0.097903 0.601733
0.541643 0.535264
0.111881 0.216865
0.375286 0.045839
0.398968 0.338450
0.743736 0.695975
0.316965 0.575091
0.274758 0.741508
0.180700 0.234779
0.787011 0.998413
0.226478 0.056459
0.220374 0.676717
0.234657 0.967040
0.490158 0.443281
0.466933 0.894772
0.171117 0.994171
0.074068 0.171026
0.418165 0.917844
0.029389 0.131108
0.953642 0.383770
0.057985 0.668203
0.858486 0.966765
0.879391 0.104556
0.013764 0.609516
0.119388 0.397168
0.545457 0.444411
0.350322 0.421339
0.550401 0.511368
0.960631 0.986908
0.174139 0.149693
0.104770 0.613330
0.139348 0.846553
0.271096 0.241310
0.505814 0.813471
0.088290 0.884823
0.085696 0.461379
0.469161 0.306650
0.916196 0.107791
0.813562 0.330546
0.948485 0.872707
0.333293 0.841487
0.895749 0.519639
0.218848 0.115024
0.825526 0.855922
0.702506 0.579424
0.508652 0.110782
0.129612 0.035279
0.159429 0.738548
0.190313 0.341472
0.647298 0.115543
0.062929 0.136387
0.752678 0.143406
0.503952 0.569720
0.193518 0.569262
0.069277 0.081515
0.825861 0.796167
0.136174 0.280770
0.100497 0.138066
0.263161 0.490463
0.552995 0.975341
0.848872 0.396100
0.982818 0.841609
0.995880 0.078951
0.478439 0.973815
0.986023 0.215644
0.944365 0.356304
0.273080 0.724479
0.286203 0.790216
0.399548 0.640675
0.910489 0.019501
0.743217 0.501328
0.694754 0.445143
0.500198 0.021149
0.084994 0.458083
0.810663 0.340892
0.476180 0.922849
0.532151 0.842586
0.874020 0.316843
0.883694 0.765954
0.689474 0.555101
0.508072 0.123966
0.978393 0.429548
0.170904 0.747581
0.859066 0.769219
0.497879 0.855922
0.885647 0.777429
0.781732 0.362163
0.443892 0.420362
0.253365 0.685385
0.441359 0.981750
0.542528 0.993622
0.702475 0.502518
0.483932 0.410138
0.474929 0.886441
0.925504 0.213843
0.953978 0.952788
0.694876 0.564867
0.229896 0.217872
0.380322 0.786950
0.566485 0.686239
0.082156 0.737632
0.791498 0.297800
0.070376 0.256386
0.551775 0.511246
0.378826 0.189764
0.060121 0.406201
0.396558 0.140172
0.864284 0.029603
0.811243 0.725639
0.904477 0.189306
0.174902 0.193365
0.225471 0.327250
0.546373 0.459639
0.075777 0.455794
0.241218 0.775964
0.996399 0.868740
0.128819 0.782891
0.819849 0.304941
0.781884 0.893735
0.412336 0.348216
0.402783 0.140233
0.261025 0.289407
0.361522 0.184545
0.563616 0.483200
0.250862 0.778283
0.976012 0.730003
0.865413 0.450026
0.010895 0.702994
0.888180 0.032136
0.549791 0.503098
0.559740 0.834986
0.589221 0.339885
0.287362 0.627338
0.218085 0.640675
0.207770 0.243721
0.698965 0.819300
0.974242 0.539323
0.521470 0.741356
0.486587 0.824702
0.223212 0.886288
0.529771 0.575823
0.384594 0.988128
0.976318 0.450819
0.703482 0.435987
0.709983 0.144658
0.926145 0.112796
0.952788 0.673788
0.965331 0.695395
0.286386 0.883999
0.336344 0.673025
0.794122 0.900296
0.085116 0.785485
0.124302 0.674490
0.165349 0.244484
0.923582 0.921690
0.967437 0.771966
0.847011 0.714103
0.661794 0.194739
0.898770 0.084719
0.513169 0.127567
0.508713 0.422132
0.821406 0.774743
0.251930 0.937132
0.645894 0.382427
0.616871 0.983306
0.969207 0.372723
0.728507 0.512345
0.456343 0.690237
0.432997 0.445112
0.649983 0.240150
0.471816 0.019776
0.402631 0.481491
0.050844 0.971343
0.684957 0.536424
0.252632 0.049471
0.050447 0.688742
0.902646 0.217994
0.870937 0.204474
0.073641 0.190893
0.731651 0.572192
0.537400 0.077761
0.007080 0.677023
0.215766 0.886990
0.711722 0.120304
0.552293 0.864742
0.857509 0.322672
0.395062 0.879208
0.508133 0.322123
0.443281 0.893765
0.090243 0.387890
0.741203 0.719657
0.838527 0.310770
0.932432 0.877590
0.336070 0.406201
0.375988 0.874874
0.807306 0.261299
0.029695 0.180486
0.318552 0.757591
0.507370 0.678152
0.216102 0.879299
0.980102 0.677267
0.157476 0.133854
0.056642 0.923460
0.951537 0.607196
0.823542 0.803552
0.938749 0.920286
0.475936 0.823359
0.692404 0.987609
0.986358 0.063143
0.935453 0.545030
0.932890 0.931578
0.512711 0.345683
0.693319 0.883724
0.793786 0.576189
0.321604 0.416334
0.812372 0.063692
0.051546 0.182226
0.048036 0.555498
0.257027 0.851711
0.809900 0.075472
0.257973 0.073122
0.138768 0.111026
0.078921 0.845088
0.065920 0.758995
0.372143 0.677999
0.157842 0.525468
0.502518 0.327342
0.098025 0.010895
0.954192 0.733360
0.295450 0.077792
0.106143 0.973663
0.444136 0.344035
0.375011 0.644398
0.586627 0.496597
0.093387 0.212806
0.954772 0.439680
0.318827 0.780663
0.294137 0.966399
0.082644 0.521928
0.778832 0.967162
0.975677 0.377575
0.945524 0.252235
0.805902 0.707389
0.864162 0.665120
0.588031 0.095096
0.330454 0.881344
0.377483 0.184393
0.152440 0.757286
0.889859 0.728568
0.770348 0.670156
0.187048 0.203375
0.577624 0.559832
0.674886 0.515305
0.825495 0.735984
0.975158 0.364757
0.984527 0.677480
0.928953 0.065950
0.833674 0.935026
0.094821 0.692190
0.764855 0.166967
0.957274 0.525773
0.714530 0.828120
0.859462 0.914365
0.007324 0.341380
0.841517 0.310404
0.067690 0.588458
0.294351 0.934385
0.555162 0.128300
0.427961 0.994507
0.829737 0.426160
0.710685 0.994598
0.153905 0.872921
0.935057 0.160924
0.536790 0.877132
0.067171 0.519578
0.627461 0.810572
0.535417 0.655110
0.563128 0.088168
0.114689 0.682608
0.178716 0.164586
0.062960 0.463515
0.484207 0.727348
0.665700 0.596973
0.815424 0.868954
0.844935 0.217841
0.565203 0.518784
0.988891 0.132481
0.900845 0.915738
0.658773 0.323832
0.374004 0.403241
0.328593 0.356792
0.829676 0.327952
0.814417 0.715232
0.519761 0.322947
0.828700 0.757195
0.361034 0.232490
0.905820 0.155278
0.882717 0.706168
0.419324 0.626972
0.768731 0.131108
0.936430 0.576830
0.785180 0.376507
0.638417 0.189673
0.314035 0.141301
0.777825 0.005158
0.937254 0.724082
0.838710 0.897000
0.414655 0.830500
0.773400 0.720573
0.010010 0.873226
0.558672 0.157964
0.118961 0.880551
0.693564 0.549730
0.918668 0.460219
0.054537 0.578967
0.690603 0.980346
0.699576 0.889401
0.438765 0.449110
0.897305 0.251503
0.184027 0.626942
0.398511 0.817591
0.754967 0.670980
0.302469 0.077609
0.818934 0.667653
0.584704 0.900357
0.883480 0.252876
0.361431 0.365368
0.925047 0.351451
0.796350 0.667684
0.800592 0.566759
0.056246 0.875546
0.098849 0.252205
0.222053 0.823115
0.587237 0.795587
0.560564 0.919340
0.910642 0.147404
0.064333 0.153752
0.698477 0.124912
0.665212 0.081088
0.736381 0.522324
0.027741 0.065493
0.358074 0.559374
0.329264 0.565813
0.932218 0.743156
0.077975 0.363811
0.355571 0.171880
0.830012 0.588672
0.451216 0.935636
0.302866 0.129948
0.191656 0.888821
0.117130 0.073855
0.975280 0.366039
0.179693 0.467757
0.855495 0.119633
0.995880 0.009064
0.452223 0.321665
0.986267 0.528947
0.726554 0.851375
0.480575 0.912168
0.020081 0.515183
0.992645 0.913785
0.864864 0.043519
0.385693 0.302164
0.491012 0.308542
0.866848 0.497635
0.318949 0.588397
0.456496 0.693533
0.346629 0.130100
0.544786 0.524583
0.856624 0.717765
0.048402 0.356548
0.904508 0.225776
0.519395 0.928861
0.148717 0.858760
0.976714 0.307810
0.417066 0.818262
0.190313 0.233528
0.466994 0.653310
0.005921 0.998047
0.017853 0.031983
0.082736 0.209174
0.819269 0.043855
0.043092 0.581927
0.263070 0.056673
0.904782 0.692770
0.871578 0.062227
0.453322 0.007416
0.812922 0.543535
0.759514 0.840602
0.052492 0.624928
0.062014 0.451369
0.190649 0.722922
0.959349 0.999969
0.380047 0.979461
0.725486 0.065004
0.181982 0.318400
0.943968 0.086093
0.858852 0.758995
0.455824 0.516709
0.350017 0.891507
0.374920 0.405377
0.959136 0.600177
0.556810 0.187780
0.871792 0.350139
0.040254 0.945433
0.750328 0.934294
0.607410 0.349956
0.025300 0.223212
0.658345 0.664541
0.017457 0.425459
0.556475 0.332530
0.295480 0.638081
0.100833 0.185797
0.176733 0.970000
0.281655 0.803217
0.776696 0.018616
0.975097 0.050752
0.513474 0.981353
0.473586 0.182897
0.330699 0.598560
0.545518 0.300272
0.207465 0.595935
0.726859 0.065798
0.492050 0.469619
0.511673 0.730216
0.733421 0.168676
0.764122 0.066683
0.014893 0.734764
0.984741 0.197119
0.600146 0.988708
0.375469 0.022004
0.768731 0.648915
0.997467 0.412397
0.714591 0.803125
0.143559 0.030183
0.968139 0.895444
0.786187 0.908048
0.392712 0.372295
0.687002 0.462539
0.036897 0.930509
0.940245 0.717978
0.828516 0.071505
0.401502 0.386303
0.551988 0.061373
0.913816 0.515091
0.834651 0.208258
0.970275 0.015961
0.941252 0.200446
0.151341 0.112674
0.288003 0.579577
0.765435 0.986541
0.912503 0.058809
0.967711 0.364971
0.799005 0.126774
0.232002 0.216376
0.165227 0.706168
0.141118 0.502335
0.402264 0.305979
0.514389 0.165899
0.583544 0.487777
0.919187 0.102237
0.892087 0.692557
0.720359 0.032502
0.599322 0.372173
0.452223 0.000031
0.214423 0.833613
0.590075 0.203436
0.912015 0.667226
0.678243 0.556841
0.461165 0.803064
0.086734 0.385174
0.308481 0.781549
0.037294 0.533708
0.887570 0.894101
0.378765 0.786523
0.354442 0.647725
0.164800 0.758263
0.037385 0.040468
0.952574 0.623890
0.373150 0.378033
0.477859 0.717277
0.235481 0.912442
0.864010 0.530412
0.062960 0.084353
0.019715 0.144200
0.691488 0.650410
0.383038 0.622181
0.298196 0.475875
0.666829 0.398206
0.763024 0.189764
0.054811 0.081668
0.460707 0.467849
0.945036 0.724143
0.135411 0.014588
0.461257 0.098514
0.065065 0.600238
0.980895 0.508988
0.529283 0.310312
0.974212 0.863369
0.347942 0.554704
0.102847 0.003388
0.015748 0.289224
0.679342 0.951109
0.088504 0.481857
0.394269 0.351939
0.977691 0.353740
0.717246 0.897183
0.809320 0.427442
0.878048 0.005371
0.503952 0.912687
0.833979 0.545305
0.733177 0.461287
0.129887 0.880978
0.909360 0.822779
0.057009 0.020051
0.865230 0.431135
0.016785 0.147496
0.496078 0.324595
0.200079 0.341563
0.268654 0.563158
0.053682 0.357982
0.923612 0.872768
0.520463 0.435438
0.527543 0.743431
0.108982 0.003479
0.055239 0.572558
0.286111 0.774377
0.647053 0.844295
0.823847 0.620075
0.180486 0.690481
0.971099 0.044679
0.535905 0.050691
0.667379 0.454878
0.318064 0.136631
0.717124 0.474013
0.703665 0.806269
0.746513 0.813959
0.014130 0.444563
0.539323 0.061403
0.682913 0.934355
0.294809 0.981841
0.776940 0.838221
0.769341 0.767449
0.269326 0.903592
0.651479 0.767815
0.902860 0.853877
0.007996 0.796930
0.357341 0.351238
0.474319 0.899533
0.414045 0.480270
0.012177 0.044282
0.104770 0.831416
0.292093 0.394238
0.917783 0.509018
0.794305 0.628010
0.958220 0.274087
0.505997 0.474136
0.869900 0.489639
0.627827 0.943052
0.141423 0.613758
0.995880 0.947844
0.810266 0.528459
0.576067 0.970672
0.835780 0.600299
0.199561 0.730308
0.425855 0.460341
0.716880 0.921415
0.722800 0.561571
0.352977 0.445631
0.096469 0.868923
0.343028 0.147404
0.750938 0.299997
0.844844 0.321238
0.998413 0.830775
0.568468 0.192816
0.430860 0.867519
0.153630 0.861934
0.097385 0.618641
0.541490 0.093966
0.059236 0.238594
0.566393 0.160833
0.618000 0.102603
0.847774 0.214118
0.213324 0.709433
0.874233 0.517716
0.993744 0.502945
0.904996 0.745445
0.078005 0.037446
0.230262 0.109714
0.583758 0.866939
0.006409 0.878628
0.132633 0.968810
0.711325 0.159886
0.998047 0.794885
0.956053 0.193457
0.065981 0.670064
0.154729 0.532731
0.096347 0.870815
0.977264 0.391491
0.379315 0.930692
0.373424 0.123386
0.331431 0.903317
0.820063 0.213935
0.560350 0.338908
0.844234 0.421918
0.057955 0.592792
0.508469 0.153539
0.767479 0.679922
0.720084 0.739402
0.345744 0.783349
0.721397 0.430128
0.278268 0.704672
0.331034 0.781732
0.801202 0.045564
0.651387 0.574389
0.812250 0.894192
0.314158 0.399915
0.575701 0.838740
0.910367 0.917447
0.317728 0.089999
0.326518 0.805506
0.465499 0.545946
0.570055 0.861049
0.919156 0.388623
0.237709 0.850978
0.230415 0.832331
0.112064 0.598010
0.919980 0.848720
0.176885 0.954100
0.522202 0.063601
0.367718 0.173681
0.590716 0.365490
0.871303 0.640339
0.643361 0.695547
0.880184 0.228156
0.202765 0.550768
0.208380 0.079318
0.675100 0.078768
0.620319 0.362529
0.661702 0.807489
0.878628 0.725211
0.749107 0.255440
0.695090 0.921598
0.841578 0.075716
0.513413 0.912320
0.682821 0.660756
0.785699 0.952788
0.171026 0.822138
0.058138 0.961577
0.379223 0.355144
0.402264 0.851558
0.848170 0.855159
0.927122 0.967071
0.975921 0.375225
0.963500 0.148167
0.321482 0.392224
0.589038 0.728019
0.753349 0.959593
0.167547 0.543504
0.475906 0.817927
0.914975 0.132908
0.816340 0.659993
0.230049 0.368664
0.450819 0.077059
0.980285 0.225105
0.226295 0.718131
0.148747 0.462233
0.234443 0.693381
0.749107 0.506577
0.293741 0.753136
0.413800 0.310801
0.495804 0.273141
0.562792 0.473006
0.972900 0.578143
0.752922 0.774071
0.381146 0.641713
0.834712 0.170873
0.379772 0.998505
0.443678 0.094119
0.014374 0.649953
0.020600 0.177770
0.095492 0.084323
0.662923 0.478866
0.314676 0.639393
0.619617 0.963897
0.132481 0.353923
0.013092 0.049043
0.448958 0.581103
0.124180 0.371227
0.416639 0.174200
0.959838 0.708731
0.802637 0.025880
0.760704 0.084048
0.805536 0.241890
0.733848 0.731315
0.760552 0.896512
0.451857 0.493484
0.953856 0.191412
0.999359 0.384136
0.192114 0.216590
0.305246 0.948241
0.917936 0.195196
0.657338 0.329783
0.813379 0.328074
0.982696 0.637043
0.676473 0.479934
0.016572 0.928282
0.039888 0.430097
0.289499 0.593890
0.835017 0.933592
0.818110 0.185888
0.832331 0.701559
0.993927 0.939787
0.564684 0.008881
0.099673 0.915983
0.898709 0.428694
0.984039 0.623066
0.567186 0.734092
0.303232 0.436689
0.862636 0.558489
0.723930 0.170598
0.793085 0.010224
0.688559 0.413739
0.209357 0.654408
0.086673 0.198096
0.007721 0.541276
0.371105 0.136692
0.935545 0.169500
0.323649 0.550401
0.530808 0.923643
0.295297 0.373180
0.530992 0.472457
0.135289 0.989349
0.486984 0.552660
0.966369 0.533219
0.988189 0.917875
0.461501 0.683554
0.813532 0.212500
0.207892 0.726188
0.913450 0.859188
0.797967 0.258522
0.731101 0.195349
0.322275 0.385846
0.351878 0.014252
0.920652 0.467727
0.026154 0.579150
0.252235 0.685690
0.181188 0.345836
0.282571 0.527512
0.085696 0.656423
0.334849 0.248543
0.798639 0.360240
0.283547 0.458419
0.292337 0.636341
0.802881 0.000092
0.940611 0.154790
0.008087 0.651296
0.895688 0.429121
0.519425 0.855647
0.498398 0.577380
0.091067 0.434278
0.843226 0.526841
0.384411 0.855373
0.031037 0.546617
0.947600 0.174688
0.884365 0.038972
0.854762 0.677480
0.052980 0.376293
0.995788 0.747581
0.026246 0.993744
0.963378 0.090274
0.146489 0.533586
0.620563 0.065249
0.142582 0.499893
0.689016 0.752251
0.930082 0.016022
0.233283 0.655812
0.166814 0.793573
0.447127 0.345592
0.191229 0.175146
0.728843 0.848018
0.760704 0.879452
0.450362 0.963561
0.224006 0.108493
0.992706 0.759026
0.073000 0.346416
0.217505 0.018067
0.075991 0.124912
0.241279 0.703879
0.971404 0.290445
0.294168 0.583392
0.765282 0.718894
0.916379 0.980468
0.824030 0.669698
0.052004 0.502029
0.796045 0.176580
0.162755 0.574175
0.470046 0.172735
0.051332 0.482498
0.803583 0.171209
0.671102 0.940641
0.303995 0.219886
0.245399 0.946471
0.996338 0.416364
0.303110 0.974700
0.830988 0.320505
0.162572 0.746941
0.034577 0.431684
0.813257 0.390912
0.668111 0.774224
0.238105 0.214057
0.372204 0.175512
0.980865 0.684072
0.421461 0.554247
0.962371 0.294687
0.199499 0.564348
0.887783 0.698935
0.135685 0.237678
0.126164 0.083834
0.221625 0.634663
0.839747 0.622211
0.391858 0.301340
0.707968 0.211341
0.646168 0.662648
0.683218 0.813379
0.141850 0.616199
0.463668 0.660146
0.703238 0.629078
0.328135 0.374645
0.582812 0.078890
0.238258 0.289529
0.631092 0.369945
0.530259 0.856319
0.691427 0.640248
0.249184 0.102664
0.862026 0.042116
0.910642 0.094302
0.477706 0.867580
0.547960 0.046236
0.165044 0.771783
0.149480 0.660421
0.982025 0.594256
0.105991 0.786737
0.813105 0.879391
0.691061 0.383984
0.942320 0.793023
0.852931 0.770226
0.836055 0.382336
0.948027 0.871242
0.039247 0.827265
0.772149 0.955626
0.016205 0.504837
0.017457 0.074770
0.024964 0.584826
0.843410 0.245094
0.032472 0.618061
0.742302 0.054445
0.582110 0.159276
0.418470 0.515946
0.557085 0.057344
0.311838 0.903165
0.703177 0.166784
0.928465 0.454970
0.133824 0.743339
0.212500 0.704398
0.653066 0.666494
0.150884 0.314310
0.901456 0.626301
0.338176 0.007447
0.691794 0.741508
0.690359 0.140751
0.608081 0.386761
0.100101 0.538041
0.812342 0.759850
0.502060 0.333140
0.730613 0.174169
0.511307 0.269295
0.868282 0.409162
0.403516 0.178198
0.254097 0.306619
0.368480 0.844478
0.972228 0.800317
0.546861 0.520463
0.742698 0.798822
0.506363 0.122532
0.313730 0.640584
0.076968 0.840907
0.858516 0.791192
0.795770 0.596393
0.879940 0.521043
0.289193 0.870846
0.086398 0.202124
0.135289 0.291299
0.067568 0.173223
0.550554 0.843318
0.668844 0.646657
0.152196 0.411756
0.524857 0.349712
0.364544 0.406018
0.861080 0.745293
0.881283 0.997467
0.906278 0.418867
0.630055 0.850703
0.823084 0.912595
0.395184 0.880947
0.754814 0.067293
0.545091 0.197455
0.488571 0.854427
0.112522 0.173009
0.960784 0.943480
0.697226 0.611011
0.002319 0.957305
0.185522 0.073794
0.442946 0.311228
0.046388 0.519425
0.468642 0.804682
0.879910 0.001587
0.302835 0.774560
0.609607 0.724570
0.907437 0.110935
0.737632 0.164892
0.403974 0.295450
0.780786 0.388073
0.099185 0.187048
0.942900 0.085208
0.523972 0.824946
0.927458 0.532945
0.689840 0.661702
0.830103 0.338084
0.479080 0.447493
0.709555 0.897488
0.483047 0.562914
0.459609 0.922758
0.887692 0.987945
0.027589 0.410199
0.603504 0.698691
0.643849 0.346141
0.435957 0.646290
0.866604 0.280038
0.431471 0.457747
0.469924 0.062227
0.193182 0.193243
0.164251 0.388073
0.655263 0.490341
0.969207 0.529771
0.798364 0.776971
0.291818 0.140629
0.677053 0.529771
0.954375 0.126499
0.590289 0.804590
0.205573 0.788385
0.576739 0.531205
0.486404 0.008057
0.251534 0.685080
0.624622 0.389813
0.930326 0.538347
0.312265 0.836573
0.304971 0.537034
0.145268 0.258431
0.052034 0.931547
0.033174 0.444868
0.698843 0.190588
0.621570 0.691458
0.648762 0.009857
0.270333 0.469405
0.074496 0.655690
0.212470 0.672018
0.311472 0.615589
0.705313 0.921690
0.840785 0.804163
0.976135 0.101627
0.817866 0.839656
0.416761 0.796625
0.707816 0.169042
0.659444 0.690359
0.217658 0.896237
0.217200 0.269845
0.308817 0.370098
0.844600 0.367504
0.275765 0.572344
0.736229 0.774834
0.495621 0.041597
0.123600 0.682119
0.200201 0.744224
0.279733 0.283425
0.603168 0.666677
0.862545 0.251991
0.243843 0.013672
0.289773 0.739189
0.953825 0.933622
0.687124 0.155858
0.637654 0.801050
0.165777 0.963530
0.024689 0.586779
0.837123 0.256447
0.047365 0.347453
0.469283 0.416150
0.003113 0.365154
0.193030 0.619282
0.155431 0.968963
0.162420 0.480300
0.930906 0.569018
0.367992 0.935270
0.971129 0.372692
0.974090 0.251076
0.178137 0.618305
0.646992 0.973815
0.873348 0.678945
0.817286 0.033082
0.104099 0.403180
0.712424 0.513565
0.183416 0.547197
0.056124 0.067965
0.898404 0.863735
0.935392 0.305155
0.478164 0.502243
0.130222 0.656819
0.811914 0.743248
0.213202 0.134098
0.643635 0.129917
0.681326 0.449263
0.698691 0.485458
0.266305 0.148473
0.280587 0.575304
0.037660 0.852626
0.576403 0.074648
0.545000 0.816279
0.722892 0.040376
0.879543 0.775781
0.980346 0.783898
0.464217 0.433760
0.220130 0.336222
0.658742 0.350139
0.784845 0.996612
0.186316 0.524644
0.140110 0.843196
0.463240 0.515915
0.594531 0.511734
0.586596 0.315928
0.156072 0.527238
0.310678 0.054262
0.687765 0.256417
0.457045 0.693564
0.294626 0.582385
0.877438 0.723869
0.870266 0.233039
0.661977 0.553148
0.655934 0.588549
0.858364 0.974334
0.964965 0.133335
0.346202 0.590258
0.030000 0.745537
0.984313 0.944609
0.815363 0.759789
0.866970 0.969634
0.152104 0.343486
0.421491 0.125095
0.019379 0.367473
0.591266 0.533280
0.114597 0.905911
0.154057 0.359355
0.946409 0.919706
0.266793 0.513993
0.138981 0.968413
0.454390 0.311380
0.210150 0.293802
0.083041 0.945738
0.113315 0.503159
0.676901 0.563128
0.870968 0.980987
0.251045 0.038453
0.189428 0.778527
0.640645 0.400098
0.882565 0.257515
0.850734 0.861782
0.122196 0.963439
0.561876 0.931028
0.237739 0.852046
0.575182 0.699454
0.970489 0.151006
0.352641 0.845729
0.589618 0.637288
0.310099 0.382794
0.017792 0.680410
0.677358 0.352824
0.965728 0.794458
0.049654 0.328837
0.049593 0.633930
0.876919 0.952696
0.433790 0.997375
0.389019 0.157811
0.947356 0.009308
0.876919 0.578082
0.669698 0.988739
0.212287 0.612293
0.861782 0.280099
0.479385 0.154912
0.899411 0.078799
0.364635 0.781793
0.951628 0.894894
0.401868 0.827113
0.343272 0.028169
0.946623 0.751854
0.714682 0.010193
0.111972 0.720145
0.020020 0.652882
0.939421 0.676687
0.718680 0.197790
0.345134 0.449385
0.096988 0.975616
0.267403 0.932920
0.842433 0.309427
0.081149 0.469924
0.025300 0.193670
0.686422 0.210273
0.145543 0.779534
0.176946 0.730613
0.399762 0.198340
0.495224 0.694296
0.825495 0.754082
0.979797 0.834223
0.478469 0.016236
0.211585 0.038759
0.299509 0.844478
0.065462 0.822657
0.827143 0.875851
0.372845 0.963713
0.411847 0.506516
0.101901 0.587024
0.088870 0.898740
0.461867 0.477645
0.765496 0.044282
0.837062 0.902860
0.878567 0.416120
0.957610 0.725578
0.179510 0.238960
0.212378 0.090152
0.802332 0.910245
0.511093 0.461470
0.601184 0.298807
0.246162 0.145940
0.161596 0.258248
0.171697 0.418378
0.425764 0.535905
0.185156 0.668996
0.310739 0.441359
0.375591 0.613605
0.220283 0.609516
0.799799 0.697531
0.561052 0.484298
0.252602 0.801874
0.686850 0.648091
0.772637 0.303232
0.711234 0.850703
0.926969 0.308969
0.307352 0.163427
0.687551 0.400311
0.220832 0.940825
0.561785 0.879208
0.317209 0.538896
0.646870 0.362743
0.676809 0.253059
0.308237 0.419233
0.871578 0.814417
0.618915 0.208289
0.225929 0.932218
0.685934 0.857509
0.393719 0.084750
0.254433 0.090823
0.824335 0.559374
0.056978 0.427931
0.307077 0.443403
0.964660 0.355876
0.717856 0.761040
0.161504 0.916318
0.644093 0.401837
0.052980 0.583575
0.267647 0.703757
0.482711 0.727470
0.218665 0.657979
0.333140 0.632588
0.346782 0.104587
0.416486 0.365001
0.446486 0.182073
0.251411 0.066256
0.498489 0.272805
0.843562 0.883175
0.164647 0.768548
0.548631 0.166906
0.138218 0.257637
0.690725 0.976775
0.077944 0.703421
0.046571 0.783654
0.496872 0.411725
0.520676 0.082003
0.887173 0.042787
0.246803 0.969268
0.257118 0.152501
0.315836 0.397900
0.573748 0.865535
0.373882 0.667562
0.752098 0.066530
0.881649 0.654378
0.223090 0.820338
0.725242 0.600085
0.669424 0.492569
0.091220 0.106052
0.083682 0.220557
0.691824 0.858425
0.439436 0.488754
0.359600 0.002594
0.870998 0.681631
0.078219 0.675893
0.201575 0.124882
0.984222 0.627430
0.207556 0.917753
0.995422 0.957762
0.525315 0.837214
0.606800 0.096042
0.821100 0.934111
0.437056 0.985351
0.773461 0.933958
0.906827 0.038667
0.750908 0.013031
0.363781 0.399579
0.029756 0.422040
0.507767 0.912046
0.865963 0.171545
0.250252 0.035066
0.095859 0.733604
0.662282 0.943937
0.616169 0.387158
0.192969 0.473312
0.876400 0.422803
0.259163 0.464553
0.054872 0.265542
0.385571 0.179052
0.344157 0.213141
0.036622 0.922849
0.854030 0.043092
0.041597 0.703665
0.179968 0.558489
0.916044 0.117527
0.930265 0.021210
0.318888 0.740837
0.949522 0.141789
0.884884 0.871212
0.239692 0.729484
0.241249 0.961119
0.939940 0.377087
0.079012 0.030030
0.707877 0.207556
0.829035 0.122044
0.713584 0.198614
0.729148 0.944273
0.987030 0.235389
0.537523 0.457472
0.813868 0.110385
0.480575 0.019837
0.664968 0.803522
0.077792 0.950316
0.451430 0.478500
0.647176 0.367718
0.098117 0.015381
0.083895 0.479354
0.804132 0.854701
0.454054 0.425642
0.633106 0.850673
0.840205 0.916227
0.123569 0.764916
0.841273 0.739738
0.776391 0.625996
0.231147 0.355510
0.457320 0.344096
0.757012 0.848994
0.430128 0.067965
0.652638 0.977935
0.240944 0.990936
0.898556 0.952849
0.586962 0.891751
0.468429 0.159307
0.641652 0.576128
0.989013 0.519059
0.870418 0.749168
0.542528 0.689383
0.720298 0.556322
0.732200 0.241981
0.832148 0.507309
0.232429 0.042909
0.440443 0.901120
0.639027 0.326792
0.275369 0.745018
0.836909 0.218482
0.122898 0.698965
0.291849 0.483230
0.699606 0.076815
0.172185 0.786493
0.997803 0.435316
0.706839 0.244911
0.757897 0.782098
0.685751 0.549455
0.223975 0.934263
0.509598 0.442030
0.838679 0.058565
0.694113 0.827052
0.033784 0.924619
0.236030 0.298837
0.772973 0.901700
0.002411 0.231666
0.758171 0.156499
0.666250 0.608112
0.112796 0.877010
0.834742 0.820612
0.855647 0.904904
0.397168 0.191259
0.923460 0.101779
0.991852 0.703238
0.276040 0.049196
0.916501 0.269539
0.300394 0.573962
0.563646 0.721152
0.348369 0.475692
0.189886 0.981903
0.572558 0.509507
0.245033 0.879208
0.514512 0.315104
0.334239 0.892422
0.235908 0.057253
0.820185 0.002319
0.087710 0.302835
0.643544 0.963622
0.576067 0.723258
0.720054 0.738334
0.186193 0.248054
0.605335 0.127110
0.614490 0.993805
0.833216 0.378521
0.064882 0.999298
0.834376 0.058351
0.766289 0.299203
0.841334 0.959990
0.366527 0.366497
0.685720 0.336711
0.894925 0.238105
0.203742 0.875210
0.993072 0.230567
0.281320 0.729362
0.414136 0.284402
0.365978 0.145268
0.932035 0.107639
0.744011 0.532243
0.014679 0.709037
0.651662 0.894803
0.008423 0.470016
0.183081 0.734184
0.558367 0.508499
0.325083 0.569048
0.171545 0.614307
0.275063 0.606433
0.328959 0.538377
0.698569 0.594440
0.052461 0.916868
0.082308 0.387707
0.333140 0.610858
0.839442 0.257241
0.322611 0.475448
0.726066 0.217414
0.402020 0.207770
0.205420 0.986602
0.763634 0.242409
0.362224 0.876614
0.042940 0.221473
0.742515 0.477950
0.471297 0.106510
0.212073 0.790826
0.080752 0.495254
0.810389 0.454390
0.458754 0.022584
0.941740 0.828425
0.307962 0.735191
0.831874 0.560198
0.596454 0.346690
0.229804 0.908200
0.250282 0.322306
0.082400 0.060823
0.701956 0.052126
0.665395 0.950957
0.868252 0.844996
0.077975 0.341807
0.803888 0.730857
0.289315 0.259346
0.922147 0.187292
0.227760 0.300119
0.796777 0.876247
0.298257 0.444899
0.084811 0.471877
0.251015 0.009919
0.191809 0.527665
0.284158 0.531297
0.260933 0.717643
0.736412 0.251411
0.278970 0.118503
0.412702 0.852992
0.779901 0.106967
0.175207 0.966521
0.840846 0.906186
0.845943 0.517350
0.837123 0.957427
0.613056 0.330302
0.424329 0.010041
0.334696 0.560045
0.451582 0.077731
0.786676 0.928465
0.105167 0.045534
0.482345 0.889950
0.588427 0.509384
0.360698 0.412763
0.592456 0.084414
0.899594 0.928159
0.878719 0.042879
0.868282 0.147191
0.880245 0.536424
0.861232 0.299417
0.369488 0.637410
0.002472 0.091678
0.697806 0.476577
0.194189 0.843837
0.094455 0.423231
0.657247 0.407270
0.962584 0.895535
0.754570 0.340037
0.187170 0.061037
0.015320 0.459548
0.601825 0.062319
0.582690 0.123875
0.269265 0.799310
0.991821 0.523057
0.733299 0.799432
0.684011 0.761193
0.897031 0.207221
0.163823 0.010681
0.684866 0.423963
0.143498 0.429029
0.009217 0.758751
0.139012 0.314280
0.732200 0.471053
0.305521 0.062532
0.269448 0.937132
0.402417 0.101260
0.721732 0.204779
0.800348 0.484817
0.046266 0.184545
0.799371 0.873348
0.196265 0.675161
0.956847 0.175176
0.040529 0.371014
0.462813 0.548204
0.970214 0.270730
0.119602 0.892392
0.098422 0.090274
0.235542 0.085116
0.132847 0.265145
0.603961 0.705405
0.166295 0.979125
0.143071 0.085757
0.728996 0.560778
0.755181 0.680319
0.146825 0.220191
0.485183 0.023774
0.541490 0.684866
0.373760 0.824580
0.796045 0.780633
0.018128 0.567034
0.129826 0.332224
0.995453 0.865963
0.159764 0.604755
0.353893 0.567553
0.492508 0.988311
0.284097 0.761467
0.583575 0.050874
0.576250 0.983551
0.015961 0.041902
0.435621 0.816095
0.561846 0.447737
0.566485 0.943022
0.929044 0.182318
0.286081 0.573901
0.374340 0.711417
0.794885 0.830409
0.656697 0.507584
0.080508 0.140599
0.656270 0.423200
0.475173 0.877743
0.644642 0.970519
0.962310 0.031281
0.333171 0.474593
0.725486 0.142125
0.880673 0.949095
0.643208 0.108097
0.834803 0.500992
0.832301 0.742821
0.115970 0.728629
0.055177 0.999481
0.642293 0.044069
0.075961 0.084323
0.799371 0.777398
0.944212 0.230262
0.483627 0.855037
0.557115 0.142186
0.392590 0.885678
0.390027 0.277169
0.861721 0.530015
0.280343 0.200507
0.115543 0.276986
0.773644 0.738762
0.019471 0.976897
0.493667 0.716544
0.706809 0.262917
0.003723 0.084414
0.840541 0.354747
0.633930 0.322489
0.203375 0.646138
0.785760 0.291086
0.519669 0.548753
0.970702 0.715995
0.331126 0.779626
0.510971 0.711173
0.554308 0.314188
0.804804 0.607837
0.117801 0.099490
0.312326 0.621662
0.086032 0.308176
0.918638 0.389080
0.175329 0.414624
0.829707 0.903745
0.069094 0.875027
0.658193 0.885037
0.437941 0.691702
0.854518 0.109043
0.071139 0.643849
0.140110 0.734092
0.025636 0.465377
0.099063 0.151219
0.198981 0.751213
0.232276 0.873470
0.091372 0.622181
0.149449 0.688681
0.767937 0.759178
0.639058 0.317087
0.194464 0.733665
0.750938 0.883480
0.889859 0.607105
0.352580 0.847102
0.320322 0.025758
0.047212 0.530045
0.058687 0.185461
0.105838 0.970305
0.173711 0.680563
0.786706 0.154149
0.796503 0.728690
0.574786 0.947691
0.077212 0.498215
0.643788 0.969115
0.030152 0.380963
0.313425 0.474502
0.360546 0.781487
0.059175 0.899045
0.402173 0.808588
0.390057 0.098544
0.549272 0.163305
0.838252 0.515885
0.115513 0.699637
0.455916 0.188055
0.908017 0.740806
0.539415 0.927976
0.883236 0.732322
0.307321 0.914121
0.502121 0.801691
0.346629 0.978057
0.993408 0.593249
0.181280 0.410260
0.227180 0.283914
0.033998 0.194189
0.468154 0.925321
0.589221 0.373669
0.412549 0.113498
0.877316 0.200171
0.245766 0.995697
0.798456 0.595386
0.000427 0.662709
0.484817 0.278085
0.902707 0.577593
0.720695 0.846095
0.131596 0.812769
0.087313 0.016175
0.352275 0.334941
0.837428 0.208563
0.189093 0.204901
0.729820 0.093661
0.719108 0.593707
0.708060 0.261452
0.865535 0.334208
0.364177 0.629749
0.276009 0.980407
0.521317 0.685934
0.081240 0.973388
0.326090 0.891049
0.695547 0.178076
0.026429 0.612659
0.846797 0.423414
0.890835 0.419599
0.892697 0.884518
0.407971 0.644978
0.099155 0.978820
0.899808 0.097140
0.203619 0.549791
0.799585 0.096835
0.063356 0.525925
0.740989 0.720695
0.107700 0.866024
0.842067 0.500046
0.595019 0.708151
0.859828 0.376598
0.076388 0.229926
0.500259 0.527146
0.340648 0.494644
0.918455 0.481246
0.337931 0.831874
0.532609 0.921445
0.666128 0.045747
0.158116 0.963286
0.100772 0.114933
0.036012 0.151097
0.363659 0.974151
0.134220 0.971831
0.128025 0.284890
0.540666 0.285043
0.944182 0.508286
0.036866 0.752556
0.307962 0.213660
0.243202 0.027528
0.217231 0.035096
0.875149 0.610401
0.017487 0.651509
0.680471 0.112766
0.822260 0.482650
0.210791 0.171209
0.536393 0.158055
0.271889 0.102756
0.266396 0.786737
0.752281 0.095859
0.384899 0.936644
0.389721 0.111301
0.986541 0.892819
0.122654 0.453749
0.298593 0.050050
0.036775 0.555834
0.564104 0.006775
0.526780 0.144841
0.089969 0.356212
0.254036 0.966552
0.320933 0.986267
0.694937 0.751457
0.645070 0.442183
0.114597 0.913236
0.785485 0.740837
0.225959 0.056307
0.189917 0.969359
0.427839 0.149785
0.728172 0.150395
0.741173 0.907743
0.398328 0.162725
0.091861 0.324473
0.005493 0.008911
0.809992 0.620930
0.101840 0.749229
0.542192 0.441908
0.955046 0.133763
0.878384 0.997009
0.499405 0.170690
0.861141 0.457564
0.822810 0.290170
0.618366 0.684530
0.108737 0.143406
0.091464 0.668752
0.439619 0.817652
0.515305 0.715903
0.806513 0.906491
0.659932 0.110050
0.516404 0.862514
0.122501 0.966704
0.912412 0.963286
0.988159 0.763451
0.240822 0.839656
0.127628 0.978637
0.875942 0.547746
0.797937 0.679586
0.707999 0.616901
0.280221 0.006226
0.521439 0.872372
0.135472 0.647389
0.831812 0.676473
0.157598 0.564745
0.053346 0.316324
0.264473 0.938780
0.669759 0.785089
0.877316 0.677236
0.515458 0.688681
0.399731 0.191137
0.692923 0.110080
0.940275 0.157231
0.025910 0.434675
0.942808 0.378857
0.198737 0.827052
0.761711 0.748589
0.166845 0.020844
0.895627 0.171300
0.513016 0.875668
0.442335 0.824976
0.789819 0.974517
0.183569 0.582965
0.902799 0.478774
0.376202 0.611988
0.207953 0.747703
0.932096 0.108371
0.470870 0.970397
0.427076 0.542253
0.187780 0.437757
0.149205 0.067782
0.342082 0.362255
0.473189 0.024171
0.025910 0.637898
0.705741 0.024781
0.298227 0.891110
0.058077 0.665181
0.185339 0.103793
0.901212 0.381573
0.960936 0.491195
0.608509 0.945158
0.903287 0.825709
0.529588 0.851558
0.543443 0.118870
0.065798 0.825892
0.381298 0.793573
0.064730 0.996307
0.630787 0.415357
0.723502 0.827967
0.666158 0.415174
0.722587 0.601398
0.668813 0.534104
0.697989 0.539750
0.675832 0.798700
0.791589 0.364635
0.581530 0.848628
0.615955 0.142918
0.970946 0.072024
0.077425 0.443220
0.775506 0.262886
0.529099 0.501877
0.899777 0.366192
0.659810 0.180273
0.474990 0.342357
0.026368 0.994263
0.895688 0.681997
0.634022 0.996887
0.295999 0.602283
0.411939 0.489273
0.953368 0.386578
0.370006 0.792596
0.239601 0.753655
0.147801 0.152013
0.092532 0.371868
0.849910 0.111850
0.805506 0.082461
0.288858 0.725242
0.246986 0.696310
0.282693 0.286538
0.788263 0.836604
0.251259 0.167516
0.919919 0.713523
0.017640 0.038148
0.220862 0.253426
0.791406 0.371471
0.246071 0.687521
0.938536 0.646443
0.078860 0.796319
0.050478 0.216407
0.989380 0.189825
0.452742 0.495773
0.852107 0.021729
0.212409 0.794916
0.323618 0.189764
0.891964 0.410474
0.899197 0.041932
0.061983 0.332133
0.004913 0.614551
0.168737 0.055757
0.149663 0.891507
0.229774 0.120884
0.438093 0.889279
0.703879 0.126286
0.648549 0.048738
0.440809 0.505570
0.031434 0.464797
0.117527 0.843654
0.484848 0.984924
0.066805 0.015656
0.262795 0.708579
0.904935 0.929136
0.873684 0.917844
0.864284 0.151067
0.323832 0.971129
0.237251 0.201209
0.363353 0.190954
0.837947 0.792199
0.889920 0.277322
0.887356 0.798486
0.167241 0.277322
0.228980 0.235023
0.014283 0.643056
0.280526 0.026948
0.621052 0.408368
0.628285 0.851436
0.147954 0.016236
0.670339 0.833064
0.764580 0.827784
0.214789 0.374157
0.283914 0.843684
0.439375 0.900998
0.048860 0.670553
0.118656 0.807154
0.226814 0.262032
0.168401 0.466842
0.909757 0.960570
0.987548 0.914609
0.970336 0.209998
0.017823 0.270821
0.210608 0.611042
0.302622 0.392407
0.599536 0.138127
0.435072 0.286752
0.819269 0.272469
0.103977 0.887143
0.651326 0.677694
0.162938 0.951079
0.543931 0.326701
0.495010 0.338237
0.570238 0.670644
0.235572 0.676138
0.658712 0.009552
0.831568 0.772790
0.135166 0.766533
0.483901 0.067537
0.452406 0.339366
0.707633 0.553850
0.546464 0.322031
0.193640 0.108310
0.902310 0.026948
0.271279 0.768700
0.828913 0.760094
0.824122 0.980712
0.200720 0.763817
0.027650 0.009064
0.348857 0.168340
0.365703 0.971404
0.427320 0.353374
0.855220 0.524796
0.445418 0.031617
0.319987 0.540086
0.445936 0.064638
0.595538 0.153935
0.902829 0.791711
0.835414 0.029878
0.954741 0.994415
0.188482 0.615009
0.337291 0.570666
0.952544 0.212836
0.758538 0.008240
0.498611 0.109439
0.130345 0.709952
0.936308 0.185369
0.682546 0.871456
0.426466 0.164373
0.626667 0.707266
0.076327 0.596912
0.191565 0.711966
0.662282 0.944456
0.195929 0.154790
0.616321 0.283334
0.429823 0.140965
0.275735 0.406262
0.892239 0.855800
0.038270 0.759148
0.828120 0.316660
0.094211 0.543107
0.817988 0.729850
0.481613 0.173833
0.525559 0.872311
0.065401 0.969085
0.346690 0.345927
0.008087 0.525864
0.508194 0.309519
0.095462 0.362499
0.128056 0.021210
0.375408 0.938078
0.024140 0.619129
0.248573 0.694754
0.119633 0.753502
0.030244 0.453413
0.513169 0.666616
0.989166 0.543504
0.202673 0.094028
0.807123 0.025483
0.240333 0.657155
0.704306 0.163030
0.647786 0.051668
0.442976 0.428388
0.589343 0.469283
0.097964 0.835383
0.965239 0.412275
0.473037 0.850368
0.904630 0.536546
0.518113 0.725944
0.790918 0.592486
0.512375 0.337107
0.935301 0.946593
0.926450 0.152013
0.860164 0.440107
0.510575 0.598224
0.785089 0.050569
0.166784 0.235786
0.808741 0.151860
0.231056 0.284341
0.901852 0.267739
0.730888 0.858150
0.307443 0.629872
0.660787 0.045625
0.541673 0.351299
0.780816 0.162603
0.769463 0.902646
0.510666 0.557787
0.620746 0.865169
0.192907 0.444197
0.234413 0.988891
0.577990 0.069063
0.873012 0.972991
0.607959 0.987579
0.227058 0.177740
0.405438 0.720939
0.565325 0.799646
0.873867 0.581011
0.815149 0.941679
0.729514 0.300760
0.971496 0.739036
0.798212 0.933195
0.896908 0.481338
0.056551 0.579089
0.065371 0.549913
0.121433 0.072146
0.916349 0.825739
0.679617 0.148473
0.819636 0.564684
0.578875 0.713523
0.502029 0.886837
0.998596 0.813776
0.341777 0.582202
0.099826 0.454817
0.395795 0.165349
0.953551 0.567431
0.483230 0.884823
0.469008 0.142155
0.967925 0.087405
0.041688 0.431227
0.432783 0.636067
0.747612 0.713004
0.023652 0.650472
0.056154 0.593371
0.380413 0.338389
0.461715 0.736320
0.570299 0.821039
0.132511 0.541704
0.179205 0.483535
0.983764 0.551744
0.217750 0.882626
0.080264 0.867092
0.997742 0.741569
0.776147 0.354045
0.635640 0.064730
0.496231 0.923856
0.339579 0.902310
0.567064 0.665761
0.135258 0.796686
0.002564 0.114658
0.188025 0.441755
0.651234 0.434828
0.376720 0.586444
0.610492 0.800897
0.275552 0.713431
0.315592 0.757286
0.200842 0.524705
0.208014 0.837611
0.173711 0.733879
0.335215 0.779015
0.924345 0.897610
0.731864 0.521104
0.114658 0.437788
0.693716 0.140446
0.986297 0.901791
0.262642 0.958983
0.730003 0.746727
0.477920 0.127110
0.590197 0.652211
0.563128 0.687551
0.798914 0.342479
0.746391 0.700095
0.233497 0.144322
0.294137 0.451338
0.899442 0.076907
0.637074 0.205664
0.672079 0.497879
0.620228 0.129368
0.447432 0.034364
0.917356 0.035798
0.976684 0.172430
0.656728 0.363506
0.140782 0.486740
0.803797 0.123295
0.846370 0.651509
0.755974 0.054231
0.310343 0.631611
0.271554 0.422834
0.608753 0.072634
0.293191 0.263070
0.554125 0.293283
0.095828 0.557268
0.278237 0.162328
0.780541 0.379589
0.926084 0.641865
0.770226 0.034089
0.463546 0.717795
0.331858 0.417371
0.703421 0.740471
0.875027 0.440718
0.215888 0.832514
0.676382 0.571764
0.400006 0.000366
0.558763 0.460829
0.424238 0.685873
0.379009 0.915860
0.805567 0.088504
0.525437 0.431135
0.343455 0.381787
0.450087 0.667592
0.331248 0.141362
0.559160 0.506882
0.323710 0.603717
0.940825 0.792383
0.966979 0.801721
0.082614 0.802026
0.705039 0.069857
0.481613 0.043336
0.519639 0.449660
0.552995 0.152043
0.359722 0.026490
0.744133 0.175268
0.416334 0.729698
0.259621 0.020997
0.899594 0.626606
0.304300 0.354686
0.249702 0.724235
0.007752 0.933988
0.630879 0.194983
0.793664 0.858608
0.895840 0.552171
0.198553 0.416639
0.780511 0.665395
0.488815 0.861141
0.885922 0.878231
0.726279 0.132267
0.287851 0.528001
0.704062 0.935270
0.117496 0.981689
0.887020 0.283364
0.861782 0.944670
0.379772 0.108493
0.063631 0.543352
0.261605 0.556108
0.060640 0.675436
0.068392 0.809931
0.727409 0.200049
0.336985 0.225776
0.267647 0.696402
0.209571 0.384777
0.876492 0.364544
0.957457 0.816462
0.347026 0.185827
0.884823 0.949705
0.345317 0.660695
0.888791 0.138493
0.717765 0.103519
0.323557 0.790613
0.574572 0.045808
0.527512 0.801965
0.102603 0.480605
0.051149 0.092532
0.609241 0.936918
0.181677 0.362621
0.660848 0.656514
0.411878 0.525773
0.839625 0.427015
0.091128 0.280251
0.290262 0.366283
0.097964 0.691366
0.043367 0.598041
0.129368 0.875637
0.822108 0.766503
0.063784 0.834529
0.871883 0.199042
0.936369 0.958037
0.521989 0.454390
0.750420 0.183782
0.420667 0.535844
0.278176 0.970733
0.085238 0.813166
0.970977 0.304483
0.888607 0.866146
0.792291 0.792413
0.891232 0.492172
0.912839 0.733634
0.262703 0.481826
0.563036 0.130528
0.414197 0.846400
0.475204 0.987915
0.226478 0.758385
0.186834 0.027711
0.030091 0.236366
0.111515 0.101474
0.493759 0.104953
0.783746 0.080935
0.076907 0.261574
0.183569 0.508591
0.203345 0.781030
0.811609 0.889309
0.574755 0.203619
0.438459 0.337626
0.424329 0.526109
0.428266 0.526322
0.871364 0.683889
0.907895 0.137486
0.585162 0.808679
0.010620 0.571856
0.970794 0.164251
0.096652 0.783990
0.699698 0.226112
0.706503 0.945250
0.112583 0.689810
0.030366 0.361919
0.098056 0.825770
0.948943 0.816370
0.536088 0.812830
0.969146 0.157323
0.271371 0.443464
0.233558 0.896908
0.781976 0.051271
0.111576 0.797967
0.220557 0.757256
0.485092 0.533372
0.456252 0.695029
0.825190 0.789270
0.651234 0.849208
0.054628 0.638783
0.546525 0.658834
0.867580 0.947478
0.059694 0.756584
0.797205 0.085788
0.076052 0.774743
0.601550 0.717521
0.268258 0.271157
0.743767 0.041749
0.021210 0.899503
0.003662 0.407300
0.397229 0.936613
0.071902 0.639698
0.813471 0.765831
0.672750 0.604938
0.515061 0.167943
0.049104 0.416822
0.187780 0.029450
0.445082 0.961821
0.466384 0.116092
0.193823 0.828852
0.973052 0.931394
0.767754 0.971526
0.180151 0.718955
0.234748 0.911252
0.848292 0.723167
0.784265 0.812891
0.784265 0.119633
0.954222 0.301584
0.129917 0.224433
0.129551 0.566454
0.144230 0.209876
0.722739 0.234107
0.512497 0.852565
0.968352 0.728233
0.081545 0.758873
0.106418 0.651357
0.575365 0.661641
0.917875 0.076754
0.910520 0.250893
0.885891 0.969146
0.249916 0.926298
0.048555 0.105869
0.184179 0.782434
0.131230 0.020844
0.943571 0.701163
0.450301 0.839778
0.152684 0.093753
0.159948 0.206702
0.089724 0.592853
0.460433 0.726432
0.823725 0.841548
0.372173 0.988617
0.133000 0.362651
0.410230 0.469039
0.191900 0.832789
0.459731 0.496109
0.437330 0.555864
0.593982 0.137944
0.513047 0.920988
0.934843 0.167974
0.181066 0.894345
0.326395 0.325999
0.906278 0.529344
0.765191 0.652150
0.978759 0.223518
0.754357 0.049593
0.951262 0.032167
0.546770 0.569903
0.270943 0.711539
0.693564 0.531053
0.083377 0.485244
0.842891 0.361003
0.691275 0.573595
0.226722 0.108585
0.214087 0.319681
0.210730 0.991791
0.553148 0.854213
0.399365 0.707358
0.587329 0.132694
0.649281 0.015961
0.543016 0.451186
0.647023 0.633869
0.443770 0.721793
0.207495 0.962554
0.046632 0.289224
0.949400 0.687429
0.170721 0.569597
0.824915 0.292734
0.912259 0.913999
0.040345 0.629170
0.370525 0.888211
0.814600 0.983398
0.974456 0.985199
0.073000 0.734001
0.623615 0.898984
0.054170 0.702780
0.740043 0.202094
0.025452 0.633198
0.957030 0.903317
0.734611 0.460158
0.435286 0.124332
0.504257 0.651784
0.962279 0.427351
0.375042 0.404981
0.490677 0.823756
0.203894 0.975616
0.273019 0.995941
0.123692 0.924650
0.247902 0.763421
0.270302 0.561724
0.834620 0.323923
0.183630 0.367138
0.792016 0.301584
0.788781 0.673482
0.298471 0.132664
0.363414 0.388623
0.908322 0.820612
0.397656 0.040559
0.753044 0.926206
0.164464 0.480697
0.026307 0.644368
0.312052 0.383618
0.117527 0.598956
0.758568 0.127873
0.996399 0.398511
0.858364 0.913266
0.646016 0.653279
0.820948 0.831141
0.516312 0.047365
0.992889 0.145177
0.406781 0.911222
0.695944 0.451125
0.347148 0.204993
0.417219 0.683889
0.360302 0.327097
0.662618 0.776086
0.092898 0.619495
0.762261 0.204932
0.648396 0.350688
0.604297 0.886624
0.036561 0.716361
0.426283 0.134312
0.740318 0.500961
0.250282 0.687429
0.775292 0.004761
0.264260 0.860195
0.794427 0.790307
0.013855 0.388684
0.589984 0.121738
0.281045 0.554430
0.935118 0.326701
0.642262 0.450728
0.581652 0.554552
0.934965 0.208441
0.707877 0.057924
0.696554 0.483963
0.625050 0.800928
0.649281 0.956145
0.039644 0.596728
0.960448 0.805261
0.436781 0.696158
0.000519 0.706626
0.904874 0.756035
0.189245 0.753258
0.731407 0.470229
0.046205 0.440382
0.892941 0.125767
0.668935 0.774682
0.370617 0.987426
0.991058 0.714469
0.952116 0.682882
0.656972 0.242927
0.438398 0.057833
0.884121 0.944731
0.865017 0.136937
0.704611 0.905545
0.928617 0.469527
0.052889 0.074435
0.024445 0.641560
0.355205 0.120609
0.802026 0.234657
0.777215 0.315104
0.643757 0.013855
0.974609 0.624836
0.183599 0.462752
0.807367 0.582446
0.430830 0.831263
0.264992 0.839442
0.646779 0.659841
0.025147 0.859615
0.641255 0.640309
0.514817 0.064699
0.029054 0.391064
0.748283 0.221534
0.043611 0.722404
0.139134 0.365184
0.393414 0.723777
0.309977 0.942228
0.021699 0.295541
0.114139 0.706381
0.380871 0.718162
0.980773 0.798822
0.903012 0.117527
0.271249 0.304453
0.563036 0.688681
0.179418 0.888943
0.361064 0.204840
0.207038 0.157903
0.258522 0.119877
0.592395 0.831721
0.070589 0.213507
0.516099 0.984069
0.613910 0.810114
0.801599 0.637257
0.548936 0.510636
0.177404 0.095157
0.366344 0.643117
0.551195 0.083926
0.798395 0.966430
0.279733 0.133122
0.956053 0.548448
0.456618 0.570055
0.004456 0.867428
0.891018 0.740349
0.660054 0.313547
0.167333 0.506455
0.258034 0.785882
0.086520 0.336131
0.219825 0.909146
0.606769 0.357494
0.653951 0.379894
0.072390 0.734977
0.973693 0.738060
0.024354 0.863948
0.324686 0.621754
0.526994 0.003632
0.751823 0.206641
0.542528 0.538865
0.722983 0.596026
0.366192 0.391186
0.299600 0.154881
0.755058 0.233222
0.132298 0.426008
0.096927 0.353160
0.026276 0.432264
0.110172 0.927335
0.807489 0.019501
0.784417 0.911344
0.892270 0.484939
0.738762 0.467025
0.556841 0.732627
0.562365 0.423322
0.025788 0.454665
0.581622 0.092410
0.988189 0.207587
0.756554 0.206275
0.912473 0.091983
0.766076 0.285043
0.066958 0.317331
0.439558 0.968169
0.651112 0.432264
0.189917 0.339579
0.944487 0.502762
0.879818 0.018250
0.853755 0.367718
0.945860 0.808008
0.062227 0.386364
0.826655 0.747917
0.317789 0.927000
0.683462 0.540361
0.455397 0.158849
0.485397 0.346812
0.283975 0.274819
0.295175 0.555712
0.408368 0.650410
0.916379 0.466079
0.303018 0.247383
0.807764 0.168493
0.794244 0.792657
0.672201 0.404798
0.624928 0.687002
0.129673 0.711234
0.348613 0.457869
0.063540 0.953490
0.140782 0.573321
0.094638 0.167180
0.260201 0.888546
0.263436 0.913144
0.176763 0.623341
0.722251 0.082614
0.351634 0.403729
0.441023 0.935636
0.571368 0.988525
0.214850 0.250374
0.056185 0.233192
0.424085 0.669698
0.026490 0.530107
0.232185 0.181951
0.580157 0.896603
0.154027 0.042055
0.054537 0.514267
0.563128 0.874111
0.843623 0.903073
0.294809 0.486801
0.076144 0.511002
0.001495 0.433424
0.061739 0.001617
0.415754 0.846675
0.910581 0.019623
0.178259 0.580493
0.233100 0.716361
0.386090 0.189673
0.326365 0.816462
0.894559 0.250526
0.717277 0.927427
0.322855 0.988006
0.150609 0.551561
0.093814 0.496902
0.902829 0.225745
0.976012 0.044130
0.954955 0.161657
0.370098 0.820887
0.054323 0.654683
0.680288 0.812525
0.237678 0.855464
0.745598 0.074923
0.897855 0.066073
0.941008 0.805597
0.358440 0.915891
0.128513 0.737571
0.963866 0.241401
0.689444 0.553423
0.686300 0.565966
0.762230 0.815455
0.579272 0.489578
0.736900 0.809717
0.398419 0.956420
0.573321 0.560533
0.982025 0.907498
0.812647 0.969878
0.958739 0.602771
0.369152 0.817621
0.199652 0.460585
0.188421 0.777184
0.966063 0.262612
0.757866 0.804224
0.014069 0.997314
0.730247 0.420820
0.369793 0.893796
0.409742 0.496078
0.140355 0.579119
0.087405 0.071810
0.246315 0.784417
0.150822 0.113071
0.873348 0.518632
0.980316 0.894345
0.279977 0.164983
0.608173 0.811762
0.618976 0.392132
0.641865 0.223579
0.870022 0.103030
0.345500 0.918119
0.426740 0.342051
0.410749 0.846217
0.858852 0.632862
0.067782 0.413465
0.160924 0.857570
0.573260 0.641560
0.393536 0.957915
0.231330 0.729759
0.123417 0.240028
0.604328 0.048250
0.568529 0.564287
0.068880 0.094363
0.854549 0.200568
0.288888 0.631275
0.359294 0.221778
0.058718 0.082705
0.481826 0.144292
0.258736 0.066195
0.321848 0.629658
0.709342 0.041993
0.094333 0.164739
0.636006 0.580493
0.955046 0.859432
0.606616 0.850490
0.562487 0.896023
0.585833 0.647938
0.959044 0.357219
0.197027 0.987915
0.943815 0.812738
0.329478 0.908231
0.786554 0.803552
0.809717 0.080081
0.520951 0.586413
0.293832 0.756493
0.224708 0.919034
0.036622 0.089450
0.191931 0.167516
0.693991 0.348308
0.404523 0.517685
0.814631 0.068819
0.177740 0.666005
0.601672 0.104587
0.039094 0.284341
0.595172 0.210089
0.162145 0.098514
0.862484 0.499527
0.357646 0.307016
0.893185 0.315714
0.553392 0.679586
0.218482 0.043947
0.156316 0.806299
0.134983 0.093966
0.539567 0.261910
0.336955 0.627400
0.984252 0.404645
0.644673 0.998413
0.482864 0.591296
0.484390 0.938475
0.310373 0.089358
0.276711 0.016327
0.012207 0.747795
0.810541 0.485336
0.357555 0.093661
0.199499 0.321757
0.988739 0.327403
0.470016 0.534562
0.459029 0.045473
0.898801 0.621113
0.567949 0.151250
0.334330 0.872311
0.838313 0.176580
0.024476 0.677206
0.275765 0.872097
0.221107 0.318064
0.420881 0.954375
0.259346 0.834742
0.517869 0.099521
0.384533 0.169347
0.221564 0.383435
0.991272 0.043336
0.293039 0.728019
0.165441 0.242653
0.492447 0.849116
0.919004 0.908780
0.060579 0.405377
0.979553 0.903623
0.275124 0.978820
0.164678 0.961913
0.268807 0.462874
0.404920 0.900143
0.412946 0.820978
0.743461 0.293558
0.918638 0.033204
0.772271 0.649892
0.202918 0.075381
0.095126 0.928770
0.836756 0.124058
0.014924 0.224036
0.031037 0.568133
0.798914 0.931700
0.504837 0.030549
0.738945 0.194098
0.096286 0.279946
0.252510 0.869045
0.667745 0.039949
0.534440 0.887600
0.982238 0.218696
0.461013 0.726218
0.912595 0.031922
0.067202 0.396893
0.817499 0.795862
0.744407 0.040376
0.850185 0.459883
0.616413 0.380657
0.313669 0.555589
0.052248 0.359386
0.153600 0.803278
0.719596 0.987671
0.794092 0.058138
0.170354 0.756584
0.820795 0.885769
0.239875 0.065065
0.822626 0.662465
0.869625 0.376293
0.047487 0.233039
0.028840 0.655782
0.760857 0.968047
0.839290 0.066805
0.127293 0.195105
0.057436 0.678335
0.062227 0.873653
0.942259 0.551744
0.805994 0.708518
0.276955 0.912107
0.860988 0.447066
0.903745 0.849483
0.683706 0.810694
0.108493 0.975219
0.205420 0.191321
0.201270 0.775872
0.216865 0.965484
0.307108 0.613025
0.923032 0.149358
0.983123 0.497574
0.680776 0.327433
0.730766 0.502060
0.710593 0.618824
0.489395 0.001495
0.864711 0.263466
0.041169 0.468917
0.353954 0.342082
0.503922 0.971313
0.012970 0.155797
0.849483 0.097018
0.784417 0.685385
0.832881 0.120121
0.726890 0.027711
0.681234 0.794397
0.508774 0.879513
0.699728 0.519425
0.486373 0.006165
0.588519 0.704886
0.956175 0.855586
0.243477 0.192083
0.397473 0.963134
0.214301 0.635273
0.291757 0.735679
0.149571 0.213294
0.978423 0.696554
0.354717 0.883328
0.465499 0.683462
0.231208 0.197363
0.327738 0.779290
0.609027 0.929533
0.950407 0.205664
0.190741 0.369030
0.774957 0.211005
0.013123 0.560564
0.703024 0.483505
0.314737 0.121006
0.839534 0.978637
0.057894 0.688955
0.612506 0.621845
0.063967 0.396985
0.710288 0.461867
0.747276 0.926359
0.816095 0.767937
0.843745 0.938871
0.835627 0.649312
0.045351 0.798608
0.856868 0.801843
0.886410 0.537889
0.038087 0.598712
0.203528 0.274667
0.667592 0.380474
0.935423 0.583666
0.017579 0.126133
0.430342 0.545732
0.863247 0.177038
0.164769 0.729911
0.001648 0.128269
0.892880 0.755272
0.431654 0.915952
0.510147 0.324229
0.378368 0.366741
0.528886 0.421979
0.820551 0.242378
0.070894 0.962889
0.784082 0.665822
0.298959 0.462447
0.455214 0.443983
0.662893 0.055544
0.414502 0.171758
0.333445 0.225105
0.904233 0.081484
0.575121 0.509568
0.124516 0.634999
0.282235 0.253151
0.756340 0.037629
0.205420 0.014069
0.110630 0.377819
0.032197 0.821772
0.333201 0.244087
0.419294 0.939116
0.436445 0.695456
0.401227 0.128086
0.037355 0.672384
0.281808 0.600940
0.628559 0.808832
0.323984 0.575030
0.038972 0.675130
0.145207 0.712394
0.240059 0.984466
0.223640 0.225288
0.153966 0.793054
0.422407 0.929228
0.937437 0.023988
0.175787 0.758934
0.575304 0.885311
0.808222 0.589740
0.767693 0.646413
0.332652 0.126438
0.228004 0.852901
0.554277 0.127689
0.657338 0.970489
0.869472 0.524125
0.405072 0.027650
0.462600 0.452467
0.491012 0.174596
0.895016 0.438917
0.261666 0.929289
0.520493 0.460311
0.513474 0.196570
0.738212 0.484756
0.198675 0.492355
0.915799 0.399792
0.182440 0.137669
0.840541 0.092135
0.559069 0.086337
0.440626 0.908658
0.393902 0.324412
0.711509 0.502182
0.253548 0.843501
0.581896 0.443007
0.327464 0.680258
0.874569 0.220801
0.833430 0.224647
0.314310 0.903043
0.120060 0.350993
0.017304 0.425031
0.030335 0.083834
0.089358 0.658803
0.872646 0.245491
0.241462 0.936735
0.042207 0.452620
0.084964 0.174810
0.711692 0.880673
0.938841 0.857631
0.955504 0.196326
0.079073 0.489364
0.959441 0.317301
0.827570 0.380474
0.464370 0.503830
0.454726 0.065737
0.480117 0.027985
0.475753 0.299203
0.506027 0.822260
0.658773 0.508042
0.906278 0.601856
0.866207 0.785119
0.097110 0.840999
0.410932 0.272408
0.545854 0.936705
0.276894 0.780084
0.013001 0.644734
0.583728 0.287332
0.045747 0.369243
0.482864 0.748711
0.054445 0.557360
0.098392 0.895871
0.032105 0.165929
0.251442 0.689840
0.322611 0.982269
0.343944 0.079012
0.672781 0.185736
0.864711 0.338023
0.650807 0.794427
0.139958 0.019654
0.670156 0.779565
0.854915 0.464431
0.489853 0.269143
0.612018 0.298441
0.322214 0.817835
0.682394 0.377819
0.894436 0.625202
0.822993 0.863674
0.926817 0.419568
0.681417 0.815729
0.732871 0.282266
0.447768 0.861324
0.337260 0.919248
0.164922 0.890011
0.517289 0.161107
0.353130 0.804468
0.674673 0.973235
0.105289 0.859615
0.943510 0.756340
0.309305 0.620746
0.153569 0.071963
0.066805 0.608997
0.571917 0.906491
0.589129 0.805475
0.728294 0.091617
0.564684 0.080752
0.353191 0.694357
0.833705 0.512833
0.927732 0.595080
0.756432 0.245705
0.014679 0.743706
0.801019 0.614399
0.563646 0.011994
0.885434 0.788781
0.470351 0.863552
0.031861 0.998291
0.999023 0.289804
0.461531 0.348613
0.376598 0.036866
0.887234 0.150822
0.491714 0.846950
0.829005 0.696158
0.284982 0.556536
0.300974 0.870296
0.814417 0.345836
0.200751 0.166601
0.541917 0.503311
0.140019 0.818903
0.059633 0.872127
0.230354 0.069002
0.411908 0.509445
0.230323 0.350810
0.668813 0.590014
0.960143 0.670919
0.908628 0.084750
0.390118 0.968352
0.263985 0.246437
0.309397 0.733665
0.189398 0.432997
0.980743 0.669424
0.605121 0.299905
0.074770 0.893307
0.582415 0.920499
0.672018 0.674306
0.693075 0.006592
0.795007 0.253914
0.871303 0.137944
0.178381 0.445509
0.249794 0.207038
0.163823 0.490799
0.368542 0.307352
0.831080 0.571184
0.922330 0.138310
0.545335 0.276254
0.696219 0.851619
0.879360 0.595141
0.708335 0.113895
0.581103 0.869472
0.209571 0.249001
0.425428 0.089602
0.783807 0.339732
0.160375 0.521744
0.270486 0.042695
0.541704 0.968535
0.304666 0.781823
0.924467 0.600513
0.516251 0.479781
0.329600 0.441115
0.976775 0.700095
0.216590 0.075869
0.366741 0.102542
0.926878 0.287851
0.940306 0.014557
0.678396 0.413190
0.247597 0.930631
0.622364 0.886868
0.888180 0.558000
0.852840 0.578295
0.503128 0.131565
0.335398 0.100864
0.933744 0.117008
0.812098 0.620594
0.128788 0.458785
0.437696 0.496017
0.130375 0.916105
0.350230 0.693808
0.991760 0.185461
0.620441 0.930784
0.663503 0.446303
0.738243 0.690939
0.599017 0.321909
0.074831 0.761498
0.405255 0.788659
0.216498 0.116214
0.614856 0.782739
0.015870 0.421979
0.439375 0.523453
0.832667 0.810175
0.894131 0.897000
0.711783 0.535020
0.548997 0.695975
0.268044 0.274026
0.305582 0.913511
0.928983 0.024628
0.832240 0.062563
0.101199 0.229316
0.313669 0.552324
0.167425 0.410504
0.671529 0.651814
0.719352 0.096408
0.911283 0.073244
0.933164 0.319315
0.753105 0.705618
0.494186 0.467147
0.976287 0.770013
0.211646 0.245857
0.082705 0.202521
0.105655 0.647114
0.654592 0.083804
0.899716 0.265755
0.853053 0.155461
0.193640 0.328043
0.435011 0.518235
0.642567 0.779870
0.440077 0.933958
0.455977 0.097324
0.396161 0.795312
0.320048 0.566057
0.794549 0.224616
0.042451 0.400922
0.980895 0.501053
0.982238 0.448317
0.717277 0.220588
0.343974 0.881802
0.620258 0.622059
0.646290 0.941191
0.084140 0.681173
0.985809 0.764733
0.909574 0.850063
0.944182 0.293466
0.715232 0.446913
0.543748 0.029237
0.789056 0.727561
0.158300 0.927396
0.535142 0.169591
0.785211 0.205359
0.172674 0.000885
0.584948 0.348827
0.842799 0.503555
0.094790 0.096072
0.780267 0.124058
0.022309 0.682424
0.705618 0.922086
0.025269 0.125187
0.094333 0.387555
0.384136 0.831721
0.479293 0.158849
0.973327 0.309885
0.442427 0.672292
0.437666 0.264382
0.452315 0.274361
0.980163 0.858303
0.203772 0.828608
0.667135 0.422315
0.615375 0.347240
0.657491 0.392315
0.141667 0.680044
0.261910 0.756829
0.238289 0.795251
0.860256 0.652425
0.477981 0.294015
0.752464 0.684317
0.386670 0.027528
0.635853 0.393658
0.346080 0.388806
0.327708 0.508377
0.878140 0.822230
0.964354 0.711997
0.155370 0.640614
0.453749 0.292154
0.608448 0.684225
0.325938 0.465011
0.340861 0.876644
0.151830 0.060884
0.980102 0.105869
0.011719 0.873623
0.797754 0.019044
0.280923 0.976196
0.364452 0.928800
0.582781 0.137883
0.747063 0.118870
0.836604 0.390606
0.080325 0.377453
0.194983 0.185492
0.675192 0.950896
0.004273 0.358257
0.988739 0.447127
0.356090 0.327006
0.169805 0.327403
0.438765 0.926084
0.802545 0.144047
0.925413 0.413251
0.205603 0.306436
0.333323 0.474868
0.252235 0.208258
0.293588 0.223853
0.235237 0.211982
0.870846 0.667379
0.897671 0.690207
0.332499 0.435224
0.270028 0.140843
0.606159 0.132450
0.018983 0.523881
0.302347 0.951628
0.160802 0.995422
0.805628 0.831111
0.692587 0.875759
0.778863 0.945616
0.615436 0.200781
0.845393 0.654347
0.664693 0.825526
0.757073 0.250984
0.811335 0.780999
0.089328 0.503891
0.031770 0.909146
0.346904 0.772881
0.930906 0.687643
0.609333 0.115696
0.740715 0.057802
0.156682 0.330058
0.038118 0.814783
0.526017 0.537797
0.758934 0.747459
0.061922 0.070650
0.310587 0.924863
0.182989 0.296670
0.218482 0.382641
0.446608 0.049898
0.961486 0.241554
0.319254 0.945006
0.152989 0.788507
0.057985 0.357799
0.724601 0.551775
0.609455 0.353313
0.267006 0.902036
0.932707 0.341868
0.186407 0.209326
0.830683 0.088626
0.447096 0.454695
0.243110 0.764031
0.083193 0.358409
0.699179 0.083468
0.493484 0.726554
0.682608 0.215430
0.813929 0.727775
0.457350 0.557878
0.780633 0.863277
0.891507 0.891934
0.259560 0.968627
0.687246 0.954497
0.501968 0.455977
0.372326 0.084628
0.674459 0.892178
0.275094 0.525620
0.554064 0.694601
0.397595 0.008057
0.238350 0.201819
0.330119 0.443312
0.213660 0.660909
0.204352 0.639973
0.418653 0.735679
0.939360 0.054201
0.258644 0.146123
0.037568 0.032899
0.543260 0.507157
0.678884 0.828639
0.315531 0.395245
0.293527 0.467116
0.998871 0.772881
0.262703 0.099307
0.946043 0.011567
0.471938 0.197424
0.968444 0.511643
0.717093 0.884030
0.667684 0.060579
0.358745 0.408032
0.805261 0.348979
0.899869 0.036500
0.752434 0.246010
0.284188 0.784234
0.571886 0.012329
0.618824 0.956816
0.147893 0.427747
0.123814 0.642994
0.120182 0.513718
0.570269 0.052156
0.063478 0.923551
0.365764 0.358226
0.764946 0.868526
0.128117 0.030915
0.721824 0.509415
0.891415 0.034059
0.317026 0.000000
0.914243 0.512040
0.246406 0.281747
0.502976 0.513230
0.993439 0.921873
0.823786 0.173101
0.109897 0.395276
0.964354 0.994049
0.438765 0.475234
0.837306 0.086367
0.584796 0.098178
0.795099 0.703513
0.349620 0.691122
0.144932 0.895047
0.171087 0.681387
0.882626 0.340098
0.512009 0.679006
0.682272 0.003052
0.019013 0.625355
0.575793 0.720328
0.886563 0.326365
0.831935 0.151982
0.212989 0.817499
0.588305 0.182623
0.200354 0.682058
0.321146 0.584368
0.875088 0.493942
0.052339 0.865993
0.256722 0.194403
0.736656 0.488937
0.260598 0.863613
0.790460 0.833094
0.643239 0.675527
0.859951 0.954405
0.869625 0.644307
0.020386 0.240303
0.689871 0.052004
0.217505 0.312265
0.712699 0.581927
0.889187 0.343181
0.992096 0.097995
0.865871 0.074496
0.104923 0.965911
0.262215 0.027985
0.388867 0.964019
0.868404 0.956908
0.713584 0.595325
0.339915 0.900815
0.441084 0.830714
0.093020 0.125278
0.732322 0.814875
0.855159 0.566973
0.968291 0.188604
0.650899 0.206091
0.815210 0.733757
0.149602 0.903958
0.309885 0.065157
0.118809 0.538072
0.614246 0.035798
0.822199 0.595172
0.803522 0.799310
0.841609 0.449507
0.013642 0.542405
0.072817 0.631062
0.509415 0.710868
0.610004 0.862636
0.373333 0.179357
0.814570 0.045625
0.553270 0.095248
0.772362 0.839106
0.822779 0.386212
0.454726 0.565874
0.002564 0.721366
0.960173 0.112430
0.386975 0.857143
0.602069 0.291208
0.781457 0.148961
0.498032 0.697073
0.058016 0.510575
0.817621 0.589404
0.634388 0.601489
0.344493 0.830622
0.509201 0.412702
0.177160 0.813776
0.578021 0.996155
0.950987 0.239479
0.072512 0.504624
0.834162 0.209784
0.765130 0.227760
0.427992 0.640431
0.330943 0.474502
0.302286 0.832209
0.336955 0.636372
0.505600 0.470046
0.267953 0.139897
0.444380 0.288888
0.424207 0.683126
0.397687 0.822596
0.009827 0.062593
0.618610 0.775994
0.422987 0.838954
0.877224 0.333110
0.465651 0.430036
0.362560 0.853084
0.721824 0.981079
0.448286 0.287820
0.617328 0.869198
0.538438 0.318216
0.930357 0.797571
0.910916 0.448927
0.631794 0.898770
0.531541 0.191107
0.150731 0.738243
0.249825 0.048647
0.684072 0.083956
0.260475 0.219031
0.528886 0.593066
0.268380 0.591510
0.216987 0.129795
0.802484 0.714591
0.197211 0.564806
0.098910 0.835322
0.361553 0.822230
0.085086 0.572436
0.151250 0.186316
0.584307 0.927152
0.649068 0.649434
0.397504 0.663167
0.517167 0.505509
0.526353 0.252266
0.789239 0.174322
0.110630 0.288156
0.512589 0.919340
0.905972 0.485183
0.151189 0.378948
0.207190 0.121189
0.883572 0.481307
0.339915 0.390057
0.116947 0.537950
0.268288 0.202338
0.210089 0.702078
0.345897 0.558519
0.478256 0.576952
0.138462 0.006073
0.560808 0.349284
0.350139 0.576403
0.728202 0.729850
0.007508 0.865230
0.104129 0.798486
0.440657 0.963103
0.066164 0.154790
0.445204 0.326518
0.660909 0.515244
0.502457 0.022309
0.121281 0.039583
0.566179 0.860378
0.701163 0.473037
0.381726 0.161626
0.266305 0.232002
0.157414 0.428785
0.426374 0.634754
0.997559 0.671651
0.683645 0.079196
0.493851 0.257881
0.005951 0.949431
0.131596 0.320292
0.729728 0.531571
0.199164 0.721213
0.125462 0.321360
0.048158 0.802667
0.599139 0.935667
0.531022 0.081973
0.462294 0.588549
0.808130 0.654592
0.198614 0.018860
0.593127 0.089053
0.067537 0.308084
0.469344 0.447890
0.173467 0.973540
0.261452 0.977599
0.657308 0.930143
0.286660 0.859523
0.815210 0.031556
0.275613 0.957305
0.890927 0.993469
0.957518 0.804621
0.882809 0.777459
0.242531 0.290292
0.647603 0.085238
0.709799 0.124882
0.210181 0.872036
0.904294 0.941374
0.367656 0.159124
0.024201 0.858486
0.123508 0.356426
0.078768 0.632344
0.358226 0.875729
0.172918 0.427168
0.642354 0.316355
0.075350 0.736106
0.598468 0.004547
0.726035 0.483963
0.718131 0.167211
0.839228 0.842830
0.040254 0.521958
0.258675 0.791742
0.220923 0.951628
0.034150 0.333445
0.183020 0.727287
0.309336 0.937895
0.370983 0.286752
0.879940 0.621662
0.705283 0.410230
0.259346 0.739128
0.502518 0.818720
0.907804 0.456862
0.073092 0.796838
0.319987 0.932646
0.252815 0.204108
0.955992 0.359111
0.220313 0.915708
0.833338 0.127323
0.430494 0.488418
0.343547 0.397900
0.349040 0.855373
0.784112 0.724631
0.013215 0.445357
0.869869 0.089602
0.483230 0.045473
0.923887 0.709922
0.238014 0.045351
0.798181 0.842952
0.918119 0.727714
0.702841 0.537828
0.335276 0.785028
0.160894 0.603473
0.828333 0.206580
0.282083 0.818842
0.294168 0.241127
0.666463 0.849147
0.653157 0.500931
0.730308 0.567156
0.451949 0.200751
0.034455 0.698294
0.165105 0.029664
0.220496 0.055818
0.542772 0.954405
0.048891 0.436781
0.779931 0.167241
0.443922 0.730918
0.719596 0.102695
0.597736 0.086489
0.890683 0.418775
0.545549 0.035279
0.815149 0.947264
0.098361 0.830378
0.095279 0.366466
0.508927 0.252297
0.894223 0.699393
0.549608 0.326304
0.140629 0.384899
0.728507 0.554033
0.751976 0.903714
0.404736 0.954405
0.882931 0.657399
0.276315 0.224799
0.566729 0.669790
0.401318 0.302805
0.155248 0.891598
0.408460 0.359416
0.053346 0.755242
0.029206 0.204779
0.776788 0.990844
0.380596 0.150121
0.420942 0.182318
0.760643 0.093936
0.051393 0.763451
0.004608 0.258065
0.739921 0.547746
0.924253 0.214698
0.124088 0.431928
0.868831 0.990112
0.598407 0.723777
0.396710 0.031007
0.660207 0.907010
0.587786 0.695578
0.181127 0.019654
0.951811 0.311747
0.764367 0.304636
0.002716 0.412183
0.791284 0.975677
0.525559 0.863063
0.499680 0.309915
0.156377 0.755638
0.485305 0.307321
0.528428 0.143101
0.947172 0.644887
0.559435 0.280435
0.760125 0.783135
0.464644 0.048433
0.500198 0.945067
0.481277 0.947264
0.764153 0.852168
0.922819 0.354686
0.683767 0.653890
0.876980 0.291055
0.847041 0.139439
0.816462 0.317484
0.133580 0.480972
0.291665 0.081942
0.201666 0.397687
0.563372 0.046815
0.430036 0.954955
0.330668 0.929655
0.721397 0.779015
0.211310 0.887600
0.073336 0.969420
0.129734 0.977752
0.323099 0.489700
0.270119 0.923673
0.972259 0.317911
0.749565 0.720084
0.498001 0.138127
0.668661 0.106632
0.056917 0.854244
0.695181 0.442091
0.987487 0.707297
0.836940 0.009888
0.017548 0.277474
0.560717 0.287210
0.583728 0.152409
0.913022 0.207373
0.167455 0.542253
0.798853 0.948393
0.055727 0.623737
0.075198 0.277535
0.431410 0.893765
0.615192 0.984344
0.199927 0.314035
0.998962 0.432234
0.458846 0.528062
0.988037 0.761071
0.015900 0.931455
0.862331 0.877194
0.812769 0.018220
0.007385 0.796930
0.936186 0.158452
0.580645 0.519272
0.171361 0.060549
0.727073 0.574267
0.731376 0.581500
0.314432 0.023011
0.243751 0.068392
0.448408 0.836085
0.035829 0.789483
0.230598 0.941313
0.928556 0.047670
0.642201 0.162420
0.711478 0.172002
0.656392 0.538499
0.119633 0.636647
0.902158 0.761040
0.484603 0.418958
0.317087 0.049867
0.477554 0.093265
0.719382 0.413068
0.140873 0.455977
0.739311 0.531236
0.746696 0.275185
0.819025 0.338237
0.212714 0.139958
0.664541 0.796594
0.909635 0.663503
0.760979 0.976806
0.548265 0.446150
0.608539 0.974487
0.553301 0.579455
0.829646 0.972472
0.844020 0.047578
0.146245 0.548997
0.045137 0.919218
0.817866 0.649464
0.684133 0.526322
0.057100 0.104465
0.107059 0.973479
0.327280 0.179754
0.061678 0.054476
0.790735 0.046876
0.557176 0.669851
0.461409 0.017823
0.095645 0.499344
0.241737 0.059755
0.252632 0.885159
0.398694 0.991455
0.212958 0.849483
0.635701 0.892514
0.667837 0.028260
0.979431 0.802210
0.697134 0.922086
0.019471 0.406171
0.587817 0.298532
0.044313 0.969481
0.817347 0.571490
0.413373 0.081973
0.471358 0.683462
0.708823 0.740989
0.540056 0.295297
0.041810 0.491043
0.779748 0.894772
0.435987 0.164739
0.553026 0.854610
0.173650 0.732109
0.448836 0.805567
0.665273 0.444319
0.088809 0.541795
0.528825 0.513901
0.268563 0.729942
0.104617 0.398877
0.676717 0.614917
0.507157 0.809046
0.971129 0.023377
0.525864 0.715934
0.527329 0.025819
0.999329 0.370647
0.785150 0.244819
0.390454 0.976714
0.857051 0.673421
0.228370 0.921934
0.154180 0.854060
0.058107 0.554033
0.184851 0.108127
0.876949 0.497024
0.962981 0.790033
0.551012 0.009919
0.289621 0.117283
0.924100 0.997070
0.709799 0.041810
0.339579 0.950926
0.944395 0.957640
0.008637 0.867977
0.898953 0.541215
0.470046 0.941282
0.520341 0.511307
0.734367 0.836451
0.639821 0.130772
0.112583 0.111393
0.229377 0.187963
0.907132 0.866848
0.430738 0.526505
0.026765 0.213507
0.939634 0.355052
0.469680 0.116703
0.481735 0.131779
0.232185 0.786920
0.327372 0.837764
0.174535 0.270669
0.031404 0.995880
0.680471 0.439283
0.585681 0.795526
0.966430 0.309824
0.439283 0.887844
0.131474 0.536454
0.596912 0.893857
0.155492 0.650777
0.610645 0.034181
0.433790 0.985534
0.310770 0.787133
0.570910 0.518174
0.469558 0.668966
0.110752 0.563219
0.678518 0.996246
0.373272 0.862789
0.788049 0.834468
0.718162 0.028962
0.271706 0.018342
0.163030 0.000458
0.897946 0.804041
0.307382 0.581011
0.684713 0.245186
0.410443 0.498917
0.607471 0.280618
0.402936 0.696066
0.079989 0.907193
0.681600 0.511734
0.297067 0.406415
0.304849 0.562243
0.535081 0.072604
0.842189 0.767602
0.220099 0.855434
0.433393 0.360454
0.757744 0.045686
0.197150 0.833064
0.745750 0.772576
0.219184 0.332804
0.027406 0.149266
0.730583 0.954192
0.456557 0.702719
0.275918 0.212470
0.361980 0.855800
0.587817 0.129826
0.654073 0.036317
0.307474 0.892148
0.488205 0.516556
0.881893 0.234931
0.927671 0.796533
0.585131 0.923521
0.087374 0.780663
0.479690 0.545701
0.859676 0.877438
0.958464 0.772820
0.276070 0.071230
0.838649 0.374340
0.864589 0.769219
0.426740 0.347118
0.385052 0.940031
0.550859 0.575091
0.403394 0.269601
0.955046 0.534318
0.926450 0.750175
0.103610 0.882748
0.993652 0.725700
0.046693 0.144322
0.876614 0.252327
0.963775 0.145146
0.659322 0.425794
0.247841 0.772240
0.662465 0.796289
0.896725 0.843257
0.500015 0.821375
0.139897 0.363536
0.574297 0.538652
0.630604 0.575182
0.054170 0.256417
0.499039 0.421857
0.605213 0.988433
0.173528 0.711142
0.027802 0.163640
0.191961 0.771233
0.301920 0.575884
0.641774 0.823328
0.513749 0.119510
0.624042 0.585803
0.451888 0.567644
0.890866 0.903989
0.417615 0.080477
0.392163 0.321451
0.145329 0.724631
0.393902 0.686483
0.145665 0.819269
0.959014 0.616413
0.738395 0.158879
0.293649 0.430525
0.706381 0.389355
0.599475 0.320322
0.781854 0.976714
0.524186 0.102206
0.356395 0.179357
0.802942 0.607562
0.810022 0.927396
0.179724 0.772759
0.952849 0.007385
0.142735 0.089053
0.944487 0.540788
0.027528 0.950652
0.899960 0.790368
0.721915 0.165227
0.482131 0.008179
0.247444 0.834559
0.386761 0.605640
0.374584 0.134190
0.126225 0.426862
0.926695 0.026124
0.018464 0.407239
0.930296 0.433332
0.787225 0.397595
0.266854 0.908994
0.679708 0.435865
0.983184 0.330790
0.915922 0.652303
0.522752 0.254189
0.786859 0.241707
0.516923 0.876858
0.425336 0.840083
0.080844 0.406842
0.832026 0.724845
0.506607 0.705741
0.199255 0.773705
0.365368 0.106632
0.935118 0.140110
0.859127 0.361217
0.279366 0.836879
0.972228 0.411817
0.248939 0.691244
0.739189 0.263283
0.809565 0.947233
0.307993 0.095248
0.052034 0.944273
0.324961 0.475082
0.454848 0.422742
0.816187 0.259682
0.012268 0.141240
0.185492 0.485153
0.610858 0.694601
0.956847 0.441786
0.773461 0.787805
0.648030 0.314249
0.521165 0.300607
0.250954 0.853511
0.658345 0.136082
0.491867 0.424116
0.028443 0.312418
0.768578 0.178716
0.004730 0.680868
0.130070 0.079989
0.924497 0.307627
0.909940 0.843471
0.334941 0.944761
0.481094 0.418806
0.266427 0.028077
0.881680 0.412671
0.522507 0.650319
0.697165 0.359172
0.185766 0.107425
0.119938 0.304056
0.924009 0.535203
0.825251 0.474349
0.799066 0.020081
0.237739 0.043489
0.447096 0.683340
0.404462 0.138554
0.182806 0.993500
0.181799 0.903745
0.933561 0.588977
0.893429 0.151769
0.114963 0.634754
0.418592 0.290902
0.742088 0.464949
0.724937 0.186224
0.997955 0.717612
0.369243 0.657704
0.536241 0.746452
0.845576 0.057680
0.296457 0.243324
0.047517 0.297769
0.267067 0.573443
0.387921 0.114383
0.813349 0.416883
0.998840 0.094516
0.725761 0.248360
0.645436 0.685965
0.665090 0.366558
0.022797 0.240211
0.124638 0.075869
0.265664 0.495010
0.123203 0.652852
0.232856 0.251076
0.626057 0.598590
0.948210 0.122776
0.163976 0.907468
0.889798 0.362682
0.010071 0.392682
0.201544 0.611499
0.252327 0.076662
0.786523 0.338328
0.448927 0.888852
0.544481 0.279855
0.581622 0.808344
0.344340 0.622883
0.476180 0.899747
0.027680 0.900693
0.653401 0.353893
0.655232 0.206305
0.697226 0.764122
0.528031 0.092013
0.084140 0.801050
0.833796 0.895840
0.476333 0.877194
0.045656 0.344523
0.782525 0.722159
0.870479 0.839686
0.241920 0.948790
0.057588 0.632374
0.936308 0.244026
0.249702 0.183844
0.814478 0.263771
0.471786 0.941130
0.469405 0.926969
0.573321 0.734825
0.627430 0.147221
0.182165 0.546617
0.754692 0.831202
0.184515 0.820917
0.988067 0.261055
0.608539 0.097354
0.025208 0.657521
0.796594 0.696768
0.268288 0.565264
0.656697 0.883908
0.851619 0.039094
0.588946 0.949736
0.295206 0.099734
0.289590 0.030335
0.015320 0.524155
0.849910 0.084994
0.935545 0.637928
0.504654 0.275094
0.474532 0.976379
0.773431 0.165349
0.067354 0.346141
0.876003 0.318705
0.000793 0.036409
0.845424 0.686239
0.814814 0.612201
0.762108 0.912229
0.484054 0.736686
0.470321 0.106937
0.903012 0.559984
0.474105 0.532945
0.083316 0.360393
0.917905 0.059297
0.753380 0.136021
0.634083 0.580187
0.930235 0.741966
0.034700 0.839137
0.277688 0.206915
0.783441 0.164037
0.584033 0.462172
0.442305 0.071841
0.732444 0.825312
0.656514 0.332865
0.795282 0.429212
0.477157 0.944456
0.827815 0.466170
0.647938 0.473128
0.508744 0.939360
0.712027 0.793695
0.069826 0.017304
0.328837 0.986633
0.101077 0.192297
0.633595 0.676260
0.414960 0.199957
0.538347 0.852535
0.192877 0.010163
0.482131 0.478011
0.623188 0.998230
0.856197 0.816858
0.379589 0.712149
0.087100 0.039216
0.867367 0.082919
0.576067 0.457747
0.887234 0.402112
0.867000 0.685263
0.366802 0.088473
0.598498 0.620838
0.663930 0.403119
0.483963 0.134617
0.637471 0.861599
0.199835 0.027772
0.892239 0.124638
0.838435 0.299295
0.103610 0.648885
0.081332 0.250557
0.828974 0.878140
0.711142 0.257302
0.888821 0.152684
0.481155 0.849696
0.039033 0.015320
0.665822 0.839076
0.856929 0.955779
0.406659 0.697745
0.734550 0.870266
0.578936 0.930876
0.640065 0.775597
0.043794 0.344157
0.901181 0.714805
0.743370 0.979186
0.572619 0.115024
0.942503 0.251747
0.981872 0.219672
0.011109 0.499649
0.533158 0.557451
0.313791 0.029206
0.013031 0.920804
0.218238 0.231269
0.568773 0.700095
0.901334 0.929533
0.196600 0.097690
0.515427 0.714957
0.810572 0.784478
0.550645 0.277932
0.250710 0.672475
0.474258 0.105564
0.888241 0.650502
0.112552 0.741111
0.527512 0.503159
0.018464 0.305521
0.966338 0.855281
0.763298 0.247597
0.870327 0.173070
0.058229 0.603961
0.118595 0.353099
0.112674 0.549791
0.275857 0.930326
0.134617 0.522172
0.347819 0.436689
0.380139 0.696585
0.476363 0.941404
0.657979 0.098544
0.730003 0.303751
0.695334 0.130985
0.646596 0.170446
0.271218 0.798975
0.684072 0.248238
0.523911 0.412946
0.235755 0.882962
0.338054 0.051759
0.924772 0.774682
0.190222 0.550432
0.694266 0.053957
0.707999 0.725578
0.470473 0.450301
0.100528 0.178747
0.463851 0.584063
0.192938 0.269784
0.470138 0.144322
0.488784 0.310831
0.908963 0.530564
0.091067 0.613514
0.494156 0.828333
0.438154 0.650044
0.755028 0.123936
0.748131 0.834773
0.741783 0.886593
0.254585 0.043458
0.597247 0.877529
0.603870 0.046785
0.380871 0.303690
0.519486 0.141514
0.300760 0.746422
0.140690 0.759728
0.010132 0.896939
0.941252 0.338359
0.124546 0.629688
0.634022 0.229316
0.968719 0.932127
0.240699 0.811823
0.828089 0.429792
0.655049 0.442213
0.529313 0.909940
0.379040 0.028993
0.260231 0.477157
0.892453 0.358257
0.596698 0.160741
0.569628 0.722922
0.657643 0.497940
0.172582 0.546007
0.782098 0.859798
0.203894 0.134739
0.868007 0.344340
0.626972 0.924833
0.251778 0.136204
0.806482 0.566607
0.248268 0.992553
0.865963 0.004608
0.792657 0.787255
0.568346 0.527543
0.451064 0.651692
0.512833 0.910886
0.160497 0.415723
0.131382 0.559313
0.993713 0.707450
0.501389 0.856655
0.452193 0.563829
0.387219 0.383038
0.674825 0.430006
0.368084 0.157323
0.835994 0.590014
0.670492 0.764214
0.889279 0.560472
0.112217 0.147099
0.313272 0.478408
0.063997 0.348796
0.015442 0.014405
0.834803 0.980132
0.050600 0.842616
0.387127 0.698538
0.309854 0.198248
0.836756 0.554704
0.308878 0.950804
0.926511 0.950652
0.664663 0.999054
0.586230 0.104038
0.061525 0.108890
0.349315 0.554460
0.438581 0.951231
0.427564 0.927793
0.222785 0.700369
0.431257 0.493332
0.805994 0.081973
0.980804 0.497848
0.674123 0.888180
0.114689 0.086154
0.946684 0.356456
0.705527 0.766320
0.494949 0.436506
0.776605 0.718497
0.334483 0.922605
0.066225 0.762597
0.238350 0.776421
0.787164 0.817194
0.229286 0.919584
0.269570 0.854823
0.999542 0.945799
0.221198 0.786187
0.215918 0.157689
0.145573 0.315104
0.116550 0.812769
0.830226 0.736625
0.810480 0.701468
0.715781 0.036103
0.209418 0.114109
0.143223 0.275185
0.375256 0.625660
0.606952 0.812922
0.203894 0.128758
0.187048 0.634053
0.565722 0.038240
0.061708 0.437117
0.166478 0.332957
0.505722 0.263375
0.281808 0.948088
0.045656 0.682058
0.830744 0.175390
0.166356 0.417920
0.882168 0.542192
0.825831 0.409772
0.175207 0.361766
0.749657 0.055330
0.294137 0.918302
0.099887 0.665822
0.317026 0.772912
0.306986 0.108554
0.665792 0.088260
0.098331 0.055391
0.262856 0.782983
0.160009 0.622486
0.737053 0.539506
0.237983 0.691488
0.584155 0.947020
0.834986 0.444166
0.689261 0.559801
0.159368 0.140629
0.116214 0.153630
0.482253 0.673269
0.571215 0.960021
0.558855 0.927152
0.446394 0.160375
0.270882 0.478408
0.849727 0.421674
0.145573 0.661824
0.908170 0.538560
0.085421 0.469832
0.723563 0.795923
0.415662 0.533769
0.284036 0.109500
0.733726 0.070406
0.398633 0.000061
0.134342 0.325541
0.240822 0.715232
0.070345 0.853206
0.910672 0.168188
0.661977 0.213111
0.467605 0.464248
0.242317 0.959197
0.090335 0.046327
0.045503 0.200079
0.519791 0.991150
0.443587 0.513474
0.441420 0.486648
0.963622 0.022828
0.215979 0.722770
0.847591 0.326243
0.465163 0.420698
0.645772 0.570147
0.874783 0.598132
0.404553 0.891202
0.707144 0.950865
0.087832 0.744072
0.059633 0.302561
0.377209 0.125248
0.318278 0.868770
0.005860 0.197180
0.410382 0.123783
0.954985 0.190191
0.367718 0.071718
0.091342 0.613544
0.875546 0.388531
0.098605 0.283181
0.098941 0.101260
0.856594 0.799615
0.103458 0.652058
0.549028 0.959929
0.732047 0.971068
0.378246 0.912198
0.158696 0.030030
0.615955 0.660421
0.414869 0.104526
0.826502 0.837977
0.120640 0.273965
0.451857 0.578509
0.996460 0.512589
0.663533 0.584765
0.888730 0.175359
0.916227 0.591662
0.267678 0.178747
0.989013 0.345470
0.161840 0.812555
0.789148 0.889218
0.551744 0.019227
0.721610 0.389233
0.403180 0.884487
0.104495 0.592761
0.710562 0.830256
0.658528 0.771355
0.420972 0.539415
0.450209 0.317423
0.114933 0.970855
0.689413 0.779901
0.955016 0.034669
0.645894 0.764916
0.539720 0.350566
0.420057 0.482345
0.652486 0.062716
0.594989 0.634449
0.331553 0.121372
0.662679 0.529679
0.221107 0.116520
0.479720 0.866390
0.904050 0.818690
0.630177 0.115085
0.645833 0.366070
0.960875 0.331309
0.991302 0.489883
0.681112 0.178777
0.574755 0.910672
0.258614 0.866054
0.435133 0.018128
0.505234 0.514786
0.035951 0.435743
0.008087 0.491012
0.562944 0.730277
0.243110 0.194739
0.577410 0.544633
0.583911 0.044191
0.902432 0.219398
0.190924 0.942320
0.733207 0.104007
0.625690 0.063967
0.521989 0.981231
0.148381 0.378826
0.891385 0.042543
0.121677 0.988952
0.465224 0.126133
0.402875 0.707663
0.147649 0.986724
0.825983 0.238411
0.711844 0.155004
0.748344 0.160100
0.968322 0.057253
0.817743 0.250557
0.920042 0.175207
0.616626 0.179022
0.809931 0.528855
0.339396 0.098910
0.466964 0.262429
0.159368 0.172643
0.857784 0.615223
0.441115 0.558794
0.249306 0.058473
0.455123 0.893735
0.889065 0.879421
0.750359 0.798669
0.609302 0.993866
0.841365 0.443129
0.261147 0.268746
0.366283 0.696585
0.385296 0.135380
0.371441 0.898953
0.024873 0.775231
0.879513 0.781671
0.087680 0.658925
0.162938 0.720450
0.516465 0.800439
0.199713 0.946989
0.273690 0.876614
0.952940 0.666036
0.408948 0.908170
0.603046 0.311350
0.195624 0.850642
0.455885 0.948454
0.988739 0.485366
0.128758 0.340892
0.150029 0.268349
0.129368 0.839473
0.507004 0.579241
0.233100 0.874081
0.000519 0.402295
0.565905 0.331126
0.678976 0.969970
0.798120 0.596545
0.693777 0.400647
0.356120 0.546037
0.453352 0.862117
0.057588 0.264046
0.591632 0.291086
0.077120 0.772362
0.906949 0.201178
0.647816 0.549821
0.928220 0.609729
0.405774 0.124149
0.391736 0.654988
0.356914 0.826411
0.041200 0.979705
0.557451 0.718406
0.831812 0.366527
0.646718 0.125126
0.316477 0.611927
0.368725 0.914640
0.091159 0.829218
0.180822 0.822810
0.124149 0.084506
0.470992 0.426466
0.963042 0.401837
0.667898 0.438185
0.974273 0.668294
0.649586 0.104984
0.272835 0.471267
0.357555 0.991668
0.021912 0.929930
0.085452 0.831141
0.904050 0.415326
0.212409 0.765282
0.963408 0.232124
0.037202 0.685934
0.354106 0.588305
0.424787 0.032075
0.158086 0.541337
0.792840 0.279702
0.260598 0.996612
0.242286 0.175085
0.774682 0.058779
0.627430 0.150182
0.920621 0.018525
0.721397 0.450575
0.766961 0.754875
0.133763 0.007569
0.738731 0.834803
0.136509 0.586047
0.299875 0.091769
0.054079 0.238411
0.715415 0.963591
0.374493 0.596850
0.300211 0.371288
0.237159 0.034577
0.060213 0.420728
0.132389 0.707205
0.720450 0.147130
0.930082 0.504990
0.170660 0.017640
0.399213 0.623096
0.936918 0.265267
0.292611 0.208014
0.865413 0.994476
0.867672 0.275094
0.047273 0.020142
0.914396 0.249702
0.320200 0.988098
0.519669 0.299356
0.396924 0.613971
0.474166 0.738212
0.727927 0.284829
0.097995 0.073611
0.801263 0.455123
0.082339 0.636860
0.556719 0.870846
0.736320 0.129795
0.238777 0.765709
0.956938 0.566881
0.187506 0.469802
0.203558 0.720847
0.131901 0.153935
0.390088 0.071200
0.654195 0.121616
0.159429 0.617939
0.597613 0.932585
0.587512 0.697501
0.480697 0.279336
0.475295 0.501846
0.908567 0.740501
0.054689 0.283090
0.781610 0.144780
0.811426 0.269875
0.990936 0.186407
0.080172 0.789819
0.835994 0.513352
0.672231 0.817621
0.431166 0.194678
0.331156 0.421461
0.809076 0.697562
0.297555 0.942839
0.149510 0.462416
0.155248 0.380779
0.696036 0.563280
0.656636 0.388501
0.365612 0.790735
0.322642 0.175604
0.158666 0.419080
0.002564 0.677114
0.321360 0.056398
0.333750 0.096652
0.395642 0.118076
0.445448 0.420148
0.803156 0.701163
0.461196 0.533128
0.618122 0.889920
0.706656 0.222907
0.686300 0.024689
0.028443 0.846583
0.745537 0.964751
0.130741 0.946348
0.704733 0.876217
0.335704 0.593432
0.737327 0.577288
0.345317 0.970672
0.710623 0.372784
0.050264 0.595660
0.016419 0.711753
0.867641 0.830317
0.220283 0.775384
0.802515 0.194342
0.448225 0.351054
0.291086 0.099094
0.569597 0.638112
0.002045 0.673971
0.450423 0.993927
0.496323 0.836177
0.038606 0.975707
0.399670 0.316294
0.818659 0.601276
0.745109 0.256081
0.143193 0.979064
0.207862 0.128391
0.598102 0.838466
0.056459 0.992004
0.805261 0.743950
0.737388 0.005799
0.815973 0.890255
0.599872 0.833369
0.066836 0.001434
0.481521 0.122715
0.655629 0.085269
0.017426 0.138951
0.775811 0.094913
0.462783 0.153233
0.614704 0.135105
0.849269 0.411390
0.519059 0.590899
0.360332 0.088839
0.003906 0.226630
0.192755 0.340312
0.413617 0.184332
0.784783 0.092746
0.799310 0.412763
0.999542 0.578417
0.462539 0.533250
0.895474 0.354656
0.032380 0.254616
0.057527 0.032594
0.078524 0.159520
0.363170 0.603290
0.257149 0.891140
0.646718 0.771294
0.572710 0.139714
0.948668 0.526597
0.674459 0.398022
0.789880 0.234687
0.614917 0.103030
0.933439 0.514420
0.185400 0.539598
0.048830 0.285714
0.341350 0.195410
