500
0.622608 0.459761
0.494308 0.370678
0.526414 0.208075
0.513962 0.385479
0.575091 0.397778
0.410962 0.606433
0.767663 0.409040
0.366008 0.239906
0.617969 0.584643
0.373363 0.572710
0.637013 0.510727
0.232795 0.468520
0.546861 0.245308
0.678426 0.717124
0.233192 0.556566
0.296213 0.310770
0.543321 0.758995
0.251259 0.373211
0.623646 0.530290
0.290170 0.311991
0.425703 0.210547
0.296945 0.688681
0.585894 0.414838
0.532762 0.790979
0.562700 0.226295
0.603015 0.548265
0.720298 0.311258
0.768426 0.515763
0.323771 0.713889
0.771691 0.542894
0.357097 0.494949
0.703879 0.686850
0.448286 0.602374
0.651234 0.290048
0.389904 0.496963
0.236702 0.473251
0.393750 0.231819
0.677267 0.687338
0.647572 0.274056
0.506485 0.232032
0.641163 0.494736
0.599658 0.609333
0.580432 0.250008
0.682028 0.737754
0.714591 0.366314
0.564440 0.230079
0.243782 0.437483
0.319254 0.686087
0.714530 0.628712
0.316446 0.711112
0.224311 0.437819
0.617328 0.541246
0.405225 0.420759
0.231513 0.414502
0.207465 0.549699
0.751762 0.413648
0.391186 0.244789
0.486587 0.642445
0.371807 0.235237
0.476119 0.623218
0.478378 0.618000
0.363994 0.437483
0.604511 0.267312
0.681204 0.710318
0.791986 0.564745
0.531236 0.383343
0.750694 0.570086
0.376385 0.258980
0.354839 0.711325
0.635609 0.561602
0.610218 0.483963
0.783898 0.496780
0.454939 0.233345
0.245430 0.506729
0.668020 0.292215
0.496963 0.355846
0.607166 0.528062
0.771722 0.428663
0.352855 0.753410
0.257363 0.350322
0.292489 0.675039
0.781365 0.402692
0.659261 0.276589
0.548601 0.402264
0.750053 0.459670
0.395611 0.728751
0.537400 0.634632
0.488021 0.351115
0.246284 0.451399
0.456191 0.793023
0.247658 0.399091
0.248390 0.553545
0.594134 0.739372
0.606281 0.583850
0.633076 0.468734
0.397870 0.502762
0.258980 0.328471
0.388440 0.481704
0.350536 0.249672
0.279061 0.347240
0.783380 0.543260
0.292032 0.638813
0.367077 0.761254
0.617878 0.743614
0.767785 0.432081
0.580767 0.211951
0.544237 0.750511
0.209784 0.558550
0.437208 0.619861
0.336192 0.733634
0.273812 0.686789
0.641682 0.501602
0.585314 0.229804
0.418409 0.602161
0.553789 0.760247
0.245308 0.376171
0.565508 0.623524
0.357433 0.706809
0.583789 0.400403
0.385601 0.257179
0.598102 0.391064
0.657857 0.750237
0.741020 0.677358
0.221137 0.584857
0.708670 0.290719
0.754112 0.455885
0.260201 0.368114
0.332255 0.290658
0.406690 0.574572
0.492813 0.370434
0.790277 0.573748
0.411939 0.240455
0.641896 0.260048
0.414686 0.215888
0.639424 0.519730
0.311655 0.698233
0.488479 0.363018
0.521622 0.635273
0.223029 0.473067
0.611225 0.498184
0.418073 0.583605
0.433088 0.259041
0.568834 0.754021
0.368847 0.540269
0.596973 0.417829
0.778100 0.470626
0.541002 0.774590
0.636677 0.242653
0.635731 0.513840
0.441908 0.606922
0.727500 0.364452
0.558336 0.364208
0.461776 0.616626
0.353862 0.529923
0.409925 0.250038
0.794427 0.458937
0.614307 0.728263
0.575762 0.250771
0.392651 0.496323
0.450117 0.246925
0.792383 0.454207
0.653890 0.756737
0.260292 0.413221
0.537553 0.203314
0.398083 0.735160
0.616657 0.252083
0.444166 0.597278
0.425062 0.578387
0.735527 0.328227
0.250710 0.639607
0.551408 0.774468
0.567248 0.396252
0.745445 0.581378
0.718070 0.645009
0.362621 0.233436
0.492935 0.769982
0.434889 0.775536
0.225593 0.587939
0.570116 0.392163
0.433180 0.369121
0.685690 0.282235
0.599200 0.729667
0.445143 0.415143
0.742607 0.335002
0.755699 0.403333
0.241340 0.445723
0.566424 0.408673
0.612598 0.422346
0.790613 0.540544
0.216803 0.494278
0.364940 0.562639
0.542924 0.392590
0.606677 0.580981
0.552232 0.360210
0.278298 0.626240
0.446730 0.611896
0.733421 0.674886
0.445845 0.749657
0.501816 0.765343
0.629261 0.244118
0.559343 0.392285
0.320139 0.724754
0.689688 0.716636
0.380993 0.501633
0.677908 0.725822
0.532304 0.609394
0.757561 0.511521
0.515091 0.398877
0.491379 0.200568
0.225867 0.554125
0.673177 0.711875
0.315348 0.678365
0.216559 0.520737
0.591693 0.612293
0.372448 0.507523
0.663228 0.279153
0.735771 0.651326
0.477950 0.616688
0.278970 0.356182
0.462752 0.611194
0.234138 0.449843
0.661428 0.309000
0.522843 0.757836
0.234718 0.609577
0.348613 0.723594
0.574114 0.224708
0.745903 0.438948
0.746879 0.587298
0.497696 0.799005
0.201300 0.511216
0.367443 0.552416
0.252480 0.585070
0.606983 0.455977
0.253792 0.580798
0.385784 0.423414
0.592608 0.394330
0.728965 0.644032
0.516831 0.373669
0.731010 0.388562
0.345866 0.736106
0.357402 0.707755
0.293222 0.686880
0.502457 0.616138
0.528306 0.622425
0.699667 0.706839
0.624836 0.235420
0.579455 0.576312
0.651967 0.262215
0.367962 0.253975
0.473067 0.250160
0.665181 0.743828
0.697958 0.675283
0.230384 0.466811
0.745964 0.369671
0.761559 0.470443
0.220679 0.505020
0.293741 0.308145
0.732322 0.602222
0.387738 0.401166
0.350719 0.274148
0.342692 0.741539
0.317881 0.314676
0.357311 0.489303
0.224189 0.423292
0.791192 0.430403
0.388409 0.459822
0.526261 0.793939
0.419263 0.223365
0.741264 0.566424
0.673757 0.296182
0.602832 0.412641
0.581011 0.375195
0.780358 0.459090
0.468245 0.620533
0.768944 0.579272
0.790033 0.468551
0.586383 0.781610
0.574786 0.609638
0.703085 0.316477
0.391797 0.540788
0.312845 0.304056
0.625965 0.501419
0.528092 0.379528
0.396283 0.570330
0.254830 0.627155
0.224708 0.463942
0.630757 0.453658
0.623280 0.749290
0.583483 0.249763
0.722495 0.681234
0.378430 0.733634
0.573290 0.569262
0.798730 0.508591
0.388714 0.545030
0.595996 0.753258
0.506668 0.225166
0.747185 0.619831
0.397870 0.574450
0.763390 0.411725
0.398511 0.781365
0.440443 0.770226
0.321024 0.723472
0.759636 0.591601
0.738731 0.648946
0.553850 0.585864
0.269143 0.332041
0.582507 0.565325
0.519425 0.398724
0.280862 0.379620
0.531724 0.627247
0.636525 0.736198
0.431501 0.216376
0.217170 0.547319
0.309153 0.310434
0.370861 0.563921
0.254128 0.648427
0.344127 0.739128
0.625294 0.424665
0.640522 0.476058
0.406476 0.611469
0.423536 0.375439
0.252480 0.351146
0.456282 0.761376
0.774468 0.453475
0.437208 0.411847
0.758843 0.533341
0.750999 0.646657
0.597156 0.741356
0.217994 0.520981
0.308267 0.318979
0.610584 0.461226
0.360424 0.282693
0.250191 0.626972
0.442335 0.635395
0.788110 0.482101
0.405866 0.234016
0.597003 0.593005
0.411512 0.615345
0.568255 0.575793
0.412427 0.615650
0.583728 0.214728
0.480117 0.624348
0.489700 0.366131
0.448531 0.205542
0.446699 0.779839
0.539659 0.771508
0.280526 0.373669
0.706229 0.653371
0.422956 0.784631
0.642354 0.288461
0.444563 0.406629
0.516495 0.767388
0.491623 0.236946
0.631458 0.444960
0.497757 0.382702
0.513077 0.613941
0.742698 0.409589
0.617512 0.473251
0.211646 0.418409
0.503739 0.366558
0.511521 0.243110
0.434523 0.633778
0.490249 0.201270
0.391400 0.777764
0.704428 0.667165
0.716788 0.642872
0.520798 0.230079
0.573962 0.617725
0.788781 0.508225
0.792657 0.557329
0.544664 0.227699
0.409101 0.558733
0.587298 0.223029
0.404431 0.223426
0.592364 0.436934
0.566271 0.627613
0.766900 0.494644
0.763939 0.363323
0.371593 0.449904
0.525590 0.389508
0.577776 0.610492
0.233406 0.428632
0.771447 0.492752
0.251747 0.419294
0.758354 0.356334
0.613819 0.501694
0.784814 0.559526
0.528947 0.243202
0.222510 0.449080
0.749321 0.397351
0.730491 0.341258
0.300790 0.655629
0.564287 0.398816
0.305673 0.295938
0.580004 0.244789
0.291330 0.361126
0.467208 0.367992
0.594897 0.388867
0.251411 0.608997
0.790674 0.542009
0.200262 0.497543
0.712973 0.678304
0.461043 0.219214
0.729209 0.685995
0.475753 0.632435
0.386761 0.265145
0.439711 0.245888
0.613147 0.270577
0.757500 0.493454
0.528367 0.769066
0.289651 0.663381
0.244972 0.363964
0.644154 0.712516
0.502884 0.759636
0.227241 0.391034
0.691031 0.332774
0.242195 0.360149
0.686819 0.331156
0.354778 0.734947
0.591784 0.225471
0.441725 0.754875
0.365368 0.530900
0.621845 0.420331
0.499466 0.237251
0.340892 0.289285
0.265908 0.590258
0.741874 0.394391
0.491989 0.384411
0.553209 0.411512
0.545518 0.759026
0.698416 0.282113
0.717765 0.365734
0.487075 0.632557
0.224921 0.391217
0.498398 0.769066
0.765618 0.486618
0.389508 0.774773
0.437330 0.785638
0.364147 0.715629
0.441755 0.750511
0.754662 0.363353
0.604846 0.411817
0.697867 0.658528
0.550981 0.208136
0.494552 0.353313
0.682791 0.313425
0.536729 0.641835
0.247230 0.630238
0.250221 0.356426
0.256111 0.399274
0.587909 0.228919
0.616810 0.246345
0.362377 0.716117
0.629505 0.515915
0.413465 0.578173
0.370251 0.426954
0.263863 0.679342
0.362194 0.528550
0.487991 0.795465
0.352000 0.479324
0.427747 0.414289
0.274514 0.324778
0.394574 0.256905
0.363536 0.757561
0.560900 0.387616
0.670797 0.721885
0.480117 0.376720
0.750694 0.526048
0.394635 0.434248
0.691153 0.327006
0.320475 0.271554
0.559801 0.212378
0.539903 0.631306
0.369549 0.260659
0.738975 0.375164
0.396527 0.586718
0.576067 0.568346
0.236854 0.635090
0.769250 0.609577
0.259896 0.627338
0.417310 0.588855
0.632679 0.739555
0.518509 0.631306
0.642994 0.275033
0.309854 0.724601
0.279427 0.360790
0.434858 0.607135
0.467574 0.797754
0.210059 0.431928
0.384228 0.522843
0.372631 0.455458
0.522691 0.236702
0.241646 0.621967
0.577319 0.224769
0.746361 0.432814
0.348704 0.261513
0.592090 0.383587
0.549760 0.788202
0.304270 0.283731
0.484359 0.640126
