5000
0.626179 0.268288
0.530961 0.370800
0.330851 0.716178
0.337687 0.733879
0.772485 0.416120
0.384075 0.751823
0.428877 0.771203
0.288583 0.684835
0.275307 0.649617
0.425489 0.780023
0.624866 0.228797
0.747978 0.331278
0.619282 0.519517
0.325632 0.307688
0.388775 0.226814
0.431959 0.791192
0.754387 0.355663
0.726676 0.635914
0.479141 0.366283
0.428144 0.742088
0.748344 0.642415
0.599994 0.226264
0.238807 0.354717
0.406934 0.612506
0.637013 0.279153
0.538285 0.635029
0.750145 0.585406
0.528123 0.354900
0.532304 0.621479
0.373150 0.481918
0.604480 0.431593
0.482284 0.241432
0.785546 0.514664
0.417829 0.382763
0.724113 0.382427
0.715293 0.354930
0.473647 0.750664
0.744011 0.622120
0.773186 0.585345
0.454207 0.250587
0.409742 0.418714
0.230598 0.475661
0.794580 0.455580
0.752586 0.412030
0.710685 0.323038
0.313974 0.702780
0.235542 0.450819
0.617695 0.510697
0.686056 0.316965
0.306497 0.315195
0.256844 0.391064
0.377361 0.548021
0.426283 0.786218
0.228278 0.507889
0.504410 0.243324
0.614978 0.440748
0.479904 0.598590
0.785882 0.449843
0.539964 0.640461
0.445112 0.415540
0.696188 0.722983
0.601367 0.554796
0.685202 0.274636
0.302622 0.708945
0.545610 0.227668
0.481704 0.225318
0.571703 0.224250
0.571673 0.230720
0.616901 0.580584
0.606128 0.756188
0.554033 0.771752
0.758019 0.516312
0.391766 0.517808
0.233680 0.475570
0.222602 0.425459
0.365703 0.511185
0.238350 0.645436
0.630818 0.550859
0.409314 0.227699
0.451888 0.397534
0.488998 0.624622
0.412122 0.419691
0.425214 0.747703
0.597797 0.250771
0.214789 0.455489
0.684042 0.691031
0.433088 0.628712
0.601154 0.737327
0.378643 0.753990
0.414777 0.432569
0.412854 0.449141
0.239631 0.648183
0.674368 0.714499
0.556505 0.215796
0.466414 0.393231
0.398389 0.440718
0.542589 0.760918
0.558702 0.235603
0.741752 0.420698
0.231819 0.603687
0.543474 0.400098
0.248787 0.484634
0.344737 0.734123
0.583331 0.754997
0.216193 0.412641
0.322367 0.320994
0.504501 0.605090
0.383312 0.560167
0.450941 0.768059
0.298959 0.716361
0.317392 0.266366
0.549425 0.601856
0.515915 0.631947
0.690329 0.728446
0.483749 0.639668
0.532640 0.642842
0.215186 0.515213
0.775506 0.599109
0.397900 0.732017
0.361950 0.474044
0.714927 0.698691
0.599994 0.766991
0.239540 0.540544
0.607532 0.244362
0.719596 0.306223
0.471999 0.369793
0.636830 0.264290
0.474624 0.394452
0.486648 0.787194
0.264901 0.404584
0.408856 0.543687
0.734031 0.334696
0.609912 0.534928
0.224158 0.538682
0.382153 0.263710
0.564226 0.783685
0.482742 0.796960
0.606067 0.543168
0.621632 0.582263
0.697226 0.656880
0.359905 0.733970
0.541063 0.219550
0.580035 0.782434
0.363231 0.275399
0.378735 0.455000
0.560015 0.635640
0.736839 0.386090
0.342631 0.714835
0.551073 0.788965
0.754112 0.476638
0.700156 0.721030
0.550005 0.217689
0.489944 0.397931
0.470473 0.602924
0.242409 0.356761
0.630604 0.518357
0.391278 0.757134
0.692831 0.677236
0.471999 0.631916
0.631184 0.462477
0.382061 0.279183
0.273995 0.665426
0.753685 0.621815
0.382305 0.451125
0.764580 0.545610
0.612598 0.417615
0.390118 0.450850
0.684225 0.268105
0.452010 0.747185
0.640278 0.528489
0.588977 0.231208
0.686483 0.269509
0.558428 0.396771
0.541704 0.634205
0.398785 0.559862
0.604450 0.579424
0.291574 0.640553
0.314737 0.300241
0.788781 0.511246
0.624592 0.256264
0.757500 0.643300
0.255013 0.613941
0.692160 0.700949
0.405377 0.735496
0.779290 0.482620
0.557451 0.211646
0.753258 0.634724
0.364422 0.544725
0.539811 0.638356
0.488205 0.779870
0.566424 0.210791
0.572588 0.777306
0.604999 0.493179
0.759789 0.484909
0.411420 0.236396
0.577868 0.580187
0.407605 0.218207
0.591723 0.458052
0.719108 0.648213
0.651296 0.296762
0.540178 0.229255
0.378033 0.274209
0.614307 0.743919
0.374950 0.514328
0.427992 0.623615
0.580401 0.564104
0.246681 0.380932
0.457381 0.203223
0.585070 0.446791
0.561846 0.787774
0.587817 0.749779
0.624928 0.766076
0.249062 0.499832
0.688772 0.280496
0.217200 0.414197
0.680654 0.702261
0.430250 0.591174
0.749107 0.651662
0.525773 0.785241
0.695517 0.313578
0.576922 0.610248
0.467238 0.398480
0.456099 0.206519
0.559374 0.375378
0.742759 0.377514
0.631733 0.728233
0.435621 0.407147
0.330058 0.695456
0.585589 0.784173
0.262734 0.386120
0.465194 0.594623
0.212653 0.517136
0.240150 0.485549
0.343760 0.267220
0.508011 0.648274
0.745231 0.373363
0.582080 0.385144
0.775597 0.611805
0.623829 0.273812
0.525559 0.616688
0.270882 0.602863
0.602252 0.580676
0.471328 0.631123
0.753594 0.346202
0.369060 0.284585
0.519089 0.368175
0.580432 0.422498
0.499954 0.223792
0.709647 0.292184
0.734581 0.369060
0.784295 0.552995
0.428785 0.419172
0.776025 0.456130
0.381634 0.746696
0.734367 0.588305
0.222633 0.508591
0.630512 0.235481
0.409833 0.413007
0.622303 0.482070
0.553209 0.243202
0.608783 0.576037
0.750328 0.641194
0.214942 0.420881
0.397443 0.555193
0.450575 0.615864
0.558397 0.212806
0.543077 0.388043
0.209906 0.424360
0.746483 0.366375
0.442427 0.593371
0.787225 0.533921
0.246071 0.477493
0.361583 0.509018
0.642445 0.269021
0.359874 0.455214
0.327280 0.743858
0.584735 0.589068
0.501907 0.618610
0.450087 0.784143
0.621265 0.249001
0.304361 0.693075
0.214728 0.413038
0.603626 0.441237
0.432386 0.391095
0.749138 0.612232
0.538041 0.406201
0.629322 0.753594
0.685080 0.716483
0.204596 0.520554
0.735710 0.663289
0.438185 0.584521
0.374340 0.768578
0.672781 0.716636
0.636555 0.459273
0.366314 0.497818
0.236366 0.514298
0.490829 0.614338
0.239845 0.395672
0.461837 0.790918
0.663076 0.690542
0.592151 0.741081
0.613971 0.767418
0.393139 0.464309
0.688009 0.298227
0.244545 0.388501
0.784387 0.406293
0.512040 0.789453
0.583728 0.391675
0.385052 0.775719
0.613483 0.437666
0.352580 0.745903
0.434889 0.257118
0.368267 0.568010
0.234870 0.593921
0.243812 0.557939
0.492508 0.766930
0.220344 0.481918
0.413312 0.618854
0.232307 0.369854
0.544877 0.398602
0.748161 0.661489
0.753868 0.455733
0.269356 0.634114
0.511612 0.249458
0.711203 0.350536
0.360149 0.471328
0.584613 0.743675
0.730766 0.380596
0.638966 0.258126
0.315134 0.671834
0.250771 0.394665
0.524216 0.361492
0.729911 0.621601
0.453139 0.221534
0.624531 0.724570
0.547807 0.618488
0.557909 0.758843
0.367748 0.748375
0.504349 0.352123
0.350322 0.253792
0.701834 0.351238
0.774377 0.607746
0.304605 0.277871
0.430280 0.790674
0.754479 0.544237
0.230537 0.590228
0.498306 0.608295
0.440535 0.387066
0.659261 0.718802
0.622700 0.449904
0.472274 0.796258
0.621601 0.456313
0.714621 0.361644
0.535844 0.639332
0.525040 0.375622
0.774224 0.414594
0.278909 0.300882
0.246681 0.463363
0.713523 0.707297
0.386303 0.477340
0.377880 0.580523
0.620685 0.749443
0.751152 0.546556
0.589618 0.757927
0.600055 0.537461
0.561113 0.623676
0.522904 0.636280
0.270608 0.687338
0.759880 0.530290
0.602344 0.513443
0.288369 0.673971
0.557756 0.220588
0.708518 0.691427
0.244209 0.371441
0.748283 0.628925
0.363994 0.445784
0.386486 0.540239
0.451094 0.627979
0.570727 0.230842
0.292611 0.691549
0.478164 0.764885
0.390301 0.224830
0.586413 0.413709
0.584033 0.226447
0.782098 0.526719
0.367321 0.277505
0.579577 0.777490
0.555651 0.770135
0.473952 0.241920
0.379284 0.275704
0.540544 0.757012
0.427046 0.741600
0.465407 0.603717
0.300668 0.699026
0.749046 0.384198
0.419691 0.776696
0.257759 0.411390
0.287149 0.687704
0.579852 0.763115
0.616199 0.531175
0.548051 0.789239
0.492264 0.208441
0.532762 0.778314
0.448042 0.744957
0.264443 0.408490
0.456893 0.216010
0.748711 0.465682
0.210089 0.542955
0.600696 0.488601
0.723930 0.385784
0.385205 0.748314
0.498428 0.209906
0.526139 0.394604
0.252907 0.641133
0.487869 0.356944
0.503800 0.777093
0.541795 0.591418
0.524674 0.795465
0.401532 0.778527
0.676199 0.700369
0.714072 0.706687
0.538316 0.778253
0.543199 0.229041
0.630543 0.532426
0.499008 0.362011
0.786126 0.469588
0.265542 0.385998
0.734703 0.409497
0.461898 0.249733
0.251961 0.416028
0.431074 0.256630
0.739463 0.595935
0.477309 0.787011
0.243568 0.603381
0.223762 0.418867
0.697531 0.671560
0.533738 0.777123
0.438704 0.367077
0.501541 0.632954
0.605060 0.778771
0.606464 0.763512
0.478133 0.228736
0.241218 0.526078
0.518357 0.778680
0.752739 0.506485
0.277139 0.662313
0.234169 0.381542
0.453658 0.603931
0.627705 0.522996
0.281655 0.694021
0.614429 0.595782
0.403485 0.242500
0.531449 0.391552
0.374432 0.442946
0.655507 0.710227
0.208472 0.570574
0.632374 0.540361
0.768853 0.467849
0.389355 0.404798
0.563524 0.606464
0.205451 0.495376
0.310099 0.286935
0.268288 0.648854
0.276589 0.618366
0.526170 0.401318
0.286111 0.682546
0.601825 0.601306
0.674825 0.741874
0.381390 0.759728
0.586230 0.213843
0.607501 0.437422
0.495956 0.624104
0.265053 0.412641
0.271340 0.326701
0.260231 0.383648
0.400861 0.227271
0.470687 0.358959
0.593463 0.558580
0.764550 0.527879
0.744591 0.620075
0.215918 0.525834
0.399976 0.779260
0.332347 0.273080
0.376995 0.451094
0.675527 0.308847
0.589221 0.438917
0.563219 0.402478
0.485305 0.645985
0.620075 0.225837
0.754936 0.534196
0.310862 0.732627
0.750084 0.466109
0.220954 0.500076
0.327464 0.300333
0.240516 0.631397
0.623737 0.455000
0.517075 0.225867
0.396649 0.256996
0.394574 0.438368
0.440992 0.219947
0.757591 0.565111
0.784234 0.529496
0.602832 0.404309
0.549669 0.237220
0.759819 0.404035
0.639332 0.731773
0.687948 0.672567
0.734184 0.341960
0.230445 0.588672
0.601947 0.465590
0.387432 0.478469
0.415571 0.763054
0.371258 0.485794
0.417707 0.403821
0.642445 0.263253
0.234077 0.612751
0.201636 0.529588
0.421613 0.419660
0.782159 0.546251
0.317911 0.269265
0.555986 0.790704
0.229926 0.388745
0.615314 0.270760
0.482803 0.210944
0.222236 0.569384
0.761895 0.538163
0.559618 0.210578
0.743461 0.667348
0.487411 0.779260
0.786309 0.434217
0.778649 0.441084
0.496719 0.754967
0.490005 0.795648
0.759423 0.522294
0.470962 0.404096
0.766381 0.385662
0.652181 0.745445
0.394452 0.597644
0.689199 0.310648
0.446913 0.394421
0.433943 0.781640
0.596332 0.766350
0.319803 0.719626
0.426344 0.615894
0.658345 0.271859
0.671163 0.271340
0.507126 0.226234
0.600879 0.251625
0.638874 0.532517
0.477920 0.250252
0.453902 0.765770
0.752892 0.537095
0.310984 0.727439
0.278329 0.656087
0.471633 0.233894
0.440077 0.212775
0.242866 0.486496
0.365337 0.460768
0.450301 0.388043
0.783135 0.524461
0.549059 0.602893
0.736534 0.328227
0.214698 0.420454
0.462142 0.629688
0.495163 0.364269
0.564440 0.581866
0.418134 0.587054
0.436354 0.760338
0.614887 0.275765
0.675497 0.319773
0.680563 0.302774
0.665914 0.252083
0.474044 0.614246
0.618702 0.589740
0.211158 0.452956
0.597186 0.564287
0.280892 0.653432
0.245369 0.584338
0.755913 0.477554
0.797357 0.472060
0.236671 0.445235
0.476730 0.385937
0.712088 0.689169
0.275094 0.349528
0.445479 0.607562
0.351329 0.706687
0.549974 0.783990
0.464156 0.390088
0.740562 0.346873
0.765130 0.401196
0.267678 0.341624
0.216498 0.492264
0.657460 0.715506
0.438978 0.770745
0.607837 0.567003
0.649831 0.731010
0.367138 0.713675
0.403088 0.561266
0.321909 0.722098
0.786584 0.579943
0.586993 0.755028
0.616626 0.516221
0.403394 0.764000
0.335459 0.696432
0.327250 0.281411
0.311502 0.724601
0.744469 0.562578
0.416456 0.757012
0.722739 0.303629
0.554125 0.758202
0.387585 0.592730
0.224891 0.402020
0.729820 0.634754
0.502792 0.629658
0.222633 0.411756
0.764733 0.612171
0.455641 0.634114
0.583544 0.215735
0.294900 0.324198
0.307657 0.313395
0.774438 0.561815
0.618549 0.560564
0.562853 0.247993
0.519272 0.219733
0.385540 0.529771
0.649190 0.743553
0.241005 0.577898
0.571093 0.383251
0.608173 0.557939
0.606372 0.420850
0.374981 0.755181
0.460280 0.643483
0.673544 0.710868
0.675100 0.734855
0.239998 0.604663
0.235389 0.375561
0.218909 0.495407
0.508438 0.247291
0.273629 0.669820
0.399304 0.233528
0.402387 0.408887
0.412336 0.558306
0.255013 0.403638
0.236030 0.414014
0.205054 0.473067
0.225623 0.448469
0.627064 0.455885
0.718741 0.320139
0.533433 0.202643
0.409833 0.391278
0.417432 0.242012
0.730155 0.664052
0.265084 0.385968
0.597674 0.222175
0.373943 0.233680
0.397992 0.398511
0.774316 0.415082
0.444838 0.237220
0.400678 0.528886
0.248421 0.477981
0.785730 0.443403
0.753746 0.579455
0.403119 0.403638
0.573778 0.618763
0.205878 0.523484
0.749931 0.459059
0.296579 0.301889
0.405286 0.430342
0.617389 0.235633
0.516160 0.213477
0.238899 0.359447
0.624836 0.521256
0.371410 0.743583
0.749626 0.416334
0.366375 0.476852
0.218482 0.566790
0.556383 0.407971
0.696341 0.326456
0.229774 0.370830
0.392804 0.271065
0.616077 0.445021
0.736839 0.651357
0.573840 0.236641
0.579058 0.583148
0.789209 0.478011
0.557146 0.602832
0.624226 0.758934
0.230293 0.488571
0.317057 0.297464
0.324351 0.293222
0.785302 0.467147
0.376080 0.749290
0.316385 0.676901
0.527421 0.753624
0.638661 0.494858
0.281472 0.343974
0.762169 0.553209
0.571062 0.754540
0.782281 0.555742
0.221931 0.572985
0.293985 0.661092
0.762627 0.610523
0.660878 0.745506
0.223121 0.565569
0.625446 0.441481
0.396985 0.251289
0.765496 0.588549
0.417280 0.249428
0.266976 0.608570
0.396771 0.570391
0.264077 0.614948
0.783258 0.517472
0.497024 0.398267
0.454115 0.227393
0.777032 0.573504
0.469985 0.614887
0.441145 0.382824
0.750206 0.535997
0.493606 0.367992
0.446150 0.794336
0.673788 0.741844
0.684103 0.298929
0.639180 0.760826
0.579089 0.260079
0.247047 0.567095
0.317637 0.313395
0.547594 0.367534
0.473739 0.750603
0.429029 0.381787
0.513901 0.782647
0.784753 0.532060
0.500107 0.783654
0.632923 0.495376
0.436964 0.246712
0.474532 0.603504
0.299631 0.694815
0.601978 0.479507
0.558245 0.214454
0.633137 0.738090
0.362407 0.553789
0.269936 0.348308
0.371197 0.266396
0.589892 0.780358
0.333171 0.305521
0.291910 0.297617
0.745170 0.623066
0.606372 0.405591
0.481735 0.377148
0.651357 0.260353
0.280557 0.664632
0.350261 0.252113
0.221595 0.590777
0.329325 0.296854
0.771630 0.432508
0.680471 0.683981
0.276498 0.619190
0.747093 0.619495
0.581011 0.246773
0.580493 0.579638
0.757958 0.491134
0.570818 0.769372
0.595019 0.760002
0.526475 0.776849
0.413678 0.619617
0.416028 0.752007
0.461287 0.769280
0.313425 0.669027
0.447798 0.208411
0.551256 0.620960
0.700644 0.344707
0.227882 0.618641
0.212745 0.433180
0.451491 0.208747
0.363262 0.241859
0.356609 0.262001
0.564287 0.399426
0.598224 0.738243
0.261971 0.618732
0.788232 0.427259
0.277932 0.343486
0.216224 0.543107
0.627094 0.266549
0.259804 0.342723
0.449049 0.598956
0.763482 0.496780
0.606311 0.230323
0.739219 0.680654
0.386303 0.745994
0.250069 0.558367
0.234321 0.532304
0.265572 0.648213
0.628071 0.442030
0.464827 0.224433
0.467177 0.214911
0.214881 0.590991
0.348003 0.752037
0.740776 0.332469
0.392773 0.413404
0.428938 0.771508
0.336039 0.732261
0.386883 0.515824
0.444502 0.412824
0.266884 0.614063
0.392376 0.574450
0.556475 0.240059
0.413678 0.744102
0.548997 0.619037
0.366619 0.550096
0.552599 0.612720
0.231422 0.596576
0.419904 0.770806
0.514237 0.789819
0.416059 0.738670
0.399609 0.526231
0.248726 0.404950
0.403058 0.742088
0.772546 0.428877
0.388226 0.425825
0.554460 0.786035
0.538713 0.403027
0.330119 0.721397
0.410871 0.251534
0.680502 0.290384
0.250984 0.574053
0.385998 0.434431
0.362682 0.245674
0.736442 0.647206
0.633900 0.557299
0.389721 0.503586
0.648518 0.248726
0.642689 0.290597
0.402600 0.244301
0.785791 0.544267
0.767541 0.525559
0.630024 0.251137
0.243782 0.367718
0.332957 0.734581
0.751946 0.371014
0.732047 0.392102
0.509079 0.241188
0.401349 0.523576
0.257057 0.399823
0.479080 0.599567
0.672384 0.316538
0.600024 0.471084
0.422254 0.591205
0.534135 0.373821
0.370464 0.717551
0.626972 0.518784
0.556658 0.630543
0.439253 0.211341
0.395672 0.445326
0.444685 0.590991
0.229438 0.576647
0.714469 0.644917
0.443678 0.227699
0.562822 0.611438
0.435041 0.752983
0.607196 0.400159
0.556047 0.589923
0.786920 0.433760
0.391034 0.224342
0.659719 0.746513
0.211371 0.429640
0.542070 0.623066
0.538957 0.608692
0.552568 0.228462
0.682455 0.713279
0.783166 0.587268
0.445784 0.415693
0.488021 0.214484
0.445448 0.776208
0.399640 0.579333
0.416334 0.398328
0.216468 0.528825
0.395703 0.503372
0.774712 0.555437
0.390393 0.751488
0.516923 0.358898
0.789972 0.543321
0.540574 0.792291
0.544145 0.367809
0.327525 0.729087
0.390606 0.488815
0.498672 0.772271
0.401044 0.745415
0.245582 0.488205
0.491897 0.365520
0.255043 0.393475
0.488327 0.395459
0.741783 0.330149
0.467299 0.641591
0.444655 0.777917
0.631184 0.243263
0.617084 0.728477
0.369793 0.462874
0.404828 0.420972
0.442640 0.217292
0.594317 0.570910
0.479720 0.240303
0.275399 0.321512
0.679373 0.711509
0.758934 0.524369
0.745506 0.644704
0.377087 0.489181
0.692526 0.678213
0.394726 0.406079
0.249794 0.388714
0.481216 0.791437
0.352367 0.257973
0.772393 0.459609
0.381451 0.582171
0.459365 0.216681
0.234931 0.625294
0.610462 0.413953
0.773766 0.592547
0.473342 0.785791
0.747917 0.572710
0.235725 0.521592
0.278207 0.348796
0.433271 0.592334
0.211554 0.494034
0.701254 0.323435
0.475723 0.214545
0.245399 0.495224
0.367412 0.767785
0.315592 0.305551
0.223640 0.443556
0.657796 0.288278
0.754784 0.479812
0.463942 0.791009
0.442610 0.770013
0.739067 0.600513
0.275643 0.650777
0.286203 0.710440
0.339793 0.271828
0.366283 0.733726
0.592914 0.583758
0.760308 0.640614
0.747368 0.460524
0.525315 0.396893
0.577136 0.226020
0.474654 0.623585
0.700980 0.720267
0.661977 0.711478
0.444349 0.764306
0.225837 0.515976
0.484359 0.364879
0.305826 0.312296
0.365856 0.495651
0.656972 0.697836
0.220771 0.541276
0.572893 0.601917
0.282083 0.366466
0.628651 0.267861
0.391614 0.232398
0.667531 0.273995
0.335917 0.304422
0.518265 0.371715
0.664937 0.286599
0.231544 0.525071
0.574236 0.570788
0.674490 0.702383
0.670827 0.712821
0.515244 0.400403
0.731925 0.632923
0.638691 0.464919
0.226569 0.525498
0.723502 0.637165
0.397412 0.247291
0.275491 0.637928
0.471267 0.386212
0.413800 0.617084
0.613453 0.417554
0.370708 0.511460
0.513535 0.364788
0.553941 0.255562
0.408429 0.404096
0.529221 0.238441
0.213935 0.570025
0.531419 0.778008
0.734184 0.591174
0.662923 0.272103
0.622547 0.450819
0.555284 0.629627
0.706565 0.334819
0.570055 0.412152
0.215644 0.561327
0.240608 0.630879
0.507035 0.628346
0.640400 0.715720
0.373547 0.250801
0.766961 0.539811
0.255684 0.415998
0.457381 0.361919
0.502243 0.203467
0.240944 0.369549
0.527573 0.596332
0.222114 0.528367
0.446547 0.387555
0.270089 0.618183
0.598529 0.536393
0.566576 0.761101
0.399274 0.543565
0.486435 0.752129
0.407788 0.576647
0.254921 0.426710
0.471633 0.382061
0.550554 0.412366
0.271157 0.639332
0.633686 0.250893
0.568590 0.412946
0.614795 0.264962
0.403943 0.416272
0.765831 0.614490
0.627888 0.719474
0.354778 0.517777
0.465163 0.366955
0.426832 0.224097
0.431501 0.745445
0.240333 0.560411
0.398083 0.751854
0.343547 0.265908
0.582904 0.244118
0.758507 0.427686
0.314188 0.683523
0.775323 0.419080
0.420454 0.741325
0.424879 0.759209
0.680929 0.719932
0.684530 0.725272
0.676656 0.298318
0.672048 0.742759
0.235664 0.460433
0.566332 0.367565
0.403027 0.739525
0.493973 0.372295
0.296152 0.652364
0.752647 0.491104
0.333476 0.718406
0.408032 0.453871
0.767571 0.470931
0.284768 0.297555
0.342814 0.712394
0.436781 0.386029
0.647389 0.268471
0.523026 0.355388
0.228706 0.524369
0.411664 0.599048
0.541124 0.235969
0.598468 0.530717
0.632923 0.542070
0.249428 0.425123
0.736656 0.391919
0.467818 0.618488
0.357036 0.286996
0.642323 0.754997
0.253609 0.609058
0.736229 0.347270
0.226264 0.462539
0.238044 0.559587
0.227302 0.606342
0.344981 0.282601
0.317362 0.714530
0.546739 0.209021
0.605884 0.258156
0.505295 0.394971
0.583514 0.611805
0.399579 0.419324
0.633961 0.484268
0.748802 0.606067
0.391308 0.585376
0.555254 0.632801
0.749779 0.584002
0.418073 0.246681
0.575701 0.423200
0.514084 0.369091
0.217292 0.498733
0.625141 0.507401
0.242195 0.540971
0.245766 0.570238
0.746544 0.549425
0.423933 0.587786
0.751122 0.445296
0.611072 0.497208
0.251930 0.569140
0.307077 0.661061
0.429762 0.599200
0.641774 0.741600
0.742668 0.605243
0.269784 0.620075
0.500504 0.370739
0.793512 0.531175
0.382305 0.563005
0.436445 0.216590
0.205939 0.477676
0.532487 0.792840
0.621143 0.481948
0.236976 0.607044
0.768181 0.441969
0.702109 0.307138
0.494552 0.361034
0.441145 0.773064
0.660115 0.707419
0.361522 0.756676
0.751244 0.349864
0.484970 0.358684
0.262062 0.617359
0.230262 0.628285
0.632252 0.553392
0.361766 0.736717
0.259163 0.598529
0.570391 0.759972
0.697073 0.291360
0.716330 0.628986
0.204199 0.456709
0.615528 0.265847
0.637501 0.765343
0.367290 0.244575
0.618183 0.268624
0.763817 0.499496
0.581988 0.576739
0.374065 0.522843
0.623249 0.474349
0.586627 0.385571
0.281381 0.321055
0.711783 0.644826
0.418989 0.395306
0.621509 0.423109
0.369732 0.480758
0.743797 0.642720
0.677145 0.307627
0.372448 0.574114
0.515366 0.212073
0.477889 0.358135
0.755119 0.550584
0.410566 0.561785
0.204505 0.550707
0.356944 0.460402
0.410779 0.418683
0.266152 0.637043
0.377056 0.548357
0.694632 0.280770
0.488479 0.790551
0.458357 0.215766
0.732536 0.629994
0.752861 0.491836
0.233741 0.461379
0.620136 0.250313
0.431104 0.408338
0.720359 0.317331
0.297037 0.295907
0.290323 0.677267
0.251534 0.564562
0.344676 0.738212
0.478347 0.757103
0.224006 0.407453
0.445967 0.385083
0.772301 0.427229
0.379864 0.432325
0.401440 0.758568
0.558184 0.388256
0.368664 0.517136
0.426283 0.253945
0.281167 0.698202
0.350383 0.703146
0.774468 0.503006
0.392926 0.464064
0.242103 0.482498
0.448744 0.215949
0.232337 0.553545
0.224769 0.482528
0.587603 0.555315
0.548265 0.778253
0.206061 0.444929
0.309488 0.691519
0.545946 0.359539
0.573901 0.416639
0.424360 0.225043
0.549272 0.613880
0.623066 0.513291
0.606800 0.568072
0.755181 0.483901
0.257607 0.663839
0.622364 0.471145
0.450392 0.228553
0.693777 0.282022
0.512833 0.630787
0.591723 0.785577
0.402753 0.230415
0.638050 0.731620
0.676412 0.700125
0.787622 0.548021
0.406659 0.578631
0.608509 0.736106
0.240181 0.358989
0.407880 0.451521
0.314371 0.267403
0.796075 0.468368
0.547746 0.360820
0.778253 0.588397
0.406629 0.449049
0.389874 0.560045
0.434553 0.741600
0.494156 0.610248
0.471389 0.758568
0.591723 0.446425
0.327525 0.731132
0.341594 0.278970
0.288156 0.691305
0.317270 0.295175
0.312540 0.292428
0.752922 0.609210
0.213080 0.531663
0.774010 0.559862
0.653676 0.259774
0.266366 0.353557
0.318247 0.698080
0.379040 0.448592
0.394787 0.242866
0.672018 0.720084
0.232917 0.617359
0.727805 0.633747
0.629048 0.277596
0.374279 0.445631
0.358470 0.259774
0.215644 0.464309
0.353954 0.724204
0.498825 0.245918
0.537278 0.370556
0.616504 0.263466
0.764214 0.394787
0.385754 0.486740
0.438185 0.583575
0.205878 0.509079
0.214881 0.547868
0.375927 0.565966
0.245155 0.540330
0.300455 0.302408
0.515519 0.792779
0.281594 0.368206
0.738121 0.351299
0.568438 0.371136
0.741020 0.606922
0.423414 0.568133
0.759819 0.415357
0.368511 0.435713
0.613361 0.255287
0.257576 0.409803
0.643757 0.486740
0.224433 0.539323
0.686819 0.675619
0.613727 0.510971
0.237373 0.484634
0.579180 0.438887
0.720145 0.626423
0.485275 0.360302
0.600024 0.239662
0.270089 0.332560
0.745750 0.574450
0.382336 0.503098
0.365246 0.534043
0.344127 0.749718
0.473983 0.240669
0.296091 0.335429
0.216071 0.437666
0.471816 0.236518
0.494217 0.763848
0.227607 0.543992
0.377850 0.548540
0.760247 0.445601
0.565386 0.365062
0.501511 0.357311
0.486587 0.389691
0.307749 0.695395
0.350566 0.701682
0.740165 0.679586
0.369732 0.239051
0.366894 0.560656
0.291177 0.292673
0.436872 0.604572
0.563189 0.209845
0.617298 0.529344
0.771264 0.478988
0.295389 0.708609
0.543840 0.638722
0.403974 0.735435
0.431013 0.758324
0.227943 0.550462
0.291147 0.662709
0.616474 0.548265
0.267067 0.337657
0.491501 0.608875
0.730338 0.681234
0.726249 0.660360
0.422102 0.426313
0.676260 0.276467
0.512833 0.601917
0.551042 0.387951
0.256783 0.666952
0.271584 0.657826
0.410871 0.428327
0.799402 0.505051
0.621754 0.580706
0.783563 0.403424
0.795648 0.454299
0.673116 0.708243
0.694021 0.278909
0.598743 0.258248
0.739891 0.428968
0.438887 0.790429
0.577013 0.579333
0.385540 0.445448
0.755333 0.522446
0.604572 0.255196
0.511032 0.207678
0.588183 0.601245
0.549089 0.636311
0.742271 0.655354
0.454299 0.769585
0.214515 0.440504
0.252754 0.541368
0.283578 0.306558
0.767418 0.459090
0.729209 0.678640
0.527848 0.794305
0.484390 0.394055
0.265969 0.597827
0.775689 0.587237
0.715506 0.332652
0.749260 0.353099
0.724784 0.615894
0.709738 0.666921
0.772332 0.444319
0.493271 0.229438
0.727531 0.319407
0.723746 0.349223
0.770837 0.392529
0.585833 0.571245
0.254189 0.600543
0.672628 0.261422
0.706778 0.286081
0.275246 0.649953
0.415143 0.402966
0.587909 0.434034
0.692892 0.273995
0.626850 0.497940
0.752312 0.492325
0.319224 0.727042
0.686300 0.733207
0.565111 0.382336
0.340648 0.718253
0.576128 0.613941
0.503189 0.639302
0.608203 0.481796
0.467483 0.630604
0.795984 0.487533
0.495224 0.768517
0.489059 0.796045
0.282052 0.697195
0.489364 0.246345
0.791009 0.472427
0.565874 0.370617
0.711447 0.662618
0.540086 0.766655
0.565477 0.235054
0.559923 0.243355
0.473373 0.611896
0.467330 0.770104
0.560625 0.752739
0.755272 0.425550
0.212836 0.503006
0.545061 0.403638
0.456557 0.247139
0.533067 0.639576
0.245888 0.426252
0.402539 0.751457
0.237159 0.564226
0.351451 0.293619
0.477096 0.753960
0.284463 0.657277
0.619648 0.484542
0.752892 0.356395
0.582324 0.375408
0.256447 0.337199
0.350444 0.734611
0.285653 0.640736
0.399182 0.609180
0.523698 0.361095
0.413465 0.406201
0.549181 0.246681
0.455184 0.788965
0.551408 0.209662
0.366283 0.265511
0.530351 0.358928
0.630696 0.432905
0.695029 0.327677
0.241432 0.648946
0.500046 0.374218
0.279214 0.375622
0.367473 0.568499
0.230232 0.609729
0.669790 0.257942
0.655904 0.279275
0.729087 0.327799
0.782647 0.466872
0.505509 0.233741
0.752434 0.605853
0.370220 0.492508
0.763634 0.635853
0.717887 0.311625
0.691763 0.277535
0.492782 0.636647
0.272744 0.343944
0.708365 0.304209
0.469131 0.218879
0.383312 0.273537
0.687063 0.706015
0.505112 0.791559
0.336467 0.262123
0.556627 0.761864
0.629200 0.749474
0.225471 0.428297
0.779168 0.451827
0.509690 0.758110
0.702963 0.680410
0.620808 0.761528
0.733238 0.378124
0.344249 0.707450
0.539811 0.379650
0.685110 0.688681
0.517319 0.395581
0.640461 0.469131
0.410230 0.785394
0.420698 0.426832
0.293680 0.324351
0.384136 0.728507
0.673910 0.741447
0.451521 0.241432
0.577837 0.243812
0.577319 0.585162
0.627277 0.268258
0.650258 0.268563
0.583117 0.243873
0.609943 0.481796
0.643391 0.720878
0.402814 0.422163
0.230049 0.575640
0.482070 0.778405
0.434217 0.405957
0.752281 0.464858
0.577044 0.244148
0.760247 0.492752
0.358531 0.242439
0.517777 0.362590
0.567309 0.369579
0.469863 0.776055
0.403119 0.239509
0.630055 0.717215
0.640706 0.748070
0.447584 0.375011
0.400525 0.410382
0.776635 0.415754
0.507584 0.774285
0.626972 0.757378
0.630421 0.728538
0.295328 0.332072
0.367443 0.440535
0.321848 0.264687
0.261177 0.331645
0.684194 0.712210
0.243416 0.437971
0.277779 0.643635
0.499222 0.607318
0.247139 0.636586
0.722617 0.614948
0.293497 0.658376
0.227943 0.457289
0.242775 0.456069
0.255806 0.349376
0.261391 0.606983
0.756340 0.355266
0.571245 0.749992
0.696554 0.663564
0.220862 0.575976
0.503098 0.635823
0.604541 0.400708
0.635426 0.754540
0.398236 0.541124
0.783776 0.573382
0.231391 0.574664
0.354747 0.528306
0.455397 0.376080
0.275124 0.335276
0.721061 0.329539
0.521409 0.790246
0.254250 0.365215
0.239296 0.480575
0.345256 0.753868
0.208289 0.545946
0.255013 0.333689
0.299600 0.287057
0.333659 0.256783
0.236976 0.524216
0.597644 0.457167
0.254799 0.664083
0.403027 0.266396
0.516831 0.227943
0.488540 0.247536
0.387738 0.727531
0.752739 0.413923
0.391156 0.600513
0.219153 0.586200
0.429640 0.259987
0.618030 0.448866
0.349956 0.734794
0.364360 0.732444
0.525742 0.750877
0.368480 0.515091
0.736106 0.631886
0.772576 0.463973
0.205878 0.502823
0.499985 0.397259
0.309763 0.286233
0.455641 0.612354
0.467910 0.638203
0.247261 0.500534
0.385113 0.234443
0.413129 0.594226
0.273995 0.635365
0.525468 0.209326
0.692648 0.340556
0.578570 0.769921
0.457503 0.790613
0.315165 0.683523
0.568255 0.221473
0.690023 0.684805
0.214362 0.563250
0.752647 0.530686
0.361278 0.461501
0.723258 0.671590
0.447890 0.633015
0.229652 0.581896
0.299234 0.695517
0.278420 0.675619
0.546220 0.770623
0.334178 0.737541
0.306009 0.701865
0.449263 0.606708
0.507920 0.205847
0.392926 0.492355
0.602863 0.231574
0.563280 0.586840
0.470077 0.622181
0.424757 0.619282
0.296487 0.661580
0.322031 0.677358
0.367687 0.238563
0.398938 0.494400
0.657002 0.267006
0.607929 0.758019
0.682852 0.274697
0.424726 0.623096
0.341807 0.752556
0.428938 0.419233
0.733665 0.402631
0.446120 0.605426
0.411054 0.237495
0.608844 0.562304
0.714255 0.646779
0.239601 0.522813
0.795312 0.460738
0.635670 0.514023
0.714774 0.303446
0.385510 0.747032
0.769372 0.430586
0.784539 0.515793
0.482070 0.618976
0.467055 0.376965
0.292123 0.686453
0.257668 0.614521
0.400739 0.219886
0.726615 0.638295
0.551927 0.372875
0.483444 0.771172
0.710410 0.698233
0.645466 0.707083
0.579119 0.623280
0.601794 0.517441
0.730766 0.343303
0.720145 0.636769
0.351421 0.500870
0.528642 0.750206
0.529649 0.390332
0.527665 0.763604
0.735282 0.325297
0.788293 0.570696
0.597430 0.230781
0.277718 0.358470
0.754234 0.377697
0.352550 0.508133
0.615284 0.524705
0.417280 0.225013
0.737236 0.335459
0.272286 0.623676
0.273049 0.651387
0.354717 0.740867
0.494125 0.242012
0.278207 0.667928
0.794519 0.450789
0.592181 0.772210
0.769311 0.622333
0.714408 0.296731
0.229652 0.403088
0.507675 0.368999
0.741173 0.405133
0.436903 0.418439
0.639576 0.720664
0.727165 0.672994
0.360179 0.449995
0.566027 0.387158
0.247597 0.659291
0.376293 0.427320
0.407941 0.383923
0.403363 0.542222
0.616016 0.504563
0.349193 0.248848
0.330729 0.699545
0.764763 0.600543
0.241951 0.468062
0.486251 0.630726
0.632313 0.546678
0.784356 0.407971
0.242958 0.593921
0.589129 0.565661
0.449141 0.235878
0.341533 0.284829
0.374920 0.240913
0.381207 0.268349
0.739952 0.596362
0.411603 0.615925
0.634724 0.750969
0.731498 0.665395
0.375225 0.471023
0.423048 0.246834
0.421155 0.429060
0.658254 0.246101
0.214698 0.566912
0.404981 0.393811
0.238350 0.587542
0.502457 0.776849
0.240547 0.427747
0.293283 0.357768
0.446120 0.219672
0.785028 0.580126
0.684591 0.280190
0.550798 0.775994
0.355144 0.528428
0.701559 0.657521
0.384716 0.467269
0.596271 0.772485
0.214393 0.501144
0.232734 0.378887
0.577410 0.409558
0.495499 0.637471
0.261269 0.576220
0.203650 0.501877
0.617939 0.269234
0.745476 0.548845
0.316477 0.722098
0.783624 0.498978
0.221168 0.421522
0.577074 0.754143
0.483322 0.630238
0.557817 0.612079
0.304880 0.669454
0.526872 0.605701
0.451033 0.749565
0.276742 0.312052
0.605457 0.467147
0.646413 0.522324
0.339854 0.709403
0.528153 0.623188
0.513688 0.764946
0.234352 0.560656
0.658650 0.278603
0.611469 0.491256
0.750572 0.475509
0.431104 0.599506
0.562120 0.414869
0.412580 0.399854
0.589251 0.773064
0.317026 0.724052
0.517045 0.375500
0.210974 0.537248
0.598102 0.733634
0.567064 0.240638
0.408032 0.596301
0.210517 0.466964
0.573504 0.749107
0.508255 0.769890
0.391461 0.586749
0.579455 0.567583
0.338298 0.285165
0.774438 0.496231
0.250191 0.525132
0.575549 0.614063
0.619373 0.747002
0.682882 0.718467
0.300180 0.313181
0.573504 0.577776
0.659902 0.276620
0.252754 0.552568
0.674978 0.711814
0.276315 0.650014
0.453658 0.205573
0.291269 0.323405
0.528489 0.236152
0.657765 0.280496
0.497452 0.605152
0.499313 0.617084
0.621662 0.586108
0.626179 0.484298
0.632099 0.548936
0.568804 0.254006
0.759941 0.487716
0.220923 0.517869
0.778985 0.411023
0.481338 0.381024
0.492721 0.365917
0.606555 0.257454
0.313242 0.670064
0.591968 0.423048
0.491745 0.786004
0.690909 0.293313
0.755211 0.527238
0.219031 0.423505
0.343638 0.295816
0.394208 0.402783
0.438795 0.599933
0.705222 0.332347
0.571947 0.761711
0.479751 0.759514
0.343699 0.251656
0.423688 0.612476
0.520707 0.637379
0.570757 0.372478
0.672903 0.744102
0.773980 0.583697
0.480819 0.788507
0.383923 0.463271
0.768426 0.415448
0.646199 0.519913
0.225471 0.480148
0.586657 0.254891
0.694571 0.698294
0.227668 0.615162
0.240364 0.380261
0.227119 0.427412
0.699820 0.328745
0.588885 0.620716
0.288644 0.341380
0.576830 0.260872
0.764733 0.587664
0.793023 0.552690
0.403302 0.737541
0.511734 0.244270
0.479995 0.372478
0.381695 0.453841
0.573931 0.618122
0.319529 0.290567
0.397382 0.250862
0.451277 0.245796
0.432875 0.382763
0.405225 0.406110
0.447645 0.207984
0.296396 0.282235
0.624470 0.548692
0.392560 0.400403
0.413221 0.219916
0.622913 0.432936
0.484970 0.218574
0.265236 0.413312
0.383587 0.774468
0.397168 0.502487
0.592608 0.244148
0.797327 0.531999
0.621296 0.414960
0.754387 0.510300
0.666829 0.262429
0.420606 0.219642
0.562670 0.406171
0.477767 0.767205
0.303751 0.670675
0.417035 0.237587
0.638997 0.245369
0.609638 0.465560
0.366070 0.456587
0.280740 0.671590
0.753319 0.453352
0.224494 0.400128
0.751671 0.609363
0.778130 0.549669
0.366192 0.441877
0.375103 0.504624
0.267769 0.324229
0.559008 0.396771
0.281320 0.623981
0.254158 0.643818
0.552080 0.217475
0.574175 0.611652
0.532548 0.384686
0.255501 0.433638
0.641408 0.455672
0.646748 0.490738
0.294870 0.353557
0.778191 0.450026
0.244362 0.412671
0.645558 0.483718
0.642811 0.461806
0.663625 0.690359
0.381146 0.455763
0.445601 0.392468
0.398419 0.544664
0.605823 0.422468
0.563707 0.232704
0.758324 0.423658
0.760735 0.534745
0.235969 0.416059
0.366832 0.288034
0.655629 0.717429
0.727439 0.370952
0.465407 0.627430
0.541795 0.231452
0.767663 0.486343
0.354808 0.249550
0.337291 0.742943
0.225471 0.413160
0.474258 0.364879
0.760125 0.380322
0.566637 0.208747
0.528153 0.371258
0.253914 0.394391
0.626881 0.277261
0.381817 0.726096
0.423688 0.404889
0.347301 0.755058
0.494888 0.761132
0.393567 0.460463
0.453993 0.605914
0.433546 0.366405
0.588122 0.408521
0.233619 0.571490
0.289315 0.684530
0.460524 0.786065
0.394238 0.400311
0.513718 0.223395
0.645344 0.244118
0.787622 0.546678
0.252846 0.402631
0.671651 0.737602
0.362560 0.444075
0.361675 0.266396
0.647511 0.514847
0.418012 0.785211
0.759453 0.420728
0.519669 0.630604
0.523392 0.376019
0.757042 0.452101
0.255196 0.356395
0.439619 0.417737
0.356151 0.271004
0.263894 0.348674
0.572466 0.739738
0.393139 0.418073
0.633503 0.451796
0.708853 0.324107
0.491562 0.786859
0.365368 0.485183
0.362072 0.555467
0.367931 0.522813
0.702109 0.303415
0.227760 0.395947
0.468123 0.247414
0.456832 0.360424
0.214148 0.544145
0.380963 0.530992
0.207282 0.498184
0.280251 0.356700
0.230293 0.564989
0.431288 0.605243
0.412732 0.599384
0.569628 0.743889
0.608203 0.489120
0.230384 0.613910
0.227851 0.505051
0.381329 0.566759
0.509964 0.371685
0.225166 0.394574
0.658345 0.281838
0.754112 0.374584
0.307596 0.312510
0.674581 0.684011
0.206732 0.458419
0.483322 0.384167
0.566698 0.777612
0.743400 0.571947
0.594806 0.736747
0.645161 0.262886
0.569872 0.742607
0.465255 0.357646
0.232368 0.488815
0.458602 0.785333
0.723716 0.695608
0.220283 0.574541
0.493484 0.355358
0.765191 0.494308
0.654073 0.301798
0.410321 0.553301
0.730338 0.399518
0.216193 0.569231
0.491195 0.754723
0.474044 0.638722
0.778405 0.485275
0.475661 0.353771
0.451674 0.237556
0.744041 0.578417
0.620563 0.268136
0.583636 0.777490
0.403302 0.391278
0.251442 0.385327
0.717338 0.351024
0.305033 0.275369
0.724021 0.628040
0.619831 0.268807
0.371044 0.456771
0.292276 0.283883
0.277871 0.668905
0.535356 0.368267
0.226875 0.603839
0.599750 0.473342
0.241768 0.643544
0.753380 0.408948
0.705191 0.675893
0.417219 0.255898
0.615925 0.269662
0.521744 0.638295
0.660451 0.727958
0.327525 0.313456
0.451186 0.636921
0.641987 0.275674
0.245613 0.356639
0.689627 0.274514
0.506699 0.783593
0.722037 0.363018
0.773217 0.475326
0.498733 0.788385
0.456557 0.210486
0.780908 0.411115
0.312845 0.300241
0.550737 0.789697
0.716483 0.660848
0.245338 0.383129
0.618458 0.467849
0.586779 0.589740
0.461867 0.382977
0.361766 0.741539
0.433302 0.745018
0.253700 0.663594
0.568773 0.751762
0.574786 0.230201
0.277352 0.661733
0.602527 0.521531
0.615741 0.453566
0.301645 0.281503
0.546617 0.389569
0.767235 0.492569
0.669881 0.257210
0.628773 0.749931
0.495987 0.605609
0.731651 0.329814
0.504654 0.790185
0.593341 0.462325
0.788507 0.452559
0.573473 0.428968
0.648335 0.715720
0.778161 0.444441
0.592120 0.581286
0.225562 0.412183
0.648183 0.727653
0.450758 0.632313
0.641499 0.518357
0.606616 0.228004
0.437574 0.627918
0.246834 0.485702
0.217780 0.561785
0.750298 0.499222
0.583422 0.395489
0.592151 0.740806
0.368633 0.534074
0.370067 0.276803
0.224860 0.488388
0.236213 0.506729
0.725669 0.362285
0.452376 0.786157
0.395520 0.765252
0.622456 0.269173
0.390576 0.250954
0.244850 0.501236
0.540056 0.598193
0.483627 0.397961
0.584643 0.235145
0.761956 0.402478
0.480575 0.231483
0.452956 0.778436
0.406598 0.765191
0.403302 0.443739
0.770165 0.498062
0.461318 0.225471
0.728111 0.607959
0.737754 0.586810
0.249519 0.380810
0.400311 0.531938
0.244270 0.567492
0.217780 0.422407
0.773949 0.510331
0.767357 0.593219
0.368694 0.564501
0.399701 0.744926
0.566515 0.772698
0.596362 0.774773
0.409558 0.770989
0.254463 0.657674
0.249458 0.382488
0.621937 0.431654
0.350688 0.251747
0.439924 0.785058
0.252785 0.587054
0.388440 0.590350
0.750175 0.453322
0.457472 0.243782
0.283425 0.304727
0.299966 0.301553
0.652608 0.739036
0.396527 0.531266
0.497818 0.235817
0.495163 0.614795
0.377239 0.275979
0.508377 0.226814
0.216834 0.556017
0.639515 0.278420
0.500351 0.212989
0.603656 0.607105
0.600085 0.517899
0.201605 0.482009
0.571856 0.409772
0.261910 0.615070
0.495437 0.644704
0.522416 0.627430
0.428022 0.254524
0.598163 0.247261
0.252663 0.573382
0.486679 0.772088
0.739799 0.658193
0.764245 0.415235
0.561968 0.396344
0.586016 0.380078
0.721122 0.692495
0.621570 0.538591
0.444563 0.763268
0.418348 0.398419
0.484756 0.600848
0.643544 0.518540
0.742607 0.594104
0.550310 0.394055
0.382641 0.511582
0.616260 0.242195
0.736595 0.657826
0.728965 0.657491
0.609272 0.434889
0.519089 0.633778
0.747093 0.371685
0.354747 0.277383
0.385083 0.455458
0.251595 0.340831
0.641774 0.528672
0.266610 0.664907
0.387616 0.531083
0.321146 0.286294
0.422956 0.608417
0.236763 0.601581
0.344432 0.270119
0.740776 0.609790
0.585131 0.408887
0.579363 0.574023
0.212043 0.460921
0.620563 0.761406
0.211310 0.525071
0.447737 0.388104
0.371685 0.576891
0.669637 0.303964
0.415723 0.382183
0.454360 0.763298
0.742485 0.633106
0.549150 0.373363
0.756798 0.580920
0.603259 0.463729
0.714957 0.702963
0.240791 0.434706
0.451094 0.757561
0.235542 0.546495
0.272897 0.621296
0.781274 0.552232
0.629322 0.259346
0.667745 0.265175
0.226386 0.607227
0.359935 0.552507
0.715964 0.661611
0.749413 0.445021
0.255196 0.345470
0.722190 0.692923
0.213324 0.576800
0.376934 0.459059
0.290475 0.310526
0.330576 0.279519
0.785699 0.463729
0.591754 0.601337
0.761162 0.512314
0.547411 0.394055
0.378887 0.470534
0.294321 0.712241
0.292611 0.662343
0.598560 0.463912
0.655721 0.712241
0.394391 0.430158
0.643025 0.292398
0.276131 0.692953
0.254250 0.396069
0.260903 0.392682
0.781640 0.477035
0.496231 0.614216
0.210822 0.528031
0.547624 0.391888
0.538255 0.754173
0.244667 0.583758
0.558580 0.779382
0.329203 0.702383
0.711020 0.361583
0.522385 0.597613
0.656758 0.267159
0.361736 0.466536
0.233283 0.615864
0.572375 0.221656
0.722739 0.356639
0.655324 0.282144
0.272011 0.677175
0.540422 0.632801
0.538804 0.626179
0.401257 0.769005
0.721885 0.352245
0.397534 0.761376
0.612232 0.739280
0.427107 0.753624
0.795648 0.496292
0.744438 0.581957
0.550218 0.232093
0.225379 0.550096
0.277108 0.661702
0.526963 0.209601
0.556810 0.634358
0.230140 0.380963
0.544450 0.760338
0.517411 0.364574
0.307016 0.320109
0.262764 0.325663
0.473647 0.616108
0.246345 0.518052
0.490738 0.243995
0.699332 0.703360
0.530107 0.771783
0.747032 0.574145
0.228492 0.572527
0.795740 0.509201
0.769646 0.371776
0.730277 0.363292
0.567278 0.766503
0.721519 0.374462
0.615864 0.271798
0.499069 0.397595
0.494278 0.378124
0.382946 0.572405
0.722983 0.368328
0.481857 0.780114
0.592395 0.544877
0.522843 0.238380
0.463515 0.371715
0.522996 0.366497
0.545976 0.795648
0.500107 0.644002
0.599780 0.466567
0.414747 0.775658
0.606891 0.750237
0.486099 0.616596
0.754814 0.571368
0.264565 0.659841
0.642842 0.486251
0.487075 0.387677
0.254769 0.601794
0.395489 0.424970
0.315500 0.308054
0.605426 0.246925
0.750420 0.533525
0.267861 0.633686
0.410504 0.397076
0.237281 0.359508
0.436903 0.254769
0.741935 0.646260
0.680227 0.284463
0.532701 0.374950
0.433332 0.760521
0.473647 0.751457
0.469893 0.624287
0.247261 0.535569
0.720817 0.354778
0.489486 0.603290
0.626576 0.277932
0.756157 0.427564
0.374737 0.244789
0.255898 0.571032
0.591357 0.563433
0.508713 0.791559
0.762627 0.507950
0.256630 0.630879
0.397107 0.763237
0.388592 0.750511
0.692953 0.307993
0.349376 0.268929
0.596454 0.237709
0.734367 0.335154
0.576098 0.602435
0.596789 0.445326
0.261788 0.363231
0.708914 0.300821
0.570452 0.622944
0.542314 0.234840
0.754448 0.631886
0.771661 0.618488
0.222846 0.596606
0.640370 0.464675
0.599384 0.473586
0.292245 0.346080
0.381573 0.413068
0.620502 0.536607
0.751274 0.359111
0.779839 0.418989
0.490616 0.382641
0.261452 0.610675
0.281045 0.373760
0.421186 0.423200
0.266549 0.396863
0.377178 0.459304
0.271523 0.611866
0.425062 0.253670
0.441145 0.788385
0.702689 0.303354
0.257118 0.621509
0.374920 0.740410
0.454512 0.365825
0.785516 0.566485
0.573443 0.583941
0.317087 0.712699
0.764641 0.500259
0.472457 0.751213
0.612293 0.517136
0.330119 0.273598
0.540574 0.795465
0.646199 0.733329
0.367290 0.248665
0.236366 0.541337
0.232978 0.451155
0.245064 0.623127
0.547472 0.390790
0.680380 0.690725
0.245766 0.424635
0.752037 0.629994
0.697378 0.667043
0.491134 0.621387
0.591754 0.450545
0.290048 0.352092
0.343303 0.275491
0.212378 0.486099
0.761711 0.585528
0.220923 0.524644
0.718863 0.688314
0.704306 0.675802
0.434431 0.253212
0.607318 0.539720
0.213202 0.478713
0.559832 0.219092
0.417005 0.748283
0.406629 0.421094
0.383984 0.260872
0.683584 0.293954
0.749443 0.455580
0.592761 0.429548
0.248054 0.476516
0.241554 0.530351
0.751823 0.355480
0.302225 0.662130
0.767632 0.426008
0.320597 0.313120
0.613483 0.553484
0.604938 0.224952
0.592303 0.610401
0.547288 0.360271
0.222694 0.518418
0.608600 0.591144
0.798364 0.528825
0.516190 0.636464
0.370128 0.439558
0.558733 0.409650
0.763085 0.465407
0.501450 0.775262
0.614917 0.556749
0.447554 0.637318
0.437452 0.780084
0.397412 0.444441
0.563066 0.789270
0.735771 0.646443
0.566698 0.773400
0.402478 0.524216
0.436995 0.215247
0.583026 0.441908
0.768303 0.629353
0.358745 0.519303
0.440840 0.231910
0.486587 0.756432
0.593036 0.402203
0.640767 0.714347
0.235725 0.489792
0.512864 0.376324
0.588336 0.428388
0.494705 0.629749
0.521378 0.360668
0.258980 0.665822
0.559130 0.371715
0.654042 0.738151
0.398755 0.734001
0.250374 0.635609
0.503128 0.631733
0.786981 0.576525
0.306833 0.724631
0.427747 0.600818
0.387432 0.777642
0.585253 0.435530
0.753990 0.523331
0.397565 0.593036
0.684805 0.308054
0.297464 0.321268
0.593646 0.389264
0.262886 0.679189
0.247414 0.637593
0.762535 0.566729
0.602405 0.455000
0.638539 0.546770
0.624134 0.737846
0.476455 0.239479
0.531480 0.375988
0.636616 0.518509
0.525224 0.600574
0.357158 0.758995
0.259163 0.647847
0.498489 0.629505
0.222968 0.571734
0.638142 0.722892
0.569872 0.764916
0.513901 0.764702
0.435163 0.416700
0.481155 0.393414
0.289804 0.323038
0.664785 0.297891
0.455519 0.409925
0.774834 0.476089
0.591235 0.553423
0.576586 0.399091
0.694479 0.706748
0.747429 0.413831
0.408673 0.262795
0.349681 0.268502
0.386608 0.735527
0.758324 0.617939
0.230598 0.623585
0.506180 0.758751
0.418592 0.431135
0.712638 0.311960
0.559069 0.604022
0.601093 0.774957
0.207831 0.454787
0.365612 0.443495
0.242927 0.386029
0.506455 0.207739
0.750664 0.642689
0.358959 0.520035
0.761162 0.366436
0.332774 0.699759
0.503891 0.781701
0.248085 0.586261
0.273080 0.315226
0.761101 0.565355
0.709220 0.661458
0.499863 0.793298
0.760765 0.637776
0.699087 0.339885
0.359844 0.244240
0.606616 0.270394
0.741203 0.350932
0.367016 0.509018
0.433332 0.749840
0.206610 0.495773
0.707175 0.712516
0.765130 0.593677
0.214881 0.425275
0.218299 0.585986
0.414624 0.417982
0.430708 0.611347
0.712455 0.352977
0.634083 0.235267
0.279122 0.315622
0.467421 0.789087
0.464827 0.369701
0.476455 0.377422
0.389447 0.547136
0.243965 0.357585
0.365734 0.525224
0.535813 0.797418
0.754112 0.489853
0.630726 0.233955
0.769402 0.514878
0.737327 0.330302
0.450636 0.589923
0.217322 0.502121
0.320505 0.721976
0.601581 0.741295
0.593707 0.461257
0.558245 0.416150
0.450240 0.381359
0.232276 0.604328
0.570605 0.576250
0.234565 0.562120
0.613147 0.486862
0.428205 0.753746
0.651387 0.735679
0.310434 0.666524
0.629780 0.263771
0.777642 0.452071
0.747032 0.375469
0.793970 0.530808
0.757622 0.601093
0.779504 0.517716
0.726463 0.365581
0.700827 0.338908
0.509598 0.640584
0.377483 0.442061
0.370434 0.239998
0.416822 0.740806
0.386486 0.425703
0.272988 0.315653
0.684988 0.312632
0.731285 0.403577
0.348582 0.706046
0.263344 0.401685
0.750908 0.585803
0.407575 0.540513
0.623249 0.260659
0.386456 0.262734
0.555864 0.769494
0.772942 0.559618
0.280374 0.365246
0.463759 0.614582
0.398297 0.599994
0.478927 0.756066
0.555986 0.207221
0.493088 0.359416
0.763359 0.632069
0.749779 0.406354
0.325327 0.728507
0.640858 0.545213
0.669057 0.255196
0.241493 0.351726
0.400708 0.250801
0.248665 0.602435
0.764031 0.450026
0.749382 0.644002
0.253792 0.394574
0.528031 0.203040
0.279946 0.368267
0.694693 0.332163
0.548692 0.636647
0.396466 0.255531
0.749260 0.396558
0.347606 0.743828
0.386303 0.498154
0.224067 0.552507
0.261147 0.615650
0.765160 0.369671
0.689322 0.724876
0.772057 0.428938
0.389813 0.513840
0.455428 0.385022
0.296640 0.670309
0.692740 0.330943
0.237892 0.604389
0.436659 0.248024
0.308237 0.318796
0.736625 0.614948
0.627766 0.466292
0.711234 0.292489
0.451674 0.792474
0.479934 0.388867
0.498733 0.245552
0.256752 0.645955
0.442701 0.405530
0.224952 0.440260
0.775384 0.594592
0.347697 0.739006
0.771111 0.433943
0.597949 0.590899
0.237495 0.636830
0.411054 0.593860
0.570452 0.603809
0.782098 0.556200
0.641530 0.259133
0.483077 0.634968
0.521134 0.609241
0.219275 0.553941
0.306284 0.666585
0.552141 0.620899
0.695151 0.667623
0.556017 0.371960
0.675253 0.688681
0.517808 0.368633
0.370952 0.273415
0.737083 0.655934
0.404981 0.459639
0.493912 0.383221
0.661977 0.298624
0.397504 0.540941
0.201697 0.475723
0.209784 0.514908
0.225959 0.404187
0.709281 0.357189
0.312510 0.296152
0.480026 0.392438
0.217780 0.516373
0.506729 0.637226
0.756645 0.603534
0.277963 0.653249
0.449446 0.749718
0.420209 0.568499
0.780725 0.578509
0.657521 0.700217
0.424909 0.379498
0.322214 0.288491
0.483200 0.620258
0.545885 0.593951
0.588122 0.587970
0.788263 0.490432
0.429365 0.764946
0.441694 0.386242
0.259957 0.606037
0.778588 0.490310
0.670431 0.257363
0.637104 0.735496
0.415723 0.605152
0.594562 0.765099
0.390210 0.487655
0.466201 0.613269
0.436689 0.384747
0.402661 0.549242
0.219398 0.394543
0.713706 0.300211
0.515793 0.219398
0.772912 0.493759
0.573840 0.743461
0.746818 0.668172
0.718863 0.669149
0.683370 0.673971
0.215674 0.575457
0.212653 0.551134
0.426618 0.370739
0.288644 0.635060
0.442488 0.378063
0.244209 0.348674
0.593982 0.417737
0.338847 0.715476
0.716758 0.646290
0.265084 0.339671
0.733329 0.617054
0.765954 0.384350
0.283395 0.370922
0.526688 0.790338
0.781274 0.424696
0.282815 0.694479
0.778191 0.434400
0.674703 0.686758
0.619984 0.753868
0.564348 0.240822
0.384899 0.751427
0.243080 0.431440
0.545152 0.599414
0.413190 0.574511
0.298196 0.713248
0.377636 0.420576
0.786462 0.449721
0.635823 0.257179
0.233680 0.411145
0.712271 0.344401
0.572893 0.613697
0.763115 0.640767
0.294015 0.317148
0.577837 0.229102
0.384289 0.537645
0.242317 0.622456
0.571215 0.372600
0.739433 0.621296
0.422010 0.762566
0.768242 0.403180
0.262551 0.381176
0.604480 0.549333
0.386822 0.585070
0.410321 0.764031
0.469832 0.363750
0.653218 0.261025
0.425031 0.790429
0.540971 0.643361
0.209021 0.464339
0.680288 0.709311
0.248238 0.570269
0.237831 0.477279
0.606769 0.260933
0.717002 0.322642
0.402387 0.584948
0.622456 0.226722
0.578845 0.742607
0.391949 0.731925
0.289865 0.346751
0.492721 0.770959
0.345317 0.729728
0.246376 0.345378
0.616108 0.416822
0.360149 0.739250
0.425825 0.784692
0.553728 0.622394
0.769066 0.514573
0.257363 0.610004
0.742088 0.337992
0.527543 0.389752
0.400250 0.610920
0.349010 0.261788
0.393841 0.727348
0.389538 0.525651
0.711631 0.287759
0.610462 0.538011
0.580981 0.740043
0.607562 0.736961
0.450423 0.207953
0.444990 0.767693
0.398267 0.510727
0.377941 0.434309
0.232765 0.503372
0.683523 0.714133
0.476791 0.224677
0.397412 0.566424
0.219031 0.555193
0.499496 0.767663
0.427076 0.255074
0.232215 0.423139
0.606311 0.498276
0.360454 0.519608
0.438002 0.607013
0.717765 0.625538
0.402264 0.411023
0.426191 0.591784
0.539140 0.632344
0.536546 0.601276
0.490188 0.760796
0.343486 0.263588
0.609149 0.426344
0.399060 0.750237
0.761498 0.415967
0.749413 0.621967
0.588519 0.235450
0.409070 0.779473
0.236610 0.488388
0.224616 0.474349
0.324442 0.303354
0.282327 0.329447
0.489242 0.379345
0.281655 0.313334
0.235115 0.480239
0.738639 0.414686
0.277932 0.318827
0.498245 0.763176
0.628529 0.502518
0.624561 0.518326
0.588916 0.396100
0.457167 0.394116
0.464003 0.751366
0.631458 0.446669
0.460707 0.786309
0.219367 0.431806
0.223975 0.413617
0.750877 0.437361
0.338450 0.296213
0.532029 0.769189
0.792535 0.484451
0.665120 0.283547
0.411756 0.589373
0.244087 0.515488
0.350902 0.245979
0.494736 0.637471
0.641896 0.717704
0.515885 0.600757
0.757958 0.551531
0.398877 0.259041
0.392315 0.455489
0.400983 0.574297
0.652944 0.724204
0.768090 0.531419
0.495560 0.396496
0.442732 0.637471
0.359416 0.273019
0.763298 0.544450
0.474227 0.394269
0.262490 0.662618
0.404096 0.543229
0.601825 0.494705
0.400281 0.769127
0.681539 0.298868
0.757256 0.355510
0.301126 0.689871
0.785882 0.562212
0.616535 0.538865
0.313334 0.309702
0.610553 0.259804
0.459609 0.636769
0.485183 0.379376
0.386029 0.592090
0.513260 0.400250
0.406873 0.228156
0.589740 0.554582
0.774468 0.563158
0.284433 0.342601
0.557939 0.637654
0.463149 0.604602
0.783380 0.574389
0.421888 0.411206
0.551622 0.406720
0.532853 0.250008
0.294504 0.662526
0.758171 0.637288
0.377392 0.421461
0.444227 0.625111
0.407941 0.581194
0.392865 0.246956
0.322153 0.703269
0.527543 0.361919
0.646779 0.514756
0.678030 0.713889
0.708243 0.344798
0.631886 0.479263
0.279275 0.688040
0.562914 0.235145
0.410352 0.381054
0.715537 0.318766
0.773705 0.411267
0.352702 0.524277
0.782617 0.578570
0.213965 0.413953
0.537919 0.371319
0.490585 0.370617
0.305338 0.299631
0.486618 0.634236
0.547594 0.392224
0.384838 0.428632
0.366222 0.716483
0.617908 0.505905
0.590716 0.604389
0.629872 0.516373
0.751457 0.588519
0.272286 0.670644
0.299020 0.687124
0.701987 0.301950
0.643666 0.705924
0.758110 0.569811
0.235878 0.399915
0.524705 0.787469
0.367382 0.565416
0.368389 0.444044
0.485214 0.774224
0.591906 0.413221
0.495010 0.612354
0.506668 0.390728
0.235023 0.454482
0.764672 0.385754
0.392560 0.464797
0.750572 0.397046
0.412610 0.601886
0.522874 0.203040
0.604114 0.263192
0.433424 0.617603
0.243995 0.393139
0.639668 0.517228
0.642048 0.723899
0.783990 0.568590
0.683615 0.297128
0.220832 0.546525
0.238960 0.430036
0.589251 0.566301
0.362865 0.735740
0.531388 0.365246
0.304788 0.319163
0.370342 0.431013
0.747551 0.402020
0.615467 0.239418
0.634754 0.745872
0.738792 0.374554
0.581042 0.569384
0.633595 0.536241
0.728294 0.609638
0.509659 0.754997
0.689474 0.330760
0.391095 0.233558
0.207556 0.565996
0.324198 0.281259
0.305063 0.699728
0.464309 0.601215
0.461135 0.382916
0.758599 0.542467
0.791192 0.456038
0.537339 0.224952
0.774834 0.600696
0.442854 0.210059
0.295267 0.350749
0.645466 0.467940
0.694693 0.332530
0.643422 0.264748
0.365734 0.494583
0.746117 0.424512
0.457808 0.605823
0.247841 0.427137
0.316965 0.687399
0.309977 0.278909
0.445845 0.387402
0.607959 0.255531
0.761101 0.374218
0.760521 0.630268
0.342692 0.746239
0.566057 0.370220
0.457167 0.204260
0.768181 0.527665
0.614429 0.733695
0.731071 0.321207
0.384686 0.765374
0.389416 0.562731
0.598468 0.560625
0.695425 0.314219
0.585498 0.770989
0.408521 0.425275
0.230811 0.449599
0.654988 0.290933
0.291360 0.695456
0.545793 0.386364
0.262032 0.635121
0.365459 0.237281
0.286355 0.343455
0.703909 0.661580
0.358684 0.504410
0.227943 0.401288
0.792962 0.523728
0.406995 0.537187
0.742088 0.419935
0.272286 0.388745
0.746605 0.371654
0.516587 0.642659
0.507340 0.648732
0.574694 0.579608
0.639790 0.289865
0.684469 0.290872
0.304666 0.668905
0.690115 0.687094
0.406751 0.455367
0.399945 0.487381
0.344554 0.739860
0.389782 0.558947
0.594012 0.764092
0.710471 0.287179
0.691733 0.718650
0.239631 0.494339
0.589099 0.452284
0.750908 0.424543
0.660421 0.733451
0.584338 0.407117
0.739097 0.677694
0.535691 0.359874
0.640431 0.740562
0.767205 0.368786
0.783776 0.574358
0.242439 0.593554
0.630909 0.735710
0.340831 0.264595
0.416700 0.229286
0.396496 0.462416
0.463851 0.227577
0.636097 0.286447
0.665914 0.276650
0.585101 0.585009
0.320353 0.721305
0.322886 0.706320
0.568255 0.617054
0.409955 0.775231
0.389874 0.222541
0.239998 0.639119
0.204810 0.509140
0.587512 0.416181
0.411939 0.434645
0.585192 0.779168
0.568621 0.244301
0.241249 0.615558
0.629566 0.442915
0.497238 0.353130
0.737266 0.350658
0.599567 0.530229
0.371746 0.450148
0.395672 0.547838
0.790704 0.466720
0.662832 0.705893
0.462600 0.623432
0.270211 0.616352
0.419660 0.585559
0.584246 0.760949
0.766655 0.443983
0.241829 0.436293
0.666585 0.744102
0.360179 0.276711
0.648885 0.722098
0.755272 0.486618
0.537706 0.753197
0.373943 0.452101
0.289468 0.361644
0.680746 0.715323
0.296213 0.332713
0.410352 0.555376
0.534867 0.625263
0.293008 0.339610
0.494186 0.776086
0.697958 0.697714
0.460646 0.614460
0.513413 0.209601
0.595080 0.771569
0.485336 0.205756
0.790582 0.451552
0.732994 0.639088
0.267067 0.372356
0.378246 0.738578
0.366924 0.741264
0.279092 0.308603
0.571123 0.417310
0.581439 0.777276
0.600635 0.578600
0.642659 0.459334
0.535875 0.618824
0.397382 0.579455
0.750267 0.494766
0.383526 0.232704
0.252144 0.388409
0.298593 0.317698
0.683370 0.291208
0.536058 0.753990
0.378552 0.257515
0.543962 0.230567
0.779321 0.597949
0.755760 0.640950
0.557604 0.404767
0.437880 0.236915
0.233863 0.551012
0.718955 0.637715
0.248482 0.461348
0.460158 0.795373
0.388623 0.553911
0.392102 0.508316
0.642903 0.269478
0.706839 0.675527
0.567186 0.366924
0.709525 0.693960
0.417615 0.621815
0.449568 0.763909
0.561327 0.255776
0.740379 0.574480
0.643880 0.743095
0.453688 0.784478
0.561144 0.598132
0.224799 0.438337
0.448500 0.765801
0.478286 0.381298
0.761956 0.619861
0.683981 0.714042
0.315012 0.719291
0.468001 0.401868
0.241523 0.456771
0.559801 0.390484
0.623096 0.281198
0.697134 0.701529
0.569811 0.208991
0.342418 0.731590
0.646718 0.481246
0.254952 0.550584
0.213355 0.451949
0.250496 0.549608
0.369640 0.442793
0.405469 0.447462
0.211707 0.495193
0.606403 0.518265
0.549821 0.373577
0.510239 0.776116
0.286752 0.292886
0.259560 0.332560
0.276009 0.654714
0.636891 0.453291
0.515824 0.222205
0.743309 0.399670
0.523240 0.603107
0.637226 0.235694
0.250526 0.476089
0.478072 0.610828
0.702261 0.656331
0.765923 0.601489
0.540147 0.237617
0.740257 0.638050
0.761925 0.548326
0.228370 0.491409
0.648610 0.722465
0.500748 0.775231
0.765831 0.548021
0.563585 0.754143
0.767907 0.479598
0.621296 0.484725
0.778375 0.432630
0.407910 0.555132
0.209876 0.530076
0.388165 0.481613
0.378979 0.439528
0.276437 0.678365
0.777306 0.462844
0.289346 0.708609
0.736656 0.365062
0.317698 0.292428
0.371868 0.516526
0.206427 0.455977
0.268685 0.595874
0.217383 0.423139
0.231605 0.428724
0.254219 0.409253
0.568377 0.376965
0.250618 0.519883
0.633168 0.565569
0.731895 0.629963
0.541704 0.250038
0.224128 0.484542
0.538041 0.230598
0.428877 0.777734
0.326212 0.272164
0.318888 0.710715
0.252266 0.428144
0.232032 0.540422
0.769127 0.614032
0.399701 0.445235
0.761559 0.633045
0.307291 0.690207
0.557543 0.225257
0.649373 0.732200
0.372997 0.531297
0.602557 0.451582
0.221870 0.600330
0.594562 0.466842
0.566118 0.229530
0.590045 0.771233
0.736778 0.328196
0.769951 0.616535
0.601703 0.449751
0.734855 0.355693
0.587298 0.755577
0.735527 0.406446
0.513474 0.630787
0.381756 0.435530
0.762658 0.520157
0.212439 0.578295
0.388470 0.766900
0.627644 0.235176
0.306436 0.315195
0.482101 0.789789
0.584338 0.217597
0.439161 0.220618
0.424299 0.607105
0.229011 0.390912
0.302652 0.664907
0.387768 0.534959
0.376659 0.468642
0.220069 0.496414
0.736961 0.321757
0.556780 0.390240
0.489059 0.247871
0.651357 0.282693
0.454176 0.626545
0.753685 0.609516
0.565874 0.758538
0.631092 0.232612
0.609180 0.497909
0.559801 0.751640
0.350536 0.737083
0.408063 0.262032
0.332255 0.747215
0.443129 0.590930
0.474990 0.621662
0.370006 0.439589
0.586077 0.609699
0.382519 0.571673
0.271371 0.316019
0.570482 0.604389
0.241218 0.407392
0.765831 0.564501
0.625813 0.749168
0.679312 0.281991
0.616596 0.486801
0.712271 0.328776
0.320017 0.311869
0.443831 0.232063
0.589282 0.393841
0.359630 0.518784
0.787317 0.497147
0.748924 0.466140
0.216865 0.546800
0.666066 0.721549
0.556810 0.242653
0.668538 0.697745
0.259804 0.407056
0.419446 0.787072
0.608051 0.251930
0.498672 0.359966
0.757744 0.492660
0.568926 0.399274
0.601184 0.548387
0.235511 0.524339
0.625141 0.759362
0.338359 0.694082
0.584735 0.619587
0.434004 0.416852
0.488845 0.392804
0.220771 0.528062
0.381420 0.536088
0.706046 0.682821
0.283822 0.295053
0.793176 0.531144
0.538743 0.242622
0.444014 0.251839
0.362743 0.246834
0.737632 0.643849
0.795495 0.543352
0.702445 0.316080
0.769890 0.536119
0.598315 0.773431
0.525895 0.379009
0.420179 0.743370
0.589068 0.420545
0.306772 0.334178
0.547563 0.401379
0.469893 0.623829
0.549974 0.410413
0.790857 0.512955
0.434675 0.614216
0.768090 0.394818
0.575304 0.595935
0.695273 0.307108
0.513108 0.617786
0.276498 0.652852
0.639576 0.541704
0.242286 0.635548
0.435652 0.758934
0.752220 0.613788
0.555864 0.371502
0.273965 0.613056
0.208106 0.523850
0.544298 0.638173
0.216529 0.424451
0.741417 0.367931
0.504746 0.379406
0.419691 0.613208
0.547807 0.209876
0.374340 0.475417
0.420911 0.594867
0.483291 0.793603
0.420423 0.608020
0.712821 0.656575
0.256874 0.596698
0.329539 0.287912
0.498398 0.375622
0.799738 0.504288
0.270699 0.356944
0.633320 0.250160
0.603107 0.731010
0.389996 0.768883
0.613086 0.492904
0.393170 0.477828
0.484207 0.220252
0.393933 0.502976
0.410810 0.569048
0.327250 0.274117
0.342967 0.742088
0.789117 0.439863
0.249977 0.576373
0.409497 0.454054
0.627674 0.449324
0.409589 0.568468
0.463515 0.370006
0.720664 0.335215
0.776696 0.542314
0.508896 0.234779
0.794702 0.465072
0.553087 0.246071
0.748680 0.647481
0.642476 0.533372
0.537828 0.355419
0.682821 0.716239
0.594562 0.259438
0.467605 0.366100
0.227699 0.396863
0.683676 0.283700
0.562395 0.235786
0.539048 0.617267
0.596088 0.607257
0.770013 0.433760
0.719077 0.303415
0.516282 0.619495
0.490310 0.644887
0.614093 0.529405
0.403424 0.251015
0.479232 0.599780
0.543992 0.387738
0.408246 0.381909
0.763909 0.462874
0.428694 0.585162
0.504776 0.382946
0.234352 0.536760
0.635853 0.756859
0.328104 0.744560
0.384136 0.523667
0.406140 0.392682
0.365490 0.442244
0.565661 0.387585
0.576586 0.411206
0.793878 0.498398
0.518845 0.799066
0.636921 0.476882
0.420484 0.254402
0.787683 0.527268
0.664296 0.729728
0.415143 0.376446
0.744530 0.392621
0.434278 0.385296
0.799585 0.503311
0.658284 0.719230
0.481918 0.770653
0.433180 0.581683
0.631916 0.543504
0.795007 0.452986
0.551775 0.638417
0.305094 0.340373
0.294809 0.310648
0.674184 0.273812
0.548723 0.239326
0.614582 0.490860
0.300760 0.289102
0.698263 0.708213
0.699332 0.334544
0.603168 0.442274
0.352977 0.521378
0.452101 0.377026
0.404065 0.400311
0.364544 0.762841
0.495804 0.389142
0.504715 0.618183
0.228248 0.385968
0.244118 0.518845
0.585559 0.561632
0.253029 0.553545
0.756737 0.554003
0.215430 0.475784
0.265511 0.609210
0.406964 0.593890
0.280435 0.332286
0.420728 0.622486
0.570727 0.405683
0.374828 0.564257
0.353282 0.710898
0.217292 0.442244
0.433729 0.588763
0.371776 0.240394
0.388684 0.468093
0.769372 0.476241
0.705405 0.319590
0.564501 0.418653
0.790948 0.516434
0.491379 0.351848
0.312876 0.329722
0.605640 0.228126
0.296274 0.295236
0.574816 0.428785
0.358043 0.249825
0.284188 0.703085
0.537858 0.769799
0.362621 0.729514
0.387280 0.533006
0.586871 0.621693
0.768883 0.603473
0.573351 0.606525
0.535905 0.752525
0.553301 0.774621
0.455763 0.378155
0.625782 0.550798
0.780602 0.475875
0.371654 0.515793
0.733604 0.341472
0.241676 0.622120
0.328135 0.727622
0.308603 0.292550
0.566393 0.248238
0.786309 0.443587
0.620197 0.480087
0.487838 0.201880
0.456801 0.356731
0.232459 0.468673
0.475295 0.203558
0.432112 0.376598
0.551897 0.752434
0.713706 0.660146
0.730155 0.627827
0.244789 0.432142
0.459883 0.781182
0.465529 0.623707
0.574633 0.427656
0.416364 0.781976
0.510086 0.354503
0.443739 0.227546
0.238746 0.483749
0.761834 0.485824
0.740074 0.390515
0.384899 0.260140
0.687521 0.699179
0.631886 0.498978
0.440352 0.603381
0.625111 0.430067
0.300455 0.339335
0.732841 0.314005
0.408063 0.414045
0.543504 0.226234
0.624836 0.430006
0.702567 0.656728
0.412976 0.607105
0.464370 0.772271
0.405133 0.429640
0.750511 0.643056
0.258095 0.583209
0.779351 0.587878
0.410779 0.585894
0.573870 0.225745
0.455336 0.612659
0.720725 0.321665
0.448744 0.631275
0.433210 0.371258
0.389538 0.768853
0.232734 0.365246
0.250862 0.446211
0.214118 0.551286
0.573565 0.608661
0.511979 0.771935
0.401654 0.458602
0.782861 0.505112
0.214240 0.563768
0.558885 0.747215
0.433912 0.591021
0.515793 0.357677
0.669851 0.688070
0.750298 0.347484
0.628285 0.429487
0.381634 0.769433
0.539567 0.365581
0.220679 0.519303
0.678610 0.289224
0.638905 0.502640
0.253273 0.600085
0.607501 0.524857
0.762322 0.513230
0.736442 0.590350
0.760216 0.516739
0.603381 0.597613
0.498550 0.386547
0.203314 0.484512
0.344951 0.262062
0.650227 0.289499
0.501450 0.649495
0.562395 0.396008
0.499985 0.367016
0.287240 0.305857
0.695547 0.719352
0.751122 0.338145
0.621052 0.527299
0.376537 0.759697
0.552141 0.758385
0.491440 0.797357
0.608539 0.571368
0.366588 0.440992
0.637318 0.557482
0.786920 0.471267
0.643483 0.494797
0.416944 0.245674
0.775475 0.443800
0.252571 0.342387
0.366619 0.485763
0.776849 0.447371
0.634816 0.533433
0.619739 0.751305
0.745445 0.344584
0.295633 0.349071
0.353954 0.488418
0.318461 0.717521
0.292642 0.695212
0.310678 0.704428
0.415845 0.214209
0.576525 0.775201
0.628803 0.759911
0.511307 0.231635
0.500320 0.759697
0.494369 0.635182
0.413221 0.576952
0.246040 0.351329
0.417920 0.410169
0.622150 0.444258
0.221442 0.514237
0.748039 0.574114
0.502060 0.374004
0.282876 0.705161
0.264382 0.663503
0.374615 0.260598
0.717063 0.365520
0.267312 0.664327
0.364696 0.501572
0.490402 0.763817
0.720664 0.702902
0.778924 0.524857
0.410962 0.399792
0.521348 0.759148
0.517411 0.245247
0.545396 0.230262
0.498032 0.607654
0.466018 0.205634
0.748161 0.588153
0.610340 0.536332
0.760582 0.561419
0.751579 0.443617
0.356456 0.499802
0.590045 0.564776
0.744499 0.661031
0.225929 0.524827
0.389752 0.571886
0.324320 0.268990
0.273263 0.375072
0.734092 0.374432
0.573656 0.211707
0.543443 0.203406
0.624104 0.728019
0.270577 0.307108
0.575732 0.391675
0.271126 0.650014
0.446059 0.379650
0.696097 0.666860
0.631397 0.472610
0.755211 0.361736
0.385571 0.262764
0.697439 0.709799
0.446486 0.253822
0.422437 0.589557
0.543535 0.747917
0.688284 0.311869
0.259896 0.385266
0.423658 0.429090
0.786554 0.504410
0.668996 0.721763
0.244240 0.474563
0.359905 0.260079
0.792962 0.532304
0.480880 0.626881
0.736137 0.644642
0.296182 0.313303
0.602832 0.519272
0.577044 0.739189
0.422681 0.415174
0.243294 0.563280
0.519913 0.222053
0.607044 0.778832
0.246254 0.417188
0.704459 0.713919
0.618641 0.424665
0.641072 0.739799
0.564562 0.375103
0.548235 0.235084
0.231941 0.607685
0.286996 0.645131
0.305582 0.694510
0.418073 0.424512
0.595111 0.448866
0.410627 0.416791
0.654195 0.293222
0.589404 0.415998
0.369457 0.569964
0.384747 0.472365
0.580432 0.217292
0.386700 0.489700
0.574358 0.395947
0.472701 0.790582
0.591021 0.250587
0.787591 0.488357
0.374126 0.482650
0.422437 0.621418
0.461989 0.406171
0.403729 0.409314
0.771569 0.533738
0.754601 0.449934
0.719535 0.335398
0.563524 0.583117
0.768334 0.378368
0.762993 0.472304
0.732780 0.352092
0.303720 0.687704
0.479720 0.752525
0.318278 0.286752
0.396344 0.397107
0.449232 0.634724
0.469771 0.599628
0.517197 0.772210
0.655965 0.279519
0.547990 0.408795
0.675893 0.736137
0.604541 0.767754
0.755211 0.578021
0.255959 0.326334
0.607440 0.444075
0.328318 0.703665
0.364696 0.743339
0.598285 0.581591
0.590503 0.413190
0.765160 0.379162
0.458937 0.212317
0.634693 0.441908
0.787286 0.446883
0.509934 0.365551
0.624439 0.472304
0.749413 0.558092
0.515824 0.773553
0.615833 0.414411
0.641102 0.714255
0.558672 0.769860
0.476058 0.754357
0.481552 0.357891
0.613361 0.403577
0.571001 0.746727
0.284555 0.304849
0.422651 0.256355
0.381817 0.270363
0.605884 0.775689
0.325114 0.735191
0.233619 0.515366
0.568957 0.422864
0.311655 0.719687
0.470443 0.640767
0.645802 0.257210
0.622394 0.258309
0.526231 0.784906
0.609210 0.416456
0.361309 0.737297
0.234626 0.526322
0.245705 0.486801
0.365154 0.551378
0.222724 0.549455
0.450087 0.251778
0.342631 0.722800
0.268777 0.617512
0.613758 0.560350
0.661397 0.702506
0.566454 0.752159
0.593310 0.546861
0.503983 0.243721
0.777703 0.540269
0.670827 0.271310
0.332957 0.702780
0.443251 0.755821
0.305277 0.713004
0.622456 0.246132
0.271798 0.624104
0.391308 0.519486
0.318644 0.315409
0.310648 0.670125
0.210700 0.510575
0.249977 0.415937
0.203864 0.486038
0.400800 0.421949
0.375011 0.565020
0.741935 0.406873
0.631581 0.509323
0.241737 0.396039
0.744224 0.558672
0.398328 0.537492
0.241279 0.501541
0.618397 0.722495
0.421400 0.410260
0.777215 0.508805
0.356975 0.762841
0.393231 0.767754
0.625385 0.548143
0.656972 0.702597
0.485336 0.646290
0.236854 0.433607
0.485122 0.752586
0.429731 0.417829
0.661000 0.304819
0.569323 0.770501
0.354808 0.730064
0.385479 0.566393
0.747948 0.590655
0.380078 0.557817
0.589282 0.756554
0.591662 0.739402
0.445235 0.410993
0.550340 0.749290
0.365703 0.725761
0.510636 0.604816
0.609821 0.265755
0.287851 0.329478
0.584582 0.601642
0.311472 0.668874
0.253822 0.546525
0.538469 0.240822
0.303995 0.660054
0.609394 0.776910
0.350078 0.719474
0.791620 0.440046
0.273476 0.376202
0.296030 0.350597
0.340129 0.707785
0.307993 0.325541
0.563555 0.230140
0.763970 0.594867
0.574572 0.211035
0.564623 0.385571
0.545213 0.220649
0.702994 0.701926
0.639119 0.508316
0.719199 0.632801
0.713340 0.636311
0.363445 0.739525
0.664632 0.305826
0.244362 0.439405
0.280801 0.344493
0.517319 0.632893
0.627125 0.515671
0.429365 0.260048
0.462752 0.388104
0.621937 0.730125
0.688406 0.665365
0.541215 0.786920
0.289621 0.678579
0.398602 0.498337
0.306497 0.686789
0.762078 0.414747
0.292673 0.680746
0.413068 0.775811
0.499374 0.630573
0.373547 0.233894
0.417310 0.438459
0.752586 0.439619
0.675222 0.320963
0.744896 0.651540
0.396802 0.589099
0.590381 0.596454
0.488449 0.394879
0.638661 0.747887
0.752068 0.345073
0.742180 0.661306
0.754265 0.454573
0.722526 0.331156
0.581439 0.253365
0.361522 0.498886
0.403546 0.581225
0.250496 0.623829
0.642445 0.243477
0.555284 0.616535
0.521165 0.629414
0.400098 0.524094
0.613544 0.732170
0.675954 0.683645
0.380230 0.726005
0.347911 0.300913
0.572649 0.612049
0.477432 0.636555
0.256355 0.433668
0.654561 0.269967
0.614673 0.223731
0.778497 0.577868
0.444960 0.395367
0.540849 0.596088
0.436781 0.745415
0.429304 0.606891
0.433271 0.423078
0.786981 0.465346
0.356395 0.276711
0.522355 0.227241
0.303537 0.329295
0.409009 0.571703
0.444075 0.633137
0.359539 0.496994
0.504318 0.231330
0.681539 0.303690
0.543992 0.639729
0.759667 0.435194
0.398511 0.433210
0.500351 0.785333
0.778283 0.593432
0.664357 0.284829
0.282022 0.298288
0.479263 0.604205
0.507401 0.236335
0.394910 0.735893
0.562212 0.213813
0.508744 0.768609
0.373119 0.453719
0.464736 0.378277
0.531236 0.610401
0.338755 0.303690
0.599963 0.487625
0.594531 0.584704
0.440992 0.250954
0.725486 0.627949
0.514389 0.786096
0.489761 0.627613
0.376141 0.745415
0.765831 0.598163
0.639912 0.754326
0.293161 0.665914
0.417432 0.567614
0.500961 0.393841
0.432936 0.243904
0.399365 0.581835
0.360942 0.245979
0.584582 0.786737
0.613269 0.473983
0.236610 0.634877
0.546983 0.602191
0.592883 0.241554
0.387249 0.510636
0.414106 0.439467
0.730247 0.620594
0.453841 0.779717
0.665395 0.250099
0.250008 0.638905
0.740226 0.597644
0.481216 0.369549
0.337443 0.292306
0.379284 0.721641
0.252541 0.658010
0.789117 0.450880
0.231910 0.370708
0.258461 0.565355
0.622944 0.553056
0.577410 0.234565
0.599414 0.743248
0.482528 0.377789
0.473281 0.378094
0.595843 0.254463
0.759606 0.485580
0.222419 0.577654
0.788690 0.424451
0.772851 0.564989
0.684530 0.330943
0.487655 0.611682
0.642964 0.511368
0.466201 0.605853
0.433973 0.389355
0.627064 0.426099
0.446608 0.375927
0.495346 0.217811
0.357372 0.241066
0.739647 0.608905
0.760582 0.502579
0.540819 0.776299
0.729392 0.670125
0.764428 0.579485
0.616993 0.517502
0.644459 0.275185
0.283792 0.634754
0.687307 0.314402
0.423200 0.582110
0.613483 0.251503
0.657521 0.721122
0.479080 0.233345
0.744285 0.366253
0.776788 0.478133
0.412275 0.436140
0.304117 0.289468
0.737877 0.631947
0.305948 0.713614
0.520920 0.619404
0.436171 0.586230
0.515671 0.786126
0.274728 0.316385
0.512253 0.771050
0.719504 0.639088
0.645253 0.520219
0.483474 0.219520
0.554277 0.788568
0.262398 0.415510
0.644978 0.718192
0.238319 0.387829
0.424635 0.572527
0.625721 0.486557
0.616260 0.457930
0.439009 0.377087
0.367473 0.562120
0.231574 0.464064
0.391705 0.252144
0.504593 0.367870
0.418134 0.586016
0.745231 0.376568
0.562822 0.249702
0.257088 0.631336
0.611621 0.510147
0.303690 0.722648
0.602954 0.429304
0.519059 0.757622
0.375500 0.450453
0.469008 0.755791
0.393017 0.273171
0.460219 0.774743
0.335490 0.262185
0.403424 0.531571
0.641652 0.759758
0.581561 0.227882
0.533341 0.644887
0.369732 0.509384
0.762352 0.374554
0.249947 0.383770
0.726157 0.620930
0.397290 0.537400
0.319742 0.283700
0.781610 0.441633
0.740287 0.618213
0.467879 0.230262
0.344310 0.714560
0.621693 0.561480
0.472549 0.367779
0.373455 0.452315
0.447188 0.385846
0.553545 0.390423
0.334696 0.728538
0.524064 0.231117
0.738670 0.386944
0.742119 0.579089
0.242164 0.449110
0.735405 0.637623
0.631947 0.541643
0.488113 0.789666
0.293710 0.675375
0.376629 0.745384
0.224555 0.467696
0.595813 0.599933
0.775414 0.556688
0.711356 0.672109
0.657125 0.299997
0.615040 0.270608
0.653462 0.738609
0.549333 0.792138
0.371960 0.740379
0.600146 0.464156
0.510422 0.391003
0.726920 0.348582
0.462294 0.613910
0.215949 0.511277
0.725303 0.325755
0.484603 0.648213
0.760674 0.441267
0.726341 0.361217
0.355052 0.740196
0.399915 0.599719
0.243324 0.492050
0.732505 0.599902
0.547319 0.399426
0.418165 0.782311
0.551347 0.372692
0.257942 0.376782
0.594440 0.264016
0.677602 0.739830
0.339213 0.708884
0.700766 0.336070
0.769524 0.380200
0.250587 0.440016
0.385296 0.567827
0.749077 0.436934
0.270363 0.364422
0.739006 0.389203
0.512711 0.223975
0.375469 0.757714
0.612537 0.261055
0.690176 0.717368
0.360973 0.726554
0.369518 0.517838
0.569323 0.218055
0.638203 0.482070
0.756157 0.350352
0.303476 0.693472
0.343730 0.753777
0.281961 0.630085
0.343303 0.305094
0.245949 0.634175
0.383679 0.501816
0.484298 0.395184
0.235450 0.619037
0.412183 0.765465
0.661946 0.290872
0.342112 0.275094
0.229438 0.378185
0.697226 0.285806
0.442763 0.773431
0.280190 0.324656
0.538926 0.239601
0.247841 0.620197
0.541459 0.361583
0.330241 0.273995
0.628803 0.474654
0.590320 0.245155
0.203619 0.530381
0.522263 0.782128
0.324168 0.686575
0.362499 0.747948
0.743858 0.623280
0.422040 0.212897
0.569750 0.779351
0.377972 0.247291
0.635029 0.496567
0.611042 0.248146
0.448012 0.404431
0.237312 0.634205
0.427381 0.571856
0.693350 0.279824
0.391308 0.502152
0.346904 0.300241
0.510605 0.637226
0.680837 0.297067
0.500870 0.367504
0.214423 0.487259
0.517472 0.648518
0.282601 0.666494
0.709525 0.288888
0.787866 0.417646
0.752373 0.558214
0.613208 0.525773
0.667592 0.282662
0.703757 0.309061
0.385052 0.488571
0.220710 0.514359
0.416608 0.435987
0.622883 0.771325
0.584521 0.389447
0.262825 0.637104
0.434645 0.385418
0.460005 0.622272
0.391980 0.551164
0.364696 0.495590
0.582629 0.575518
0.444929 0.369976
0.500015 0.237770
0.585986 0.585589
0.436048 0.760369
0.419813 0.564623
0.326182 0.730430
0.758232 0.551469
0.368786 0.455550
0.763482 0.415510
0.429975 0.603656
0.620319 0.474929
0.588610 0.566240
0.625874 0.520341
0.643208 0.479324
0.545183 0.766076
0.271065 0.316080
0.751030 0.501663
0.221015 0.488357
0.383160 0.469314
0.579302 0.753655
0.484512 0.225440
0.652944 0.254921
0.535173 0.781579
0.343211 0.728874
0.494522 0.799921
0.582537 0.573809
0.262398 0.611713
0.606800 0.271798
0.241951 0.612079
0.594806 0.593432
0.231391 0.423200
0.300150 0.324900
0.659017 0.728111
0.729881 0.682394
0.757500 0.611194
0.676870 0.740745
0.236854 0.370312
0.258950 0.427595
0.551683 0.393872
0.503616 0.237526
0.430006 0.419294
0.720603 0.300302
0.526872 0.388348
0.232612 0.495285
0.716453 0.681845
0.597674 0.608905
0.206641 0.554308
0.485916 0.751030
0.618305 0.432691
0.292184 0.293527
0.618030 0.226508
0.477584 0.619770
0.551286 0.615101
0.396252 0.411328
0.581866 0.258431
0.574541 0.752770
0.221503 0.448592
0.705252 0.663106
0.244453 0.625080
0.596088 0.249184
0.245064 0.498611
0.781701 0.589862
0.410108 0.774865
0.343944 0.301767
0.322794 0.310892
0.679922 0.705832
0.633747 0.730613
0.588824 0.227729
0.522202 0.609760
0.511368 0.363506
0.661550 0.731223
0.592608 0.429060
0.376019 0.460707
0.613056 0.562792
0.677480 0.681570
0.243233 0.358623
0.411054 0.228675
0.728721 0.359355
0.584643 0.765465
0.766198 0.398755
0.342692 0.245582
0.270333 0.358745
0.252754 0.378491
0.612384 0.745079
0.564653 0.227271
0.632740 0.534135
0.373577 0.718894
0.781243 0.513291
0.767388 0.539079
0.382763 0.270821
0.743919 0.665822
0.717978 0.314035
0.522507 0.360698
0.526688 0.219977
0.269051 0.327555
0.235542 0.590136
0.738701 0.358623
0.436598 0.784783
0.442457 0.219275
0.400494 0.415998
0.612629 0.257973
0.653768 0.257057
0.798151 0.500229
0.281716 0.700858
0.625690 0.566546
0.744346 0.557207
0.694113 0.665639
0.590777 0.443373
0.752159 0.379650
0.388897 0.407453
0.597797 0.462416
0.629292 0.512192
0.751610 0.496231
0.583056 0.591449
0.655019 0.753197
0.561724 0.584368
0.677450 0.258614
0.404096 0.389904
0.239204 0.398419
0.269723 0.360424
0.498764 0.797266
0.552904 0.208747
0.641255 0.452010
0.445235 0.774621
0.664815 0.715995
0.711814 0.336009
0.352092 0.706931
0.514786 0.205603
0.528459 0.250984
0.645405 0.273141
0.459181 0.211035
0.750908 0.347148
0.677145 0.726829
0.470565 0.606861
0.616108 0.228706
0.232734 0.533616
0.205939 0.535600
0.694754 0.717307
0.667501 0.309488
0.613697 0.746178
0.233772 0.510758
0.791681 0.568316
0.476333 0.642720
0.750114 0.614185
0.750511 0.351512
0.773034 0.588366
0.346812 0.260445
0.415235 0.256752
0.379528 0.740532
0.403424 0.404370
0.724357 0.303232
0.767235 0.447462
0.597095 0.589648
0.435163 0.217872
0.607746 0.758202
0.605487 0.253792
0.325480 0.264504
0.339915 0.268899
0.250313 0.609729
0.491592 0.200964
0.278481 0.334361
0.491134 0.354717
0.208869 0.521928
0.511338 0.752892
0.278024 0.663625
0.466353 0.642933
0.407788 0.565813
0.403272 0.775658
0.392346 0.239723
0.792749 0.455885
0.616840 0.275735
0.275033 0.365612
0.475692 0.230079
0.589526 0.442579
0.627125 0.739738
0.366985 0.489029
0.610736 0.580004
0.379589 0.428632
0.637959 0.736961
0.380749 0.553209
0.742424 0.649251
0.309824 0.700034
0.571306 0.586200
0.600299 0.544633
0.767998 0.475051
0.760582 0.413739
0.519761 0.782189
0.246437 0.399823
0.411176 0.604968
0.289682 0.341929
0.795038 0.553423
0.631886 0.439283
0.547777 0.246162
0.628437 0.738304
0.504044 0.387524
0.401563 0.417646
0.686483 0.699332
0.740104 0.320597
0.581011 0.751427
0.431135 0.413495
0.247719 0.570849
0.586779 0.263619
0.631245 0.473678
0.352611 0.293374
0.562792 0.250435
0.760186 0.500839
0.675924 0.276620
0.349345 0.707480
0.307627 0.331309
0.661000 0.741325
0.645222 0.716819
0.459517 0.389630
0.746086 0.586444
0.618641 0.256630
0.633686 0.539384
0.217536 0.432752
0.713981 0.315897
0.590258 0.409864
0.200262 0.494797
0.495895 0.364299
0.714347 0.322336
0.416211 0.563890
0.361644 0.725669
0.543809 0.230842
0.460829 0.238441
0.236885 0.447554
0.436537 0.631642
0.638752 0.710715
0.421613 0.586962
0.280221 0.327952
0.458357 0.616565
0.364452 0.287332
0.417554 0.218848
0.619098 0.475600
0.668172 0.729667
0.499710 0.783258
0.552660 0.630787
0.246529 0.587664
0.553514 0.791284
0.622333 0.440107
0.395550 0.759606
0.248695 0.599506
0.459517 0.367016
0.416883 0.583575
0.686422 0.285867
0.475326 0.771050
0.226966 0.623524
0.467757 0.602527
0.677053 0.309427
0.463088 0.388165
0.735191 0.608295
0.490341 0.613147
0.307932 0.308695
0.779290 0.398267
0.521775 0.208014
0.589404 0.391736
0.678488 0.303964
0.519120 0.756890
0.792199 0.517258
0.738548 0.575945
0.743156 0.667379
0.242897 0.432630
0.251839 0.348552
0.240791 0.523972
0.605426 0.735923
0.771813 0.524033
0.764855 0.639332
0.749931 0.637501
0.624439 0.513138
0.765618 0.364574
0.736503 0.656880
0.386731 0.460677
0.560900 0.371654
0.779107 0.432203
0.664510 0.702933
0.450545 0.639546
0.388440 0.590045
0.751823 0.576525
0.323496 0.678365
0.609638 0.565447
0.737541 0.637043
0.320872 0.272286
0.368572 0.486618
0.633137 0.494552
0.761925 0.379681
0.374218 0.565172
0.308298 0.286264
0.522691 0.623981
0.435774 0.418378
0.392590 0.403241
0.747459 0.570971
0.222907 0.601886
0.395734 0.404279
0.793878 0.554125
0.425672 0.777673
0.299478 0.718711
0.609699 0.520768
0.625477 0.442244
0.571490 0.255470
0.630116 0.742821
0.385144 0.474471
0.457045 0.207923
0.630299 0.518052
0.289254 0.691153
0.469588 0.362590
0.388958 0.736778
0.438765 0.626728
0.369823 0.238929
0.646229 0.503006
0.370769 0.473312
0.534989 0.224555
0.637989 0.734428
0.267586 0.682485
0.616535 0.723014
0.541978 0.764458
0.401715 0.411481
0.278115 0.315561
0.479354 0.366680
0.352886 0.743645
0.488876 0.213202
0.733207 0.615741
0.321207 0.699454
0.749107 0.467299
0.587756 0.749687
0.696280 0.313059
0.231819 0.457564
0.640980 0.492630
0.708884 0.312418
0.392712 0.403088
0.393689 0.418287
0.338450 0.729270
0.782769 0.482101
0.583300 0.590136
0.365673 0.237342
0.328837 0.301889
0.393536 0.589618
0.652364 0.248970
0.212134 0.499222
0.622486 0.746971
0.735557 0.344829
0.758110 0.514328
0.724906 0.370190
0.420545 0.374248
0.245094 0.438398
0.258461 0.353923
0.675222 0.688772
0.216529 0.505509
0.236549 0.549516
0.422926 0.422926
0.777337 0.392895
0.675649 0.714560
0.269448 0.389660
0.426862 0.253822
0.258522 0.420942
0.513382 0.388104
0.403058 0.393902
0.580523 0.381634
0.657064 0.751579
0.653218 0.707236
0.617298 0.507035
0.371990 0.533280
0.234443 0.407056
0.394635 0.409680
0.637410 0.445997
0.302225 0.705710
0.600024 0.403088
0.419630 0.439833
0.628346 0.439894
0.390271 0.575030
0.556017 0.233436
0.476180 0.245491
0.550829 0.627186
0.332713 0.703421
0.422163 0.233558
0.750328 0.552782
0.594409 0.444594
0.235633 0.543138
0.241218 0.567461
0.400250 0.254219
0.614612 0.271218
0.513077 0.359081
0.413251 0.581866
0.328898 0.721335
0.782708 0.585681
0.315165 0.669362
0.491043 0.790094
0.241218 0.596362
0.792901 0.520127
0.539506 0.213324
0.264595 0.675253
0.438917 0.388409
0.671499 0.315165
0.660970 0.268777
0.409131 0.219275
0.772607 0.437422
0.466964 0.788110
0.374462 0.467727
0.633198 0.754204
0.242470 0.560503
0.638874 0.239601
0.588641 0.394055
0.245003 0.349895
0.503433 0.752159
0.600269 0.514817
0.751732 0.427076
0.759880 0.633595
0.219886 0.571368
0.720328 0.628071
0.398175 0.226722
0.404889 0.569720
0.236488 0.380352
0.737114 0.329325
0.544755 0.634785
0.232246 0.565661
0.485336 0.399945
0.459243 0.225166
0.273995 0.671224
0.429701 0.613025
0.462966 0.389294
0.754295 0.500504
0.448073 0.375225
0.474624 0.602771
0.309061 0.708396
0.764885 0.483077
0.598926 0.238716
0.260231 0.341350
0.609912 0.744713
0.589343 0.393597
0.282083 0.369640
0.329203 0.703970
0.345683 0.714835
0.566179 0.606067
0.505142 0.248115
0.608539 0.485092
0.238289 0.504318
0.716544 0.318430
0.360546 0.479446
0.522996 0.788995
0.382794 0.429884
0.411969 0.585131
0.630696 0.282907
0.746544 0.381451
0.737907 0.659871
0.560442 0.366710
0.537797 0.223640
0.431196 0.610157
0.223548 0.396252
0.738456 0.634541
0.373455 0.563799
0.261940 0.637013
0.628254 0.459151
0.771050 0.408246
0.680837 0.726951
0.666036 0.295724
0.576983 0.379315
0.745689 0.337657
0.618824 0.495651
0.596240 0.566607
0.778130 0.429609
0.634724 0.760674
0.488144 0.231422
0.776025 0.382977
0.498917 0.213324
0.398938 0.768578
0.272683 0.323222
0.586993 0.602527
0.748161 0.563768
0.604663 0.436201
0.326426 0.258461
0.226997 0.440901
0.206153 0.475234
0.597888 0.559160
0.301462 0.677389
0.506760 0.641469
0.412671 0.584277
0.450392 0.767083
0.235694 0.508286
0.624287 0.280374
0.778985 0.437880
0.200842 0.513840
0.525285 0.775842
0.401685 0.431440
0.440443 0.774834
0.440443 0.788354
0.767266 0.621937
0.492141 0.795831
0.223151 0.604663
0.388043 0.778222
0.561693 0.215430
0.305033 0.696127
0.439741 0.767479
0.423902 0.753227
0.568682 0.399182
0.307688 0.297464
0.497696 0.369274
0.715232 0.707419
0.390545 0.551561
0.405133 0.216773
0.412580 0.772607
0.408277 0.555651
0.560930 0.225898
0.619709 0.478469
0.662069 0.690634
0.570269 0.218390
0.268319 0.404309
0.237526 0.396222
0.398053 0.599170
0.584857 0.259224
0.283151 0.659536
0.735313 0.656148
0.370769 0.565111
0.446455 0.249336
0.230995 0.434889
0.590991 0.585772
0.548357 0.232765
0.635609 0.763543
0.717185 0.647389
0.547685 0.760277
0.411176 0.552202
0.640522 0.500900
0.461440 0.222327
0.334971 0.256996
0.372173 0.263070
0.759636 0.616932
0.264626 0.602008
0.535112 0.628498
0.750725 0.403455
0.619648 0.560839
0.276620 0.345897
0.538133 0.787896
0.548906 0.237709
0.499954 0.226020
0.570055 0.784356
0.540788 0.620136
0.574938 0.755547
0.595569 0.532701
0.204291 0.495193
0.723319 0.364605
0.235847 0.489364
0.233161 0.620960
0.645405 0.282723
0.329844 0.271828
0.740715 0.383862
0.728690 0.378704
0.643208 0.281838
0.536760 0.631031
0.420484 0.394574
0.679373 0.321177
0.643300 0.496170
0.358043 0.496078
0.608783 0.760125
0.639393 0.553087
0.483474 0.751579
0.765313 0.537950
0.202216 0.523698
0.232093 0.579424
0.543321 0.764611
0.428266 0.415387
0.544786 0.618213
0.320505 0.686422
0.516373 0.760125
0.562548 0.610309
0.596637 0.263924
0.728782 0.685629
0.550005 0.214454
0.495865 0.223212
0.471480 0.247139
0.501297 0.385510
0.528947 0.397351
0.477706 0.236702
0.516739 0.360546
0.756523 0.614978
0.516739 0.216712
0.773309 0.558702
0.415571 0.744163
0.699698 0.315043
0.751122 0.586200
0.730583 0.617664
0.688498 0.701193
0.342875 0.710868
0.335093 0.286538
0.620014 0.225166
0.621967 0.268197
0.448012 0.777398
0.596759 0.611682
0.511612 0.625599
0.590869 0.254891
0.545061 0.774499
0.210028 0.498276
0.452284 0.230567
0.560198 0.608631
0.408277 0.408795
0.760491 0.395184
0.742607 0.334544
0.494461 0.625843
0.751915 0.355144
0.313822 0.674154
0.446974 0.616382
0.319773 0.711112
0.498886 0.752037
0.271920 0.324778
0.379589 0.541856
0.448592 0.383343
0.733543 0.372570
0.243599 0.598010
0.507279 0.787561
0.762902 0.384686
0.793054 0.516129
0.296457 0.305948
0.791467 0.550737
0.462813 0.784143
0.322184 0.732871
0.254128 0.404248
0.314554 0.692465
0.368542 0.571642
0.597430 0.606952
0.490249 0.797296
0.660909 0.731162
0.570055 0.404462
0.756157 0.358226
0.300363 0.667196
0.693503 0.273232
0.501541 0.398816
0.578570 0.783227
0.360942 0.282754
0.459212 0.621326
0.341624 0.253761
0.594409 0.583941
0.748711 0.418714
0.417249 0.784875
0.680654 0.318949
0.622791 0.578417
0.366405 0.454665
0.782403 0.574786
0.622486 0.435743
0.440229 0.765496
0.259499 0.410474
0.534776 0.249214
0.268136 0.598651
0.524125 0.205969
0.262551 0.403058
0.735313 0.400311
0.533372 0.760765
0.790033 0.461684
0.769829 0.469008
0.601245 0.440382
0.417066 0.408979
0.275338 0.367992
0.448317 0.211035
0.602527 0.260170
0.700156 0.300974
0.329386 0.283334
0.268899 0.335917
0.687338 0.284494
0.495071 0.623829
0.644307 0.291787
0.235633 0.435347
0.530076 0.373089
0.790490 0.484512
0.632710 0.536454
0.757012 0.417158
0.246345 0.651326
0.765709 0.407880
0.421918 0.564196
0.635182 0.510849
0.631458 0.449446
0.452406 0.405774
0.427473 0.609943
0.566454 0.369182
0.342357 0.279550
0.741325 0.345592
0.267281 0.346751
0.373669 0.565111
0.423597 0.244118
0.526078 0.360179
0.402936 0.744530
0.237983 0.371441
0.246803 0.555559
0.361431 0.752953
0.270333 0.376232
0.697531 0.670461
0.483200 0.761986
0.220222 0.417646
0.485488 0.378826
0.492813 0.777490
0.322245 0.704245
0.754295 0.646687
0.702139 0.694784
0.226997 0.450240
0.248634 0.609455
0.538804 0.775872
0.392346 0.435682
0.732414 0.328196
0.330821 0.686819
0.417951 0.601276
0.498123 0.783502
0.223182 0.560930
0.236641 0.600269
0.379192 0.551683
0.757439 0.349071
0.247475 0.518326
0.263527 0.358562
0.442793 0.252266
0.526658 0.793634
0.290536 0.349193
0.708457 0.316630
0.305918 0.678945
0.568682 0.791681
0.478500 0.380566
0.320200 0.707358
0.722221 0.350505
0.565813 0.243873
0.599536 0.416547
0.360363 0.739036
0.244484 0.491501
0.611866 0.435408
0.505936 0.399182
0.776910 0.603595
0.758477 0.374248
0.664235 0.734031
0.784997 0.453780
0.360240 0.274697
0.249214 0.460280
0.740440 0.402295
0.249214 0.441145
0.440077 0.377941
0.304147 0.664174
0.313028 0.703513
0.244209 0.378765
0.368908 0.480056
0.513596 0.368175
0.613300 0.755821
0.551775 0.367901
0.417127 0.568712
0.316568 0.294198
0.283059 0.372143
0.657949 0.698416
0.672048 0.268746
0.777795 0.534257
0.252449 0.412061
0.644368 0.535142
0.522813 0.361309
0.410566 0.590014
0.751854 0.340831
0.600330 0.435774
0.522843 0.382031
0.516221 0.644490
0.599261 0.567400
0.529527 0.395306
0.212958 0.412854
0.468184 0.386792
0.602344 0.515427
0.496109 0.604480
0.651479 0.258339
0.448317 0.630207
0.438185 0.778100
0.685476 0.290933
0.227363 0.617420
0.613880 0.464095
0.441328 0.222510
0.202612 0.526048
0.512345 0.366314
0.714591 0.673269
0.494064 0.381970
0.656514 0.304910
0.601581 0.423750
0.326029 0.285562
0.378368 0.761345
0.590228 0.216529
0.359478 0.282388
0.668630 0.705954
0.650899 0.712821
0.762627 0.593371
0.240577 0.425214
0.678182 0.317148
0.278909 0.361156
0.514084 0.391156
0.772607 0.426710
0.691488 0.695914
0.346324 0.723655
0.692434 0.726768
0.592425 0.407147
0.492508 0.604358
0.380718 0.258400
0.381237 0.567705
0.589465 0.570849
0.504379 0.376293
0.433943 0.424574
0.335704 0.714164
0.418928 0.240120
0.408643 0.543321
0.297433 0.708792
0.543138 0.244392
0.640736 0.277200
0.567370 0.621815
0.518754 0.361950
0.717765 0.690512
0.538743 0.368816
0.685629 0.689627
0.241829 0.630238
0.673910 0.689291
0.481063 0.770318
0.320994 0.696615
0.464492 0.644154
0.733573 0.406384
0.435438 0.413709
0.210211 0.481643
0.469955 0.387951
0.599506 0.460219
0.243507 0.496017
0.269997 0.340678
0.604389 0.573229
0.643574 0.762658
0.541917 0.206549
0.495590 0.630787
0.255654 0.655568
0.589831 0.388623
0.433515 0.607135
0.422132 0.420392
0.421644 0.768853
0.494675 0.646229
0.287454 0.644307
0.287454 0.699332
0.708975 0.649373
0.451704 0.237281
0.716697 0.667013
0.661702 0.291879
0.421461 0.760857
0.255287 0.397809
0.366680 0.287698
0.703055 0.303995
0.313303 0.289926
0.263131 0.631977
0.619861 0.444807
0.586688 0.740226
0.751305 0.550737
0.387188 0.547014
0.708670 0.698325
0.631672 0.730979
0.310099 0.718467
0.225379 0.500259
0.752190 0.417402
0.688955 0.303140
0.582049 0.440596
0.580981 0.605579
0.562304 0.628864
0.411298 0.437452
0.583941 0.620777
0.596026 0.408704
0.744011 0.575030
0.507126 0.353343
0.405652 0.416883
0.359752 0.263833
0.509232 0.245766
0.791864 0.526383
0.786645 0.454543
0.267342 0.382611
0.231574 0.493973
0.597705 0.763848
0.531877 0.780969
0.344798 0.283853
0.246132 0.355480
0.433393 0.749626
0.744377 0.443648
0.745781 0.585650
0.741813 0.675100
0.419111 0.249458
0.494613 0.394787
0.612323 0.249428
0.605670 0.430799
0.565600 0.224769
0.487838 0.234321
0.561327 0.415082
0.603015 0.509812
0.786035 0.509598
0.624226 0.503067
0.290262 0.661550
0.278298 0.322306
0.772576 0.464980
0.730308 0.625721
0.266396 0.389050
0.433515 0.753227
0.684408 0.270425
0.260292 0.332163
0.644917 0.261818
0.563250 0.749016
0.398450 0.590899
0.783502 0.536119
0.422651 0.401715
0.707968 0.688894
0.696097 0.286172
0.779473 0.426222
0.588031 0.551378
0.561724 0.239387
0.632252 0.471267
0.432234 0.614826
0.225837 0.408246
0.508133 0.606555
0.648000 0.259621
0.267434 0.387341
0.401868 0.776452
0.712516 0.655019
0.312815 0.276528
0.297861 0.707083
0.340007 0.268929
0.211951 0.517747
0.650990 0.291726
0.743004 0.603137
0.510697 0.642659
0.493454 0.624592
0.239875 0.633229
0.290719 0.707877
0.741630 0.663198
0.640309 0.235420
0.785363 0.437757
0.266305 0.604755
0.401959 0.435682
0.470199 0.394818
0.592486 0.611866
0.456191 0.234535
0.395734 0.533067
0.763909 0.456191
0.782647 0.569506
0.287423 0.298441
0.766961 0.537919
0.253395 0.545518
0.601154 0.576647
0.501175 0.783990
0.746849 0.569506
0.370037 0.554704
0.516099 0.225562
0.349864 0.249031
0.575976 0.402295
0.599902 0.741447
0.436018 0.753777
0.745140 0.656484
0.663625 0.707846
0.337199 0.251717
0.572893 0.258492
0.455123 0.766961
0.640248 0.470809
0.397259 0.473495
0.542070 0.632344
0.576952 0.385876
0.742058 0.625050
0.722587 0.318064
0.258736 0.676840
0.485519 0.351238
0.254433 0.418317
0.439711 0.363262
0.321024 0.730613
0.540941 0.206488
0.249947 0.656819
0.702200 0.688925
0.448378 0.244453
0.489822 0.641224
0.653523 0.748405
0.619953 0.571398
0.348338 0.275948
0.532609 0.238136
0.301401 0.719077
0.481094 0.639485
0.617725 0.481094
0.674154 0.720969
0.232643 0.489242
0.337718 0.735893
0.477126 0.792199
0.252052 0.600970
0.277200 0.698447
0.586413 0.781823
0.373394 0.485366
0.492172 0.782159
0.252266 0.352580
0.485885 0.646382
0.581256 0.565874
0.687857 0.723014
0.247932 0.656728
0.218696 0.507584
0.376965 0.492172
0.237068 0.568651
0.533158 0.761010
0.241707 0.490158
0.226203 0.582934
0.526749 0.402051
0.208991 0.443678
0.234169 0.570086
0.367229 0.279458
0.354595 0.266457
0.486465 0.227363
0.759819 0.525864
0.424024 0.371014
0.739525 0.350078
0.629139 0.240059
0.703665 0.669637
0.413862 0.774041
0.662313 0.739738
0.279366 0.314585
0.577868 0.256783
0.454085 0.625874
0.382275 0.742668
0.552721 0.632954
0.384442 0.775018
0.698843 0.661245
0.251381 0.459975
0.622211 0.484970
0.542161 0.641957
0.624165 0.477371
0.391736 0.586627
0.636158 0.257424
0.460799 0.757317
0.586901 0.257149
0.394482 0.741234
0.244270 0.651051
0.482955 0.779290
