5000
0.372204 0.739586
0.572802 0.602954
0.425428 0.726463
0.495926 0.735710
0.244057 0.416608
0.406415 0.804804
0.335795 0.575671
0.519791 0.892727
0.406354 0.799341
0.558367 0.721000
0.814417 0.716391
0.409619 0.482711
0.427381 0.652211
0.527573 0.809290
0.702902 0.730308
0.348857 0.464522
0.450697 0.804071
0.830805 0.665609
0.709281 0.610675
0.767724 0.751549
0.728629 0.598224
0.866359 0.649190
0.821345 0.820887
0.484970 0.516953
0.626484 0.833644
0.479904 0.557756
0.314920 0.449538
0.728111 0.601978
0.506973 0.651631
0.598804 0.696402
0.872707 0.682974
0.600726 0.704031
0.633839 0.752831
0.674123 0.772851
0.789270 0.635517
0.659261 0.782250
0.607349 0.833827
0.617969 0.827509
0.433241 0.592059
0.472915 0.786065
0.715934 0.752647
0.425459 0.803797
0.660207 0.684927
0.378216 0.760521
0.428327 0.699240
0.477279 0.606616
0.547258 0.866726
0.372326 0.771752
0.400494 0.806146
0.894772 0.668813
0.621693 0.761315
0.632344 0.793207
0.783258 0.761864
0.457656 0.807489
0.397992 0.589709
0.455000 0.537400
0.756798 0.694449
0.607105 0.652669
0.403485 0.527848
0.939329 0.682974
0.364727 0.504349
0.683432 0.684011
0.920804 0.781274
0.382305 0.590899
0.650868 0.852077
0.464217 0.906796
0.955901 0.801630
0.496933 0.788598
0.592273 0.732475
0.523728 0.818720
0.473647 0.545885
0.713523 0.760308
0.490249 0.618671
0.686697 0.719901
0.736473 0.635151
0.718772 0.674306
0.566088 0.622852
0.643483 0.738823
0.988372 0.749718
0.303293 0.528092
0.574480 0.682669
0.391034 0.574999
0.990356 0.727531
0.579180 0.705405
0.453719 0.568255
0.457717 0.539720
0.483352 0.752861
0.747063 0.829127
0.662160 0.784326
0.901486 0.676687
0.713889 0.607776
0.725761 0.690909
0.314646 0.616565
0.639698 0.704398
0.283181 0.461898
0.350414 0.624836
0.430555 0.573046
0.714499 0.809595
0.291238 0.528062
0.376415 0.791284
0.258187 0.449019
0.294412 0.570879
0.651601 0.604816
0.501694 0.861354
0.416639 0.584307
0.452101 0.761834
0.712729 0.817957
0.454054 0.745476
0.682943 0.766808
0.393475 0.714133
0.420850 0.520798
0.664876 0.843654
0.975768 0.788446
0.629597 0.772607
0.375927 0.629322
0.426374 0.739341
0.411298 0.505051
0.867580 0.750664
0.983917 0.753288
0.384106 0.731223
0.482528 0.676473
0.718650 0.633106
0.408399 0.715049
0.667623 0.694418
0.430860 0.799402
0.676962 0.797540
0.983917 0.717856
0.726859 0.638234
0.426893 0.601398
0.629627 0.869625
0.400647 0.785058
0.324961 0.568896
0.521867 0.521989
0.891568 0.705039
0.684805 0.824946
0.790857 0.722526
0.650594 0.583483
0.475051 0.705588
0.668325 0.862239
0.843013 0.786035
0.490616 0.576098
0.610950 0.754540
0.525224 0.534654
0.739799 0.660573
0.828364 0.711264
0.460768 0.803125
0.758019 0.644124
0.861995 0.684988
0.971129 0.792108
0.831416 0.734306
0.492447 0.594287
0.606433 0.733879
0.678823 0.580920
0.381420 0.746422
0.781426 0.662923
0.341380 0.719047
0.845454 0.696890
0.710135 0.737053
0.694052 0.834651
0.418836 0.860164
0.561815 0.711447
0.509537 0.685537
0.449477 0.863491
0.394330 0.628010
0.441633 0.722007
0.729850 0.728965
0.368206 0.598804
0.462844 0.557878
0.858852 0.727897
0.986633 0.770226
0.452406 0.555193
0.494675 0.643086
0.665944 0.587176
0.260445 0.443525
0.422529 0.490249
0.562731 0.877804
0.509659 0.819849
0.960784 0.756615
0.914029 0.705008
0.348643 0.449446
0.715476 0.848048
0.463759 0.899808
0.762291 0.827662
0.669759 0.665822
0.609973 0.749657
0.500961 0.673940
0.307932 0.549760
0.513993 0.516495
0.430158 0.604877
0.418622 0.545366
0.362346 0.619922
0.663961 0.803705
0.466170 0.898984
0.584979 0.826960
0.997894 0.791528
0.386181 0.511032
0.338023 0.513016
0.913938 0.700156
0.754631 0.745262
0.573809 0.639393
0.431013 0.664693
0.917936 0.739799
0.827082 0.735527
0.529771 0.677175
0.693350 0.748283
0.551836 0.539750
0.629231 0.691702
0.506333 0.890469
0.773095 0.629139
0.868435 0.669881
0.920591 0.740074
0.368419 0.598621
0.836604 0.660726
0.528672 0.519272
0.713187 0.771966
0.320109 0.517899
0.650319 0.848354
0.820002 0.681600
0.670186 0.569323
0.374462 0.701682
0.540117 0.609516
0.625416 0.556932
0.574175 0.772607
0.341838 0.628254
0.504410 0.567827
0.588885 0.633595
0.590136 0.551653
0.520646 0.773888
0.691031 0.753227
0.716727 0.663015
0.328227 0.488174
0.459792 0.842677
0.346629 0.710868
0.338755 0.699057
0.748833 0.837245
0.819758 0.710227
0.647847 0.750755
0.654927 0.724326
0.426313 0.543138
0.935484 0.705466
0.343089 0.528428
0.593890 0.870602
0.482406 0.903378
0.395856 0.822657
0.524796 0.677328
0.450697 0.568560
0.612232 0.773614
0.742851 0.649983
0.334758 0.484756
0.650227 0.756859
0.895535 0.812372
0.351268 0.528367
0.885678 0.771325
0.324137 0.645131
0.572497 0.844752
0.517747 0.619648
0.286142 0.482681
0.976928 0.749992
0.638325 0.687216
0.974883 0.710105
0.824580 0.798273
0.768059 0.662313
0.345927 0.566607
0.542344 0.577898
0.624958 0.870449
0.792962 0.772088
0.567461 0.650197
0.765557 0.811853
0.887417 0.723838
0.525101 0.694693
0.352123 0.660085
0.781365 0.714408
0.795526 0.754814
0.362774 0.775140
0.284707 0.478988
0.826502 0.817103
0.631092 0.854305
0.490982 0.666860
0.292917 0.570147
0.418744 0.577563
0.770775 0.827387
0.929044 0.789514
0.271706 0.454054
0.893551 0.715934
0.902738 0.719901
0.511490 0.896176
0.668233 0.842097
0.488418 0.568285
0.352916 0.691366
0.867733 0.775597
0.452223 0.637715
0.571490 0.728599
0.594501 0.848018
0.742759 0.781213
0.773400 0.660298
0.487045 0.741966
0.534867 0.526383
0.873531 0.690359
0.457289 0.733940
0.733573 0.796442
0.655751 0.773278
0.784753 0.653829
0.849361 0.814875
0.384167 0.492508
0.463668 0.724174
0.425001 0.545457
0.430677 0.726035
0.474868 0.716239
0.507981 0.569140
0.624775 0.595355
0.582324 0.799615
0.632588 0.754357
0.722617 0.704611
0.474807 0.491867
0.310129 0.472182
0.599841 0.857631
0.986633 0.774987
0.881710 0.801843
0.469619 0.502029
0.606891 0.603504
0.427717 0.770165
0.370647 0.619953
0.335093 0.538316
0.812525 0.746055
0.340770 0.456771
0.470870 0.815821
0.331950 0.503616
0.604633 0.857112
0.798608 0.646382
0.732597 0.748314
0.627277 0.830164
0.694876 0.695761
0.362682 0.489334
0.359752 0.566820
0.734306 0.673971
0.604389 0.837916
0.744133 0.661611
0.809412 0.773583
0.406598 0.647023
0.747673 0.796258
0.532426 0.822291
0.631550 0.816370
0.821162 0.816065
0.375683 0.741966
0.700247 0.849086
0.629688 0.801386
0.661245 0.710318
0.716666 0.645466
0.359478 0.708365
0.825587 0.704886
0.389996 0.734397
0.674337 0.644642
0.335551 0.667684
0.302866 0.436354
0.640248 0.659993
0.425520 0.679861
0.956267 0.739952
0.599200 0.543443
0.717643 0.764275
0.506455 0.707450
0.521378 0.622700
0.407453 0.743461
0.294931 0.571154
0.339671 0.638813
0.514573 0.714591
0.390667 0.811090
0.708029 0.740379
0.837855 0.743614
0.345256 0.493240
0.474624 0.783471
0.707694 0.631062
0.494919 0.700003
0.412488 0.498520
0.542711 0.706839
0.706778 0.594043
0.889004 0.712638
0.333628 0.450392
0.912717 0.791253
0.554399 0.875088
0.589801 0.823634
0.601367 0.783349
0.433943 0.788324
0.737236 0.720786
0.657094 0.708365
0.393475 0.534074
0.684957 0.652333
0.364391 0.469863
0.592242 0.851680
0.282022 0.498672
0.524400 0.711844
0.714896 0.701010
0.284066 0.462966
0.442763 0.535569
0.643178 0.688345
0.393384 0.519211
0.340373 0.514817
0.490341 0.797357
0.601123 0.693442
0.538682 0.743339
0.887722 0.791467
0.474319 0.620838
0.722343 0.694174
0.565416 0.640461
0.360179 0.562151
0.571825 0.745567
0.489822 0.749413
0.630940 0.818659
0.677145 0.731773
0.549974 0.834742
0.621570 0.578448
0.679373 0.785699
0.768303 0.829463
0.378277 0.757042
0.978240 0.790613
0.822626 0.715659
0.701163 0.784021
0.954131 0.804895
0.785272 0.783837
0.338328 0.475387
0.507065 0.766564
0.375103 0.536515
0.523087 0.570910
0.414411 0.508286
0.818537 0.770531
0.441176 0.816065
0.914792 0.775964
0.345531 0.540300
0.572954 0.582080
0.474654 0.821924
0.387738 0.829493
0.917814 0.748131
0.691763 0.667135
0.648091 0.599841
0.390149 0.461745
0.457472 0.517869
0.839808 0.827692
0.533891 0.591144
0.557115 0.592578
0.633564 0.556322
0.588366 0.655141
0.520463 0.662740
0.430769 0.704001
0.526383 0.780358
0.856807 0.725913
0.758507 0.804621
0.416242 0.911161
0.389264 0.474563
0.776635 0.791864
0.580004 0.720359
0.499954 0.691488
0.720450 0.736900
0.578539 0.741173
0.565569 0.883175
0.424360 0.854884
0.334239 0.601581
0.468184 0.902219
0.570330 0.653890
0.296335 0.579608
0.393139 0.580187
0.302438 0.477340
0.818659 0.769372
0.546068 0.732353
0.347453 0.655660
0.523331 0.686697
0.717032 0.675161
0.688467 0.678335
0.758873 0.734367
0.475967 0.699423
0.438917 0.497513
0.462172 0.857295
0.694357 0.628010
0.243629 0.404187
0.920225 0.762871
0.845882 0.695578
0.571215 0.805567
0.677267 0.864223
0.784753 0.617695
0.515213 0.864254
0.718375 0.669454
0.841731 0.821345
0.774194 0.835353
0.374035 0.542589
0.772668 0.828394
0.453230 0.585742
0.611255 0.841578
0.422010 0.545946
0.386914 0.494186
0.342357 0.536668
0.787866 0.624928
0.830683 0.679159
0.522141 0.653310
0.694937 0.737449
0.334574 0.614826
0.450636 0.893918
0.568194 0.884091
0.366924 0.786615
0.510117 0.879910
0.379376 0.774590
0.427412 0.904721
0.447645 0.564104
0.403974 0.671834
0.759026 0.700156
0.361675 0.648305
0.463393 0.636189
0.546037 0.540208
0.674001 0.628437
0.664418 0.858089
0.533067 0.843410
0.562243 0.595538
0.420576 0.850581
0.798059 0.797449
0.644734 0.594684
0.396619 0.872066
0.561480 0.883145
0.337107 0.454695
0.478652 0.697958
0.901059 0.757012
0.416181 0.575030
0.336192 0.511002
0.253304 0.449934
0.963042 0.694174
0.784021 0.745415
0.689322 0.837916
0.692618 0.832148
0.471480 0.801263
0.693075 0.667592
0.520219 0.602832
0.702994 0.651082
0.683706 0.587390
0.474776 0.708029
0.749229 0.621204
0.442824 0.896237
0.819300 0.705893
0.468215 0.830927
0.369762 0.676107
0.557207 0.810724
0.378765 0.564043
0.595172 0.639302
0.674062 0.652852
0.545610 0.563219
0.496689 0.704062
0.454909 0.552751
0.935301 0.766503
0.590228 0.668752
0.884701 0.703513
0.387494 0.837642
0.581011 0.620533
0.436201 0.665670
0.458937 0.802576
0.462203 0.623005
0.741295 0.671743
0.587054 0.783807
0.391766 0.798547
0.337748 0.658834
0.633961 0.760735
0.503830 0.529527
0.440779 0.883236
0.564623 0.619892
0.665639 0.584124
0.320963 0.588305
0.666311 0.752922
0.730796 0.592456
0.651234 0.711112
0.516282 0.546129
0.769921 0.685507
0.512253 0.605121
0.771569 0.773461
0.801233 0.782525
0.876156 0.654164
0.551469 0.753471
0.664388 0.634999
0.829340 0.758904
0.534501 0.820185
0.724937 0.716086
0.687826 0.699057
0.789087 0.752922
0.417341 0.704031
0.615375 0.606281
0.617969 0.754021
0.390088 0.469283
0.642079 0.676656
0.559740 0.683004
0.776360 0.825709
0.388684 0.546831
0.579119 0.637196
0.438459 0.513993
0.943297 0.803552
0.389294 0.632069
0.403333 0.544328
0.677328 0.617634
0.436415 0.690634
0.764885 0.697195
0.853450 0.791833
0.428663 0.829035
0.727561 0.795038
0.617359 0.634266
0.687155 0.784021
0.549059 0.637379
0.847163 0.666036
0.399304 0.519364
0.790246 0.832270
0.365337 0.590350
0.556505 0.847987
0.428205 0.747032
0.995025 0.760521
0.724143 0.736290
0.663930 0.568102
0.289010 0.434828
0.697684 0.852382
0.611194 0.812708
0.449232 0.812220
0.418653 0.473647
0.304300 0.469344
0.725761 0.652638
0.428266 0.893582
0.459792 0.506485
0.835963 0.712699
0.857723 0.645314
0.480392 0.861202
0.689169 0.676473
0.663503 0.808069
0.433882 0.662557
0.954070 0.747063
0.901669 0.810236
0.570391 0.652394
0.704611 0.603137
0.433058 0.638508
0.841304 0.828181
0.366527 0.730796
0.655171 0.803400
0.689688 0.811579
0.800043 0.762597
0.461165 0.526841
0.401868 0.801172
0.846339 0.769250
0.369060 0.765587
0.609485 0.632618
0.748314 0.681845
0.325571 0.605731
0.826533 0.777276
0.502152 0.509812
0.833674 0.783959
0.514603 0.855342
0.481857 0.874172
0.771661 0.835170
0.807825 0.646046
0.737541 0.597888
0.298898 0.494034
0.560015 0.865261
0.632527 0.725944
0.499954 0.545976
0.505387 0.694388
0.910398 0.696951
0.297037 0.429731
0.875240 0.800470
0.374950 0.482711
0.947661 0.780480
0.672872 0.677145
0.288766 0.440077
0.409436 0.866604
0.539323 0.619251
0.549425 0.839198
0.667837 0.734458
0.733116 0.840480
0.423811 0.660665
0.697226 0.589068
0.323710 0.512467
0.897214 0.722098
0.849330 0.787530
0.819361 0.730918
0.795221 0.635731
0.355388 0.687185
0.436476 0.492416
0.464949 0.892483
0.765221 0.762688
0.424909 0.765801
0.667074 0.765831
0.704001 0.794824
0.563768 0.608081
0.343211 0.572192
0.705069 0.839808
0.962401 0.793909
0.722892 0.589618
0.745354 0.816675
0.349712 0.678762
0.638386 0.786004
0.977813 0.700430
0.743461 0.648091
0.821131 0.724723
0.373119 0.688986
0.746025 0.805963
0.731254 0.815485
0.743278 0.660482
0.900662 0.661153
0.508347 0.556627
0.693991 0.822047
0.510361 0.680929
0.295877 0.472884
0.538408 0.549516
0.595080 0.807489
0.415326 0.739525
0.489456 0.726981
0.493973 0.866726
0.463210 0.709342
0.487655 0.802728
0.659871 0.633442
0.391430 0.857997
0.406201 0.909787
0.641438 0.737968
0.489731 0.648824
0.437574 0.535386
0.607318 0.564379
0.432691 0.869564
0.963042 0.718345
0.444563 0.902066
0.550157 0.837794
0.463301 0.656026
0.435163 0.526658
0.311197 0.588275
0.446974 0.528764
0.561907 0.768395
0.726737 0.697043
0.313974 0.540422
0.606433 0.847438
0.506058 0.800012
0.504257 0.614307
0.813715 0.774834
0.758782 0.670248
0.450667 0.633290
0.811579 0.738304
0.474075 0.692770
0.375744 0.468703
0.841700 0.654714
0.420667 0.488876
0.779534 0.630604
0.610858 0.729209
0.717826 0.657979
0.818567 0.808985
0.387707 0.610950
0.451308 0.649800
0.739891 0.670980
0.745018 0.707572
0.394269 0.532426
0.667257 0.861232
0.438093 0.598041
0.374584 0.734489
0.734672 0.741966
0.430311 0.882931
0.787713 0.840754
0.831233 0.737480
0.752709 0.628376
0.811792 0.704886
0.508683 0.836604
0.678915 0.853664
0.641408 0.626026
0.381481 0.515549
0.607074 0.616688
0.939817 0.800775
0.679708 0.599841
0.738609 0.803003
0.317423 0.583056
0.908322 0.811884
0.706076 0.708701
0.382305 0.660329
0.399915 0.549669
0.844478 0.810266
0.775414 0.643574
0.869961 0.797754
0.833369 0.772912
0.804865 0.687948
0.649678 0.814081
0.639973 0.809992
0.709891 0.629414
0.749229 0.719443
0.599414 0.550890
0.558885 0.852260
0.850703 0.699637
0.442244 0.909848
0.544389 0.787103
0.580493 0.777032
0.995758 0.718253
0.690603 0.600726
0.534684 0.622211
0.820002 0.773064
0.557634 0.716758
0.718039 0.700949
0.464492 0.669118
0.350841 0.535447
0.677389 0.683950
0.417585 0.531968
0.501877 0.589770
0.483993 0.582781
0.772362 0.804224
0.547044 0.658650
0.420515 0.854030
0.529923 0.676351
0.441176 0.760247
0.784265 0.803400
0.343425 0.648885
0.313425 0.612049
0.640706 0.805536
0.746849 0.629444
0.927519 0.809503
0.854183 0.714042
0.454878 0.864498
0.459487 0.542253
0.564257 0.867122
0.613239 0.559709
0.432020 0.670644
0.561144 0.864315
0.582873 0.844783
0.466842 0.552538
0.465957 0.755119
0.434675 0.739280
0.524491 0.753319
0.432295 0.750237
0.341746 0.540757
0.519272 0.520737
0.658742 0.774224
0.721641 0.670705
0.381787 0.620167
0.481216 0.536332
0.583941 0.594226
0.427198 0.553179
0.500961 0.807093
0.696402 0.838496
0.795373 0.700522
0.381603 0.476363
0.295114 0.478561
0.427961 0.866634
0.740532 0.681387
0.274239 0.440352
0.307962 0.545305
0.683645 0.718711
0.428541 0.580004
0.604389 0.629780
0.549150 0.730094
0.344737 0.676260
0.395032 0.761284
0.372021 0.778008
0.365520 0.497879
0.591235 0.808802
0.753380 0.847774
0.542375 0.572405
0.383679 0.476852
0.630512 0.842555
0.354503 0.758202
0.736930 0.611042
0.604755 0.684652
0.939604 0.720237
0.317911 0.626698
0.403241 0.843776
0.562212 0.571520
0.393292 0.788018
0.632252 0.689566
0.687796 0.861812
0.678579 0.629597
0.461074 0.830500
0.360912 0.540574
0.364177 0.520676
0.733085 0.811335
0.646596 0.781884
0.686026 0.701132
0.377270 0.557634
0.690085 0.753624
0.797693 0.815668
0.343730 0.645833
0.574816 0.673757
0.773644 0.688925
0.776727 0.820673
0.518876 0.519791
0.363628 0.729240
0.299295 0.440687
0.587542 0.636982
0.502915 0.523392
0.327372 0.437941
0.676565 0.746941
0.611194 0.609699
0.830378 0.668600
0.362621 0.470138
0.774865 0.841792
0.527390 0.851527
0.914823 0.801080
0.496445 0.503616
0.367229 0.597949
0.458907 0.543870
0.350139 0.460250
0.650655 0.563555
0.534959 0.589099
0.884732 0.671987
0.577776 0.731407
0.441603 0.547777
0.865780 0.794641
0.828394 0.666524
0.688803 0.737968
0.564318 0.698477
0.479415 0.493332
0.681234 0.812128
0.414747 0.549516
0.580218 0.641926
0.302499 0.579974
0.427442 0.634083
0.810968 0.706015
0.637013 0.812403
0.732047 0.709372
0.527482 0.691031
0.534959 0.726768
0.321055 0.430799
0.588702 0.839717
0.335734 0.483505
0.461776 0.634602
0.640706 0.718345
0.776177 0.687551
0.487259 0.521287
0.754906 0.618824
0.888333 0.784753
0.494705 0.529649
0.875576 0.762474
0.515091 0.696921
0.645558 0.765984
0.907834 0.704672
0.515366 0.750114
0.493942 0.831050
0.529160 0.763268
0.662770 0.860775
0.431135 0.718467
0.338237 0.563280
0.882351 0.810450
0.668844 0.575396
0.565203 0.817682
0.461318 0.810968
0.670309 0.864864
0.693197 0.697165
0.402814 0.804773
0.652486 0.823176
0.995148 0.707144
0.633992 0.632923
0.532273 0.739769
0.301462 0.573443
0.988769 0.779168
0.546159 0.621143
0.891934 0.815241
0.878079 0.729118
0.358837 0.514389
0.381695 0.667989
0.361034 0.528245
0.968078 0.694205
0.279672 0.443495
0.945952 0.733238
0.844996 0.830897
0.497635 0.572649
0.704459 0.635121
0.496414 0.753838
0.450514 0.488327
0.663656 0.607746
0.469100 0.739158
0.359783 0.609851
0.928007 0.768120
0.436995 0.578997
0.471267 0.667074
0.789514 0.781335
0.295877 0.434034
0.663106 0.679586
0.428114 0.873836
0.386456 0.669820
0.358776 0.532304
0.683981 0.853175
0.712455 0.851985
0.920408 0.777245
0.589801 0.801630
0.793023 0.822047
0.561541 0.695853
0.564226 0.639058
0.387677 0.486679
0.931272 0.797784
0.297006 0.500381
0.795587 0.688406
0.678488 0.716208
0.719169 0.648061
0.399182 0.531266
0.709891 0.788903
0.258614 0.432814
0.528336 0.881100
0.487838 0.855678
0.691122 0.819239
0.743034 0.613666
0.752190 0.636128
0.424909 0.655965
0.781671 0.805322
0.512101 0.843074
0.283914 0.495285
0.536180 0.649525
0.557817 0.687368
0.744255 0.740837
0.862178 0.659963
0.404675 0.560472
0.543687 0.843562
0.434400 0.852229
0.340464 0.497696
0.888943 0.755516
0.847194 0.740226
0.856838 0.711356
0.485549 0.718009
0.876247 0.791650
0.309488 0.459914
0.373608 0.734825
0.511399 0.737602
0.916166 0.751946
0.734245 0.653768
0.789636 0.717704
0.666494 0.610462
0.851192 0.694418
0.443770 0.523820
0.642994 0.721671
0.602252 0.693869
0.614887 0.755577
0.724052 0.758782
0.397961 0.683340
0.599780 0.816767
0.834284 0.697317
0.472549 0.570727
0.573077 0.661092
0.470504 0.743461
0.782006 0.700827
0.407727 0.571215
0.508133 0.844661
0.821650 0.697256
0.470290 0.659322
0.307260 0.538133
0.418348 0.704001
0.923948 0.681356
0.290567 0.537767
0.637379 0.779839
0.365764 0.743461
0.355480 0.457015
0.382672 0.807031
0.429151 0.717795
0.328410 0.478774
0.547136 0.627277
0.624714 0.685720
0.413099 0.509262
0.740349 0.734031
0.555040 0.582110
0.977874 0.796716
0.510788 0.789758
0.389874 0.676412
0.862300 0.749931
0.551012 0.658620
0.923276 0.735038
0.336192 0.646779
0.329814 0.593066
0.379589 0.644948
0.727165 0.847591
0.966063 0.690664
0.330851 0.638173
0.400433 0.470534
0.358013 0.762688
0.582354 0.681204
0.689566 0.799188
0.924680 0.782342
0.412427 0.659474
0.449110 0.614490
0.939177 0.797540
0.469527 0.753349
0.508835 0.522355
0.521378 0.780419
0.419568 0.708335
0.802667 0.712363
0.500748 0.887356
0.449049 0.879330
0.346416 0.585955
0.397565 0.562395
0.587909 0.721213
0.515976 0.528397
0.681112 0.677541
0.351817 0.450972
0.895108 0.691244
0.477767 0.586657
0.546495 0.545335
0.370251 0.530076
0.606159 0.845393
0.501694 0.593829
0.296487 0.427076
0.800623 0.669729
0.326853 0.659383
0.708151 0.820154
0.601215 0.687490
0.538499 0.564562
0.403607 0.898556
0.377728 0.805475
0.428877 0.544908
0.729362 0.620319
0.330821 0.640706
0.505905 0.536851
0.817896 0.801447
0.338237 0.534410
0.551653 0.702841
0.860103 0.688223
0.407239 0.830714
0.777886 0.805811
0.679891 0.593341
0.510788 0.703696
0.520096 0.764336
0.308512 0.483016
0.673818 0.864406
0.786309 0.691641
0.932463 0.696158
0.892300 0.770196
0.726493 0.596271
0.538194 0.741813
0.770043 0.738426
0.871487 0.728202
0.751579 0.613483
0.282754 0.498184
0.435163 0.519333
0.525101 0.802973
0.473525 0.690359
0.908506 0.698508
0.686972 0.703085
0.412427 0.498611
0.397931 0.624775
0.723258 0.659658
0.489669 0.548021
0.649068 0.741142
0.680563 0.640553
0.649831 0.781976
0.733573 0.660878
0.397565 0.662709
0.540330 0.809839
0.616810 0.668416
0.409101 0.619739
0.711112 0.632313
0.583575 0.721366
0.664022 0.801843
0.635640 0.672079
0.621113 0.607959
0.379589 0.699698
0.855098 0.676077
0.275033 0.475967
0.492111 0.704123
0.460768 0.859676
0.600818 0.879788
0.406201 0.631245
0.616291 0.742576
0.433424 0.709922
0.660146 0.647572
0.422681 0.610767
0.437910 0.652394
0.712149 0.756249
0.787286 0.653218
0.804743 0.689108
0.521744 0.612812
0.598590 0.872433
0.549181 0.821406
0.483047 0.599994
0.481307 0.726463
0.605945 0.744438
0.456740 0.728996
0.697958 0.732353
0.534654 0.657216
0.391430 0.598132
0.636372 0.854854
0.434065 0.711509
0.509323 0.719718
0.696341 0.848872
0.667196 0.608783
0.439070 0.896634
0.406537 0.787774
0.585345 0.733726
0.566027 0.634632
0.563250 0.684866
0.678304 0.798090
0.508103 0.864803
0.846095 0.699515
0.596820 0.787469
0.361980 0.667379
0.759484 0.672628
0.433729 0.634571
0.654805 0.765282
0.384472 0.825495
0.664876 0.607898
0.585650 0.664968
0.531846 0.590625
0.593585 0.651692
0.713034 0.640065
0.887539 0.751793
0.751152 0.829218
0.546800 0.596942
0.516312 0.645772
0.276315 0.436934
0.426008 0.532426
0.530869 0.645589
0.291574 0.473037
0.430738 0.769616
0.766930 0.772271
0.487381 0.751457
0.532914 0.631550
0.421857 0.854274
0.869564 0.666280
0.693106 0.633259
0.770928 0.742271
0.729606 0.615375
0.397015 0.494980
0.457595 0.703635
0.775903 0.733329
0.923002 0.704367
0.467269 0.615833
0.677725 0.583636
0.529954 0.885189
0.655080 0.604541
0.417646 0.532304
0.735618 0.772607
0.582720 0.837489
0.469985 0.790307
0.650563 0.716453
0.741661 0.715720
0.744957 0.701895
0.621754 0.726066
0.577410 0.546892
0.304392 0.424696
0.548051 0.546007
0.574816 0.587878
0.948546 0.688650
0.567125 0.595935
0.827265 0.779015
0.588672 0.633015
0.343333 0.578906
0.420820 0.612079
0.453413 0.798151
0.396893 0.774010
0.617542 0.776849
0.482192 0.769799
0.542772 0.761620
0.485733 0.647938
0.734672 0.622394
0.504959 0.527940
0.547319 0.817225
0.964690 0.775475
0.367779 0.535356
0.480850 0.880154
0.659932 0.613819
0.694235 0.661397
0.751335 0.731346
0.720176 0.786859
0.527757 0.860652
0.560106 0.773034
0.692923 0.666555
0.514664 0.846248
0.264046 0.478225
0.477676 0.605976
0.913602 0.723045
0.558153 0.533525
0.891537 0.800653
0.484237 0.744865
0.582080 0.663167
0.439467 0.631001
0.716941 0.846004
0.730644 0.723106
0.456526 0.519547
0.412030 0.488235
0.587512 0.825831
0.738090 0.653554
0.461379 0.724601
0.539048 0.764611
0.286630 0.522294
0.405316 0.792077
0.934324 0.796838
0.652852 0.741234
0.457289 0.544603
0.433424 0.525987
0.427656 0.502487
0.597827 0.697836
0.606098 0.639546
0.534074 0.861385
0.612812 0.552141
0.346385 0.617908
0.381848 0.617908
0.585864 0.665120
0.748100 0.790429
0.688589 0.659474
0.741569 0.672048
0.904324 0.754692
0.630024 0.698782
0.736473 0.690298
0.560411 0.846065
0.882504 0.671407
0.606098 0.603320
0.664907 0.766991
0.634907 0.568285
0.493576 0.665365
0.792810 0.683370
0.416883 0.691855
0.686300 0.671743
0.631367 0.710135
0.309824 0.603442
0.689138 0.638844
0.379711 0.681234
0.618366 0.559069
0.363445 0.568194
0.482986 0.799371
0.377270 0.791223
0.552934 0.542680
0.468215 0.613422
0.401929 0.462172
0.386700 0.660146
0.368206 0.720939
0.276070 0.430158
0.446699 0.837062
0.673269 0.579852
0.818476 0.644795
0.906186 0.780847
0.687674 0.823572
0.762505 0.646260
0.475906 0.886471
0.676046 0.718009
0.989502 0.755974
0.453017 0.563524
0.573687 0.804407
0.779626 0.752129
0.655812 0.811762
0.842097 0.644978
0.384228 0.532823
0.958129 0.714286
0.711753 0.787286
0.871609 0.771508
0.369182 0.613147
0.653340 0.579119
0.805322 0.830866
0.626209 0.816980
0.494125 0.700552
0.299448 0.537736
0.711142 0.771264
0.284860 0.451827
0.328623 0.555498
0.898831 0.770135
0.945219 0.698294
0.640370 0.641957
0.348857 0.537858
0.565477 0.795068
0.404614 0.768700
0.684408 0.587786
0.723502 0.714713
0.842280 0.829279
0.311167 0.623829
0.859828 0.667592
0.814112 0.672567
0.452681 0.491714
0.552934 0.708426
0.651357 0.697775
0.924162 0.698721
0.347331 0.665853
0.358470 0.718345
0.467788 0.848689
0.551195 0.794488
0.416364 0.677877
0.678549 0.730796
0.845271 0.640919
0.478683 0.864956
0.338389 0.711142
0.573473 0.802087
0.806116 0.718436
0.285134 0.503616
0.919584 0.815882
0.763451 0.677511
0.707327 0.776635
0.513627 0.515000
0.530473 0.752953
0.657735 0.716636
0.498733 0.737571
0.687033 0.717277
0.469558 0.678671
0.662435 0.765648
0.885891 0.770135
0.744926 0.838740
0.782739 0.822321
0.476516 0.675039
0.529283 0.681936
0.336406 0.517899
0.342082 0.602008
0.463637 0.846828
0.576098 0.609699
0.525712 0.875912
0.603931 0.812616
0.758995 0.728385
0.637013 0.652333
0.462996 0.628010
0.475906 0.559282
0.960723 0.703635
0.427747 0.513535
0.725974 0.813257
0.362896 0.622425
0.362743 0.777703
0.323679 0.512772
0.610614 0.817133
0.340129 0.690512
0.691977 0.717307
0.523453 0.589434
0.602313 0.617786
0.593616 0.814142
0.585742 0.593310
0.751915 0.633442
0.473952 0.796655
0.861110 0.822504
0.838282 0.751610
0.966582 0.802026
0.402905 0.637318
0.630390 0.806940
0.986847 0.744621
0.755089 0.702048
0.571642 0.609790
0.629048 0.740013
0.525651 0.828272
0.435194 0.827448
0.517533 0.753746
0.312235 0.512345
0.465316 0.634907
0.592761 0.813959
0.723655 0.805628
0.434767 0.662374
0.450728 0.620838
0.735618 0.793085
0.696585 0.662282
0.377453 0.767205
0.396283 0.502701
0.592456 0.564470
0.703909 0.727989
0.751122 0.689932
0.890896 0.685995
0.474837 0.502548
0.419416 0.733634
0.606616 0.708274
0.402417 0.766015
0.403607 0.537889
0.456282 0.826899
0.551347 0.585498
0.963439 0.802454
0.423475 0.908292
0.957366 0.694510
0.924894 0.786279
0.845271 0.675314
0.398450 0.658925
0.678732 0.627857
0.851711 0.648854
0.910184 0.789300
0.270272 0.434278
0.578722 0.850032
0.517838 0.686911
0.476516 0.851161
0.492904 0.636067
0.749321 0.603137
0.363353 0.448683
0.490402 0.808954
0.402051 0.780023
0.403821 0.691885
0.901517 0.765252
0.483016 0.877255
0.343669 0.480819
0.916166 0.795770
0.366802 0.777429
0.414014 0.679769
0.616047 0.788263
0.549425 0.872890
0.402661 0.601215
0.407483 0.751305
0.659017 0.747520
0.660085 0.816126
0.782373 0.660207
0.510269 0.758751
0.368816 0.717643
0.880490 0.698782
0.607837 0.761956
0.379925 0.729087
0.398419 0.770775
0.409864 0.859432
0.558000 0.850246
0.734245 0.754753
0.796472 0.790063
0.370006 0.618305
0.853114 0.772912
0.706503 0.730033
0.424818 0.853359
0.577990 0.587695
0.379742 0.490036
0.340007 0.663656
0.626087 0.567034
0.456587 0.601306
0.345317 0.629017
0.579913 0.774071
0.792108 0.834925
0.522111 0.548173
0.693808 0.624561
0.439741 0.646352
0.693686 0.678915
0.823145 0.630421
0.361461 0.753288
0.407025 0.586077
0.298227 0.583056
0.539140 0.541337
0.878536 0.810816
0.816095 0.832728
0.757866 0.689810
0.532884 0.760887
0.400433 0.587603
0.363933 0.458693
0.396069 0.716483
0.661458 0.673177
0.682516 0.776757
0.414197 0.516251
0.281472 0.469283
0.953703 0.710471
0.764977 0.659108
0.580767 0.728843
0.585711 0.669881
0.426771 0.683584
0.950041 0.770043
0.437178 0.803308
0.781701 0.771966
0.817591 0.779443
0.728904 0.621113
0.609821 0.781762
0.529893 0.744102
0.382885 0.572436
0.731071 0.609180
0.624622 0.771661
0.671804 0.659291
0.544420 0.816309
0.389233 0.485549
0.642506 0.809137
0.506149 0.550554
0.546953 0.742912
0.517319 0.664327
0.467421 0.490555
0.406598 0.494156
0.785028 0.823267
0.463454 0.585437
0.340526 0.545213
0.318308 0.520615
0.656056 0.788781
0.624470 0.669393
0.618336 0.801050
0.411420 0.902310
0.689230 0.627338
0.984802 0.705741
0.545610 0.575182
0.920499 0.754021
0.715354 0.753563
0.416028 0.633778
0.654347 0.862270
0.706412 0.790216
0.870846 0.778497
0.431166 0.845943
0.454573 0.551347
0.651357 0.647572
0.465865 0.754265
0.856044 0.653218
0.443739 0.556536
0.371319 0.641835
0.661519 0.613117
0.486099 0.554827
0.380169 0.774010
0.589831 0.829554
0.813227 0.786218
0.657369 0.760674
0.582934 0.827570
0.529832 0.584002
0.594287 0.628285
0.406110 0.635762
0.864772 0.816187
0.381542 0.480850
0.397443 0.488784
0.608203 0.735435
0.402753 0.905606
0.822138 0.768456
0.870754 0.754173
0.879666 0.798822
0.384564 0.530595
0.357952 0.712455
0.317209 0.544603
0.878994 0.762871
0.514176 0.653951
0.556291 0.823756
0.808710 0.760979
0.298807 0.486648
0.751091 0.834895
0.678304 0.727836
0.954436 0.752190
0.732047 0.633595
0.501236 0.830622
0.487594 0.543229
0.531175 0.688192
0.722312 0.777520
0.747612 0.735893
0.454482 0.519547
0.488296 0.704459
0.483047 0.748619
0.905820 0.679403
0.619709 0.801904
0.580615 0.660482
0.391308 0.518632
0.330851 0.581133
0.590716 0.712516
0.664205 0.744987
0.661977 0.761956
0.787744 0.764092
0.634571 0.725150
0.422559 0.479598
0.711844 0.598712
0.645772 0.682089
0.376690 0.649373
0.403790 0.698355
0.374340 0.528825
0.685568 0.744835
0.680807 0.610157
0.741020 0.774865
0.325907 0.550096
0.495499 0.767022
0.450453 0.870846
0.969543 0.771081
0.752251 0.658773
0.709677 0.815546
0.725791 0.798425
0.711478 0.830714
0.652516 0.788598
0.395459 0.802881
0.677755 0.643818
0.555986 0.635792
0.424665 0.857051
0.456404 0.730583
0.506851 0.689901
0.805628 0.670919
0.831812 0.680380
0.488296 0.841365
0.515671 0.512650
0.676229 0.764000
0.881130 0.726188
0.280618 0.429029
0.568133 0.849727
0.279824 0.500381
0.355327 0.475417
0.391369 0.549486
0.864589 0.743858
0.367718 0.447645
0.870785 0.655934
0.367931 0.707511
0.636830 0.575945
0.328043 0.663900
0.760949 0.655049
0.500839 0.612384
0.522507 0.704215
0.425459 0.498123
0.749413 0.618641
0.499954 0.684988
0.885464 0.675619
0.724326 0.632557
0.803003 0.758019
0.388623 0.703543
0.443251 0.822443
0.668874 0.592883
0.394360 0.683004
0.506302 0.842586
0.446333 0.863369
0.439405 0.590808
0.756584 0.755028
0.335307 0.468642
0.636158 0.653096
0.304025 0.526475
0.590991 0.556963
0.615680 0.764611
0.267312 0.448805
0.536699 0.568651
0.367901 0.478683
0.531693 0.657521
0.602741 0.767266
0.304086 0.472030
0.687307 0.751335
0.351054 0.705557
0.488876 0.833369
0.985595 0.729270
0.361827 0.776452
0.713034 0.698141
0.748375 0.633992
0.931455 0.706473
0.588305 0.557237
0.482192 0.564013
0.765740 0.830287
0.480270 0.602130
0.589251 0.582385
0.653096 0.726402
0.768578 0.652150
0.483871 0.881161
0.372539 0.685995
0.327952 0.633076
0.350719 0.500076
0.398541 0.741295
0.865688 0.733543
0.810755 0.825282
0.647114 0.783868
0.665609 0.656301
0.952635 0.698691
0.725822 0.772179
0.582873 0.800378
0.700552 0.701041
0.439436 0.553972
0.402631 0.862300
0.403363 0.531022
0.876980 0.710349
0.904965 0.763207
0.754326 0.702200
0.813532 0.653188
0.997528 0.721763
0.328318 0.483352
0.855464 0.658406
0.755699 0.624683
0.536241 0.830927
0.308420 0.611225
0.537309 0.633930
0.440901 0.566698
0.765130 0.674764
0.516434 0.775262
0.582537 0.639729
0.741966 0.621265
0.371960 0.778497
0.422834 0.509079
0.499771 0.636616
0.330973 0.468276
0.501389 0.583575
0.323405 0.482345
0.496200 0.553728
0.786615 0.653310
0.555986 0.709922
0.486831 0.758721
0.503677 0.800409
0.549425 0.837977
0.450514 0.890194
0.418256 0.510971
0.537523 0.801019
0.760460 0.796716
0.316416 0.607440
0.540513 0.724052
0.622425 0.799493
0.501328 0.679312
0.526353 0.669454
0.956603 0.784417
0.464522 0.494095
0.847011 0.794916
0.735130 0.818812
0.722465 0.622639
0.722861 0.735221
0.352855 0.707297
0.601032 0.722892
0.904508 0.708151
0.435316 0.622700
0.460280 0.591571
0.455031 0.813837
0.728263 0.682577
0.510361 0.614399
0.850948 0.646443
0.505295 0.615711
0.499435 0.824305
0.475173 0.565294
0.873592 0.667013
0.743706 0.601581
0.619556 0.740501
0.434156 0.671316
0.586413 0.717795
0.345042 0.544542
0.437086 0.833979
0.419904 0.609699
0.439619 0.543809
0.499954 0.678732
0.642933 0.689505
0.381664 0.578906
0.628132 0.620319
0.886563 0.779260
0.487411 0.800745
0.746422 0.802576
0.740654 0.842280
0.694540 0.655202
0.557237 0.842311
0.563402 0.860469
0.608936 0.692495
0.374279 0.792871
0.831690 0.655965
0.307871 0.606983
0.800501 0.635762
0.497848 0.773858
0.459578 0.838862
0.859676 0.683676
0.547472 0.830988
0.971984 0.718863
0.422468 0.845424
0.375134 0.690634
0.629353 0.860317
0.438429 0.538224
0.594287 0.582171
0.595630 0.774316
0.569445 0.688375
0.475448 0.505234
0.619678 0.665792
0.352397 0.577990
0.683279 0.722434
0.498398 0.687185
0.609973 0.870510
0.893277 0.723197
0.304849 0.579455
0.443037 0.484268
0.833583 0.760796
0.520737 0.820246
0.806879 0.831782
0.382366 0.615925
0.591266 0.826807
0.752373 0.697775
0.307718 0.609729
0.382946 0.793420
0.661214 0.587878
0.426740 0.628468
0.341502 0.669088
0.634999 0.616108
0.859004 0.789941
0.282815 0.427198
0.320627 0.523118
0.462203 0.608631
0.511582 0.783593
0.502915 0.804712
0.602130 0.786126
0.567064 0.713309
0.507675 0.719749
0.505417 0.824335
0.384289 0.603015
0.652638 0.768761
0.981231 0.779870
0.661428 0.777520
0.480239 0.700644
0.543474 0.525834
0.628193 0.621815
0.528794 0.592639
0.723991 0.678121
0.538896 0.771233
0.444349 0.777337
0.421033 0.575365
0.835475 0.825892
0.524247 0.671743
0.700613 0.703330
0.416883 0.641896
0.777459 0.715842
0.532670 0.580218
0.542741 0.566698
0.462844 0.803247
0.472823 0.835719
0.454604 0.881558
0.617389 0.667928
0.558641 0.816340
0.497208 0.701651
0.628986 0.769250
0.522935 0.864315
0.756188 0.691244
0.654714 0.858242
0.572344 0.597858
0.549852 0.756157
0.610858 0.635456
0.500473 0.853542
0.949614 0.744346
0.407239 0.739250
0.627949 0.693930
0.640858 0.841578
0.670492 0.743034
0.631947 0.593188
0.706839 0.802454
0.365551 0.751946
0.293924 0.482040
0.689749 0.850093
0.852260 0.641377
0.645131 0.684439
0.747520 0.674978
0.585650 0.809229
0.824091 0.665365
0.671621 0.843410
0.554338 0.687460
0.347118 0.647816
0.285531 0.511948
0.854457 0.689535
0.468856 0.740532
0.645161 0.748344
0.654500 0.668355
0.521592 0.832179
0.897244 0.673727
0.369030 0.563707
0.469771 0.681448
0.562731 0.551897
0.468673 0.716910
0.838099 0.747520
0.779321 0.824183
0.605701 0.555315
0.474136 0.615284
0.388043 0.714530
0.851741 0.788537
0.922636 0.709891
0.998230 0.778588
0.544389 0.551134
0.501480 0.832179
0.844020 0.697531
0.458052 0.556444
0.591693 0.584002
0.544939 0.652638
0.538072 0.587237
0.450819 0.517960
0.329417 0.469466
0.796350 0.636128
0.759423 0.789270
0.709922 0.732414
0.635273 0.640217
0.309122 0.492996
0.489883 0.617725
0.632618 0.742271
0.296426 0.435163
0.349986 0.745903
0.364391 0.463271
0.393353 0.840114
0.670553 0.835963
0.405744 0.697501
0.656087 0.656606
0.385205 0.801965
0.823786 0.814997
0.616413 0.560595
0.665792 0.858699
0.644612 0.704123
0.449385 0.891385
0.585803 0.827448
0.393841 0.562365
0.641682 0.707419
0.454360 0.629200
0.382550 0.463973
0.706565 0.673147
0.436476 0.787774
0.552355 0.627094
0.605670 0.590594
0.275246 0.518204
0.979431 0.785424
0.681997 0.859706
0.422803 0.900204
0.638142 0.835566
0.745567 0.801141
0.465133 0.651662
0.614856 0.613361
0.293374 0.499222
0.652089 0.570849
0.481674 0.520981
0.493362 0.747307
0.473189 0.678335
0.356731 0.520920
0.636067 0.774712
0.563372 0.719047
0.957945 0.692495
0.523759 0.746117
0.701895 0.696097
0.438978 0.603626
0.720328 0.666799
0.999603 0.751213
0.917417 0.772240
0.637410 0.860958
0.467849 0.608081
0.866207 0.790216
0.765587 0.686514
0.614582 0.562151
0.628986 0.859706
0.716208 0.660390
0.393750 0.644032
0.565294 0.722007
0.554064 0.697043
0.658315 0.595569
0.371715 0.574664
0.490860 0.556780
0.656636 0.661519
0.279641 0.522141
0.339610 0.655965
0.584643 0.600360
0.423627 0.563494
0.755638 0.793481
0.505661 0.537187
0.845485 0.683340
0.449171 0.495010
0.485794 0.900418
0.683859 0.609546
0.878689 0.652669
0.617939 0.670492
0.522050 0.514786
0.686239 0.846583
0.759087 0.697562
0.694784 0.717765
0.306650 0.539109
0.409894 0.769829
0.518784 0.675466
0.372204 0.688803
0.445021 0.647877
0.356578 0.582751
0.635517 0.565203
0.911496 0.726157
0.758019 0.735496
0.473281 0.866756
0.477432 0.800745
0.984252 0.766533
0.608051 0.556993
0.674001 0.778497
0.626331 0.777245
0.771264 0.621570
0.399915 0.472121
0.432173 0.726341
0.636982 0.815760
0.920469 0.792352
0.678365 0.773156
0.486373 0.732322
0.395001 0.775292
0.651570 0.838252
0.678732 0.649800
0.521683 0.552751
0.912900 0.795343
0.411847 0.539537
0.365337 0.476699
0.681112 0.785424
0.575335 0.647603
0.737175 0.646413
0.593432 0.602863
0.446150 0.893643
0.682394 0.573626
0.939848 0.680380
0.553484 0.799615
0.368145 0.506149
0.453505 0.739219
0.703848 0.762230
0.579546 0.608478
0.403424 0.813959
0.613575 0.854274
0.359539 0.591357
0.415113 0.889615
0.662557 0.827296
0.676412 0.740104
0.558580 0.636250
0.691275 0.735832
0.742515 0.774743
0.550188 0.803186
0.704611 0.790765
0.478957 0.860378
0.423963 0.735069
0.705374 0.840571
0.341533 0.717765
0.341960 0.660665
0.401624 0.614338
0.588855 0.569140
0.733024 0.775964
0.475509 0.771020
0.565050 0.871517
0.745994 0.799188
0.426191 0.832514
0.552721 0.851070
0.467238 0.688162
0.940825 0.769951
0.685659 0.588214
0.243446 0.407758
0.775903 0.715598
0.479110 0.717704
0.753807 0.736595
0.560137 0.804712
0.300455 0.548509
0.681906 0.675619
0.819666 0.796075
0.735649 0.699026
0.312662 0.532548
0.627583 0.793603
0.623463 0.560961
0.923978 0.785363
0.507370 0.713797
0.566698 0.563189
0.824641 0.727042
0.530625 0.629902
0.825434 0.647176
0.436476 0.831446
0.693533 0.825251
0.644337 0.646290
0.657643 0.816095
0.912626 0.814905
0.655843 0.748131
0.353160 0.672323
0.732994 0.814692
0.752403 0.741905
0.812220 0.644307
0.531541 0.548112
0.572649 0.607135
0.243385 0.399915
0.870571 0.751518
0.757164 0.700705
0.455031 0.882900
0.722526 0.673452
0.364055 0.492874
0.618732 0.594409
0.437422 0.609333
0.682394 0.833430
0.878658 0.687796
0.692465 0.848109
0.441145 0.735435
0.640553 0.687155
0.491073 0.864315
0.657643 0.633229
0.738029 0.804987
0.531755 0.853084
0.698202 0.770867
0.798120 0.656178
0.697043 0.588672
0.393292 0.576098
0.878994 0.816065
0.659230 0.744224
0.909757 0.731620
0.605274 0.592547
0.463973 0.783166
0.759209 0.728294
0.678976 0.745933
0.865841 0.784600
0.449171 0.748985
0.501633 0.712027
0.622242 0.638691
0.652394 0.668661
0.760887 0.783441
0.842616 0.718497
0.354228 0.760918
0.453078 0.693289
0.527207 0.603565
0.873562 0.821772
0.323496 0.576617
0.709708 0.609333
0.508042 0.761803
0.651448 0.673574
0.949248 0.708518
0.578845 0.596698
0.473373 0.787744
0.512406 0.651021
0.674642 0.816187
0.633412 0.656514
0.488144 0.592822
0.771905 0.611560
0.430311 0.795282
0.434950 0.638020
0.452895 0.691641
0.565996 0.545427
0.663991 0.805475
0.295114 0.519608
0.614185 0.617969
0.405347 0.699454
0.352702 0.462844
0.441053 0.876949
0.334758 0.674154
0.947386 0.770074
0.444472 0.797845
0.795709 0.629872
0.484725 0.590136
0.505844 0.726493
0.424665 0.783197
0.283242 0.462081
0.616779 0.625538
0.679403 0.743583
0.509812 0.775994
0.936857 0.696066
0.726798 0.687857
0.564379 0.874966
0.428694 0.596789
0.433943 0.706381
0.433576 0.864101
0.429029 0.558733
0.276955 0.453017
0.328196 0.636616
0.781640 0.690756
0.668600 0.654561
0.629933 0.820002
0.335002 0.518509
0.515213 0.861995
0.376720 0.725517
0.674673 0.844874
0.621540 0.679037
0.255470 0.439863
0.550584 0.570055
0.927091 0.699149
0.565233 0.555773
0.652364 0.638417
0.879208 0.691977
0.528916 0.592334
0.742302 0.698996
0.881039 0.657094
0.444044 0.877499
0.483657 0.704062
0.573077 0.691671
0.496414 0.552782
0.730308 0.782250
0.636860 0.674795
0.557604 0.793603
0.572497 0.665181
0.443068 0.629872
0.494736 0.877956
0.471206 0.636128
0.385784 0.493728
0.582904 0.813929
0.398328 0.857295
0.761956 0.809503
0.636097 0.870663
0.606677 0.658681
0.288858 0.424207
0.550645 0.584887
0.296487 0.548112
0.599658 0.681021
0.765984 0.828242
0.363720 0.762841
0.602435 0.813440
0.237922 0.408826
0.471175 0.597430
0.323588 0.524308
0.851955 0.644307
0.903714 0.682913
0.711173 0.698935
0.339488 0.507004
0.651845 0.596820
0.762474 0.724296
0.722495 0.705527
0.337809 0.704062
0.293954 0.524064
0.618976 0.689474
0.691153 0.854823
0.556352 0.867672
0.464766 0.787683
0.867397 0.677908
0.464980 0.631916
0.415204 0.812433
0.701987 0.716269
0.483840 0.716544
0.768822 0.653768
0.726218 0.645314
0.484634 0.726188
0.539995 0.567583
0.524674 0.673849
0.355205 0.562059
0.668691 0.788751
0.626087 0.700858
0.495224 0.815760
0.602161 0.559069
0.448042 0.693533
0.526048 0.742943
0.386059 0.745262
0.911374 0.810327
0.600360 0.802545
0.599353 0.669759
0.582293 0.793420
0.260628 0.444929
0.808374 0.749962
0.606037 0.769341
0.926420 0.689718
0.766289 0.768731
0.570177 0.723350
0.475204 0.663259
0.916684 0.675222
0.558489 0.745750
0.526811 0.546922
0.400952 0.591601
0.333720 0.645772
0.743400 0.794244
0.634968 0.757042
0.719871 0.706992
0.790124 0.664449
0.420881 0.645222
0.755791 0.713523
0.551592 0.664907
0.334788 0.632160
0.407849 0.522263
0.401715 0.875912
0.347789 0.674276
0.481368 0.738426
0.619587 0.627857
0.624744 0.658681
0.759301 0.814631
0.498459 0.830866
0.850032 0.758599
0.589221 0.564562
0.943541 0.684713
0.690023 0.656209
0.387432 0.529160
0.788202 0.619098
0.736961 0.794366
0.535234 0.805353
0.810968 0.806574
0.355480 0.473373
0.559618 0.715384
0.392285 0.717246
0.806391 0.650014
0.372234 0.570849
0.924894 0.737053
0.975951 0.751793
0.507645 0.559618
0.920957 0.799097
0.414411 0.659383
0.487320 0.766991
0.426496 0.559465
0.619495 0.766411
0.441969 0.588733
0.965392 0.782678
0.586535 0.826777
0.701193 0.831172
0.252602 0.411969
0.734092 0.651509
0.939024 0.768792
0.643300 0.622181
0.599384 0.738212
0.683370 0.694510
0.720664 0.749718
0.456648 0.872829
0.782769 0.785119
0.559496 0.636341
0.415937 0.676717
0.910733 0.745781
0.824427 0.692282
0.378368 0.530229
0.539567 0.624744
0.705100 0.822687
0.476760 0.759178
0.697195 0.650716
0.587237 0.812616
0.745354 0.670919
0.927519 0.713523
0.602924 0.779046
0.443373 0.908353
0.746849 0.764885
0.529954 0.714011
0.410779 0.575976
0.651723 0.792199
0.523087 0.607379
0.780602 0.795831
0.772668 0.614612
0.709006 0.851009
0.776208 0.635701
0.643300 0.810511
0.595325 0.653462
0.848384 0.680960
0.511307 0.531968
0.918149 0.751335
0.422437 0.699911
0.580096 0.819910
0.690298 0.796594
0.853999 0.741691
0.551927 0.562792
0.541917 0.538163
0.603687 0.655507
0.905087 0.806818
0.487991 0.687063
0.656545 0.664876
0.539262 0.768303
0.373821 0.631855
0.298379 0.476455
0.887295 0.691275
0.702261 0.773400
0.324473 0.537431
0.359935 0.599780
0.402722 0.812952
0.633259 0.798120
0.731437 0.647908
0.407788 0.789422
0.813196 0.657430
0.665273 0.720115
0.804315 0.795221
0.751823 0.763207
0.686392 0.636158
0.662954 0.675436
0.777551 0.634785
0.727500 0.753014
0.770531 0.675405
0.658650 0.783746
0.443587 0.709738
0.492477 0.832545
0.585314 0.712088
0.346751 0.681784
0.976165 0.695395
0.624256 0.550127
0.423475 0.721305
0.481979 0.583575
0.459426 0.602100
0.423902 0.797327
0.927244 0.742058
0.400555 0.860897
0.412915 0.857723
0.280862 0.472610
0.360179 0.714896
0.619831 0.668508
0.741111 0.598102
0.492477 0.709647
0.384594 0.739586
0.504868 0.522294
0.591235 0.655263
0.397137 0.763665
0.905179 0.673330
0.994201 0.733360
0.681661 0.805902
0.771905 0.736351
0.553789 0.759087
0.690786 0.635273
0.397565 0.710623
0.502762 0.747002
0.607135 0.590625
0.435255 0.641163
0.766869 0.798975
0.762200 0.784753
0.874264 0.664785
0.420667 0.505722
0.523392 0.577288
0.496506 0.760063
0.541276 0.798914
0.612354 0.604022
0.730766 0.812799
0.499832 0.609607
0.728080 0.597034
0.859188 0.789483
0.582781 0.748100
0.430464 0.492508
0.604266 0.686544
0.807764 0.665853
0.590320 0.675497
0.568468 0.606037
0.276955 0.461837
0.482315 0.732719
0.438795 0.545793
0.519211 0.892483
0.583056 0.872494
0.360210 0.758293
0.827174 0.765130
0.736442 0.760460
0.457564 0.765313
0.834620 0.773858
0.669240 0.595294
0.690329 0.783929
0.571245 0.668264
0.651448 0.705618
0.545000 0.754967
0.511948 0.885495
0.653737 0.685873
0.472396 0.721183
0.715171 0.636708
0.315622 0.499924
0.365581 0.514023
0.872738 0.696646
0.434034 0.513718
0.972625 0.786615
0.791345 0.725333
0.571490 0.777215
0.398694 0.486129
0.525224 0.531175
0.369732 0.723930
0.811304 0.632862
0.757866 0.699576
0.598010 0.567492
0.719718 0.599322
0.670278 0.602680
0.625568 0.578234
0.880184 0.792444
0.638295 0.868007
0.404309 0.496384
0.712668 0.666738
0.473342 0.588885
0.800043 0.737083
0.492386 0.860164
0.339122 0.509934
0.967437 0.719077
0.524888 0.676321
0.927061 0.749199
0.294961 0.560747
0.307138 0.432325
0.856532 0.730644
0.440565 0.481521
0.843928 0.808405
0.526170 0.726279
0.510239 0.839442
0.918607 0.777154
0.975982 0.731315
0.529435 0.855800
0.531327 0.657399
0.295236 0.547716
0.606525 0.645497
0.422102 0.696463
0.706931 0.736961
0.929136 0.752556
0.685049 0.729514
0.464888 0.564379
0.897244 0.785516
0.929167 0.810511
0.386853 0.847652
0.870571 0.701559
0.780023 0.833644
0.459151 0.678152
0.342631 0.509507
0.343120 0.514756
0.539293 0.597491
0.446821 0.498459
0.714530 0.780602
0.362255 0.501205
0.482803 0.697073
0.445570 0.606800
0.672140 0.742088
0.850734 0.780511
0.809595 0.809351
0.382885 0.503098
0.269021 0.497330
0.567980 0.541581
0.721763 0.846461
0.565752 0.594012
0.754051 0.735130
0.560900 0.579455
0.538743 0.662496
0.591662 0.795343
0.247078 0.427595
0.549272 0.693503
0.477828 0.668996
0.321757 0.545518
0.458022 0.761589
0.850337 0.717948
0.904172 0.726249
0.360210 0.731590
0.784600 0.760308
0.620808 0.586383
0.776452 0.718772
0.762993 0.792383
0.623859 0.690451
0.348094 0.681173
0.628651 0.851955
0.257118 0.422285
0.730338 0.660543
0.433699 0.650960
0.547868 0.736839
0.449812 0.564623
0.679281 0.797327
0.493698 0.629383
0.602893 0.705435
0.847346 0.675100
0.783319 0.634419
0.463851 0.846370
0.363414 0.559160
0.629017 0.858180
0.968200 0.704215
0.915799 0.693808
0.395978 0.851192
0.874966 0.752251
0.424482 0.545610
0.466567 0.662954
0.398022 0.669607
0.735679 0.779229
0.837489 0.687002
0.359264 0.624500
0.559709 0.793786
0.446486 0.608173
0.503616 0.612049
0.639363 0.783319
0.838771 0.664571
0.529252 0.646809
0.557054 0.533006
0.979675 0.757683
0.600970 0.840358
0.361827 0.620624
0.473617 0.724784
0.472579 0.878964
0.652760 0.726127
0.652058 0.813684
0.510575 0.804437
0.351665 0.630024
0.354442 0.460433
0.452437 0.784783
0.337077 0.577197
0.549730 0.670705
0.669851 0.739280
0.621479 0.595111
0.853542 0.676016
0.694205 0.604419
0.849422 0.808741
0.453627 0.568926
0.548601 0.665578
0.752861 0.742271
0.783502 0.733970
0.731376 0.746971
0.514054 0.758995
0.751457 0.668477
0.486435 0.520127
0.747490 0.641011
0.630604 0.732658
0.318400 0.627003
0.778466 0.767693
0.725181 0.849116
0.852290 0.708701
0.584368 0.803919
0.352489 0.524796
0.657277 0.698050
0.606647 0.860530
0.411054 0.494278
0.398206 0.647206
0.398144 0.557970
0.363689 0.508774
0.673086 0.685812
0.566118 0.828944
0.715323 0.832575
0.573565 0.876156
0.537523 0.600513
0.509873 0.565661
0.838466 0.714713
0.670583 0.671804
0.678640 0.767052
0.410169 0.575457
0.681387 0.581988
0.597247 0.813929
0.482437 0.615558
0.487136 0.789239
0.513993 0.630512
0.632893 0.728660
0.371075 0.784783
0.588488 0.796197
0.971221 0.791528
0.365276 0.468673
0.400647 0.628376
0.438398 0.571123
0.459426 0.889706
0.342204 0.557360
0.385571 0.541887
0.357311 0.634754
0.899777 0.781365
0.782250 0.765526
0.470077 0.655904
0.454878 0.804590
0.387402 0.810511
0.736320 0.827296
0.790307 0.829585
0.821467 0.654195
0.352611 0.685110
0.473617 0.727653
0.447737 0.836482
0.536546 0.797967
0.398480 0.706076
0.554338 0.827418
0.574786 0.819941
0.561571 0.588702
0.616260 0.787866
0.954253 0.778619
0.355052 0.499802
0.625996 0.585070
0.380505 0.719993
0.796350 0.767235
0.647023 0.658834
0.885311 0.732017
0.352153 0.463363
0.454482 0.796533
0.528062 0.770989
0.400159 0.668752
0.646748 0.618732
0.713004 0.715384
0.521897 0.802667
0.871761 0.691427
0.367870 0.783288
0.681753 0.632557
0.574633 0.641804
0.429640 0.589770
0.563372 0.706046
0.470931 0.857997
0.368511 0.697256
0.674703 0.754082
0.879452 0.654775
0.908231 0.702109
0.562761 0.716453
0.883602 0.809565
0.599597 0.803217
0.745445 0.715995
0.834773 0.756096
0.358379 0.475265
0.862880 0.781213
0.963164 0.712790
0.645466 0.844874
0.357952 0.639424
0.568255 0.652913
0.786401 0.639271
0.355052 0.592517
0.995361 0.726096
0.407300 0.487289
0.923032 0.758293
0.868252 0.682516
0.965453 0.702414
0.881130 0.683493
0.898953 0.703757
0.398175 0.535875
0.429121 0.485519
0.747887 0.687307
0.807123 0.809748
0.332652 0.651509
0.634571 0.839076
0.497208 0.875240
0.820612 0.721824
0.347880 0.697958
0.587481 0.549608
0.314615 0.597308
0.785363 0.829371
0.510178 0.791681
0.672903 0.586566
0.494919 0.840876
0.616230 0.849330
0.359813 0.601123
0.523087 0.687460
0.570452 0.716269
0.522996 0.661275
0.338023 0.585681
0.372662 0.730430
0.762535 0.654256
0.602283 0.626423
0.860317 0.699240
0.379254 0.779595
0.560595 0.596606
0.593890 0.711417
0.551866 0.762658
0.854152 0.717673
0.466536 0.662160
0.466567 0.495376
0.806421 0.703574
0.574175 0.723563
0.829737 0.649007
0.402295 0.605945
0.467421 0.619098
0.735862 0.658895
0.825892 0.766991
0.915708 0.669118
0.954955 0.795190
0.939879 0.747856
0.694998 0.627827
0.381939 0.836268
0.868252 0.756096
0.397137 0.533219
0.607471 0.714103
0.377972 0.768303
0.519272 0.636647
0.774712 0.798853
0.465407 0.892087
0.354442 0.458480
0.413038 0.706839
0.578753 0.854793
0.507340 0.562181
0.399030 0.625904
0.737907 0.648213
0.271401 0.432814
0.867550 0.654012
0.782281 0.672292
0.749535 0.770257
0.654805 0.835719
0.451521 0.603137
0.488998 0.863216
0.354411 0.601337
0.512772 0.880001
0.630116 0.865658
0.600757 0.817621
0.516312 0.862239
0.369610 0.530656
0.528977 0.701773
0.393658 0.599170
0.504105 0.736625
0.527787 0.511582
0.476608 0.701102
0.654866 0.644124
0.572344 0.852016
0.609485 0.656972
0.461531 0.636341
0.600116 0.820734
0.409070 0.682180
0.572558 0.622486
0.780633 0.731590
0.643574 0.678915
0.561174 0.542650
0.433821 0.592914
0.749596 0.840052
0.410566 0.684652
0.890378 0.764489
0.478713 0.841273
0.434248 0.731285
0.955687 0.802850
0.900296 0.717856
0.445662 0.663015
0.470565 0.645192
0.300913 0.466323
0.885556 0.679067
0.923582 0.744163
0.832453 0.780175
0.580920 0.839290
0.539354 0.642170
0.477035 0.900723
0.527604 0.649129
0.409680 0.820612
0.456038 0.510971
0.882443 0.696951
0.782647 0.787255
0.529283 0.568010
0.411542 0.707389
0.428419 0.816675
0.302622 0.438215
0.636464 0.750206
0.715812 0.850520
0.404065 0.473495
0.864742 0.736076
0.729148 0.653554
0.920774 0.680776
0.885769 0.723319
0.267464 0.448347
0.692434 0.817133
0.823725 0.784722
0.615894 0.868892
0.328990 0.596942
0.795740 0.776299
0.728935 0.632038
0.305094 0.471480
0.848964 0.691733
0.511856 0.651357
0.768914 0.752342
0.609729 0.738975
0.373577 0.523270
0.706259 0.850673
0.384350 0.803888
0.774285 0.614063
0.452498 0.536241
0.587207 0.735801
0.420759 0.528275
0.338511 0.543474
0.897671 0.700674
0.542863 0.535630
0.388470 0.716666
0.950163 0.720267
0.705893 0.760277
0.895016 0.659169
0.437086 0.807367
0.429121 0.838282
0.510056 0.872250
0.545061 0.665181
0.748924 0.816858
0.572588 0.676931
0.512833 0.665120
0.524827 0.541581
0.712088 0.598285
0.447737 0.890347
0.601794 0.792932
0.558672 0.724082
0.355937 0.649770
0.500504 0.781487
0.498123 0.824396
0.338664 0.518357
0.734367 0.758782
0.471694 0.559313
0.247780 0.438063
0.908475 0.737297
0.540910 0.577380
0.560747 0.792871
0.545854 0.773614
0.343028 0.455000
0.380871 0.623463
0.284188 0.439985
0.461409 0.594409
0.459853 0.827052
0.735466 0.764794
0.341136 0.561632
0.826136 0.831965
0.581896 0.810480
0.399274 0.585925
0.552049 0.820154
0.404645 0.609333
0.369579 0.639149
0.379925 0.645314
0.386639 0.457320
0.750023 0.763451
0.331462 0.454207
0.849666 0.688406
0.867916 0.678640
0.714225 0.713370
0.833460 0.771477
0.858089 0.818720
0.647572 0.593097
0.511002 0.786737
0.570299 0.822840
0.703055 0.785852
0.548021 0.842708
0.509415 0.540391
0.645131 0.834071
0.732383 0.770501
0.571795 0.576647
0.499527 0.507523
0.396558 0.540666
0.538835 0.757744
0.515091 0.762017
0.779260 0.804590
0.695181 0.742943
0.511277 0.869381
0.992645 0.717582
0.720206 0.727683
0.365551 0.729179
0.458968 0.707114
0.887234 0.725486
0.733818 0.791009
0.505142 0.583819
0.260292 0.472091
0.416547 0.736991
0.716941 0.845973
0.462386 0.656026
0.326090 0.604785
0.941374 0.694571
0.900266 0.728690
0.726646 0.794977
0.783105 0.662893
0.385907 0.785333
0.489273 0.601093
0.364391 0.669362
0.884884 0.707327
0.572314 0.698569
0.569384 0.739830
0.617695 0.790185
0.401715 0.671804
0.735313 0.811914
0.660054 0.624439
0.435743 0.489090
0.475173 0.513596
0.644307 0.773400
0.410016 0.666738
0.587634 0.662526
0.681600 0.669942
0.752678 0.772210
0.401318 0.516739
0.778771 0.703360
0.650868 0.602466
0.475509 0.749046
0.429548 0.685354
0.717215 0.742973
0.960570 0.698752
0.668264 0.662160
0.395764 0.744377
0.554949 0.536760
0.575701 0.610309
0.500015 0.891446
0.454390 0.780297
0.531846 0.530259
0.407666 0.710929
0.335337 0.457137
0.513291 0.589557
0.337230 0.488601
0.379955 0.583087
0.356822 0.703818
0.397534 0.767937
0.417280 0.577471
0.734855 0.830378
0.502213 0.688314
0.581256 0.594317
0.342540 0.477218
0.581957 0.560808
0.413129 0.612476
0.546312 0.691763
0.771325 0.798395
0.577166 0.800775
0.502670 0.719840
0.383648 0.469131
0.754112 0.616443
0.527696 0.873806
0.691366 0.702567
0.640217 0.611774
0.871090 0.656636
0.671896 0.859859
0.985595 0.712333
0.645466 0.775475
0.484512 0.841914
0.616535 0.809748
0.489273 0.605518
0.673360 0.680563
0.443922 0.759239
0.421644 0.693106
0.537126 0.678732
0.579455 0.609973
0.434004 0.593799
0.695761 0.711936
0.303690 0.560076
0.595935 0.578326
0.242866 0.408124
0.592822 0.877132
0.667470 0.604541
0.979308 0.785394
0.413648 0.490890
0.684133 0.596210
0.640858 0.867489
0.351787 0.522172
0.367138 0.604175
0.558000 0.713034
0.372784 0.627857
0.832850 0.787225
0.327647 0.601459
0.494156 0.596118
0.710074 0.696280
0.534227 0.520951
0.888455 0.814173
0.418836 0.560472
0.465255 0.671590
0.667684 0.865566
0.414197 0.635884
0.738151 0.786431
0.533586 0.596454
0.681448 0.682119
0.694754 0.596057
0.370128 0.794916
0.567248 0.738639
0.374035 0.674947
0.683615 0.825495
0.607807 0.834132
0.633595 0.671224
0.317515 0.641438
0.647755 0.771050
0.901639 0.724326
0.706320 0.820856
0.932981 0.789758
0.452895 0.560961
0.392621 0.656056
0.581439 0.675130
0.611316 0.848384
0.381573 0.816675
0.946532 0.769799
0.590106 0.648824
0.949950 0.687551
0.692251 0.857143
0.852657 0.682577
0.781457 0.816126
0.998962 0.797540
0.419843 0.657979
0.604541 0.758019
0.787225 0.628040
0.997681 0.736930
0.622822 0.860744
0.900601 0.796777
0.321238 0.580859
0.386212 0.467055
0.485305 0.893918
0.343394 0.482437
0.578265 0.798334
0.904935 0.813929
0.687948 0.699881
0.506607 0.700064
0.256844 0.408856
0.318125 0.515183
0.485855 0.678579
0.502823 0.822382
0.369854 0.648396
0.857509 0.660360
0.463942 0.657002
0.467483 0.827387
0.398083 0.645466
0.616749 0.573809
0.943327 0.748375
0.548204 0.690756
0.576067 0.664357
0.411756 0.673910
0.589923 0.850063
0.740806 0.753868
0.833186 0.734062
0.951109 0.807550
0.401349 0.825068
0.834986 0.672475
0.304361 0.595233
0.285073 0.445662
0.481643 0.575793
0.351085 0.589740
0.466903 0.696127
0.891171 0.735740
0.518906 0.578753
0.503555 0.612812
0.952544 0.752281
0.805536 0.754875
0.822352 0.678213
0.609058 0.774682
0.536637 0.534013
0.621265 0.800623
0.418043 0.738517
0.502640 0.594775
0.455428 0.571245
0.794061 0.653920
0.619739 0.627766
0.583117 0.635884
0.633930 0.682119
0.482528 0.681448
0.768517 0.717460
0.423872 0.573290
0.474075 0.784051
0.496750 0.860073
0.451094 0.532060
0.452712 0.764885
0.762383 0.781213
0.964568 0.794000
0.368480 0.503098
0.885861 0.795312
0.933134 0.712729
0.329203 0.598041
0.474441 0.516037
0.281961 0.440168
0.801965 0.692892
0.655324 0.744346
0.496506 0.703818
0.628101 0.683096
0.670492 0.863948
0.478133 0.566973
0.644704 0.616016
0.550890 0.551958
0.980132 0.701926
0.770257 0.745079
0.865749 0.722221
0.265603 0.485580
0.595782 0.814447
0.504593 0.647114
0.855373 0.723807
0.766411 0.764824
0.681509 0.824152
0.332865 0.652425
0.395611 0.646901
0.403729 0.518601
0.558916 0.885922
0.339549 0.526505
0.375713 0.534898
0.736015 0.610858
0.515641 0.718467
0.348552 0.461379
0.750023 0.614917
0.545824 0.808069
0.257729 0.425611
0.375622 0.743858
0.367046 0.770318
0.872463 0.739341
0.792047 0.653890
0.500229 0.562059
0.349101 0.476119
0.913419 0.798456
0.576922 0.559435
0.774346 0.649617
0.441359 0.734855
0.433424 0.796197
0.621509 0.713309
0.656545 0.684011
0.920743 0.685873
0.464614 0.741325
0.721183 0.636128
0.372662 0.813654
0.539476 0.700400
0.485305 0.595355
0.492721 0.688009
0.880520 0.785546
0.423688 0.670797
0.349345 0.604328
0.463759 0.740562
0.476974 0.786248
0.906400 0.804346
0.469008 0.745933
0.684133 0.588244
0.694357 0.697592
0.892514 0.685415
0.754875 0.616108
0.847316 0.657674
0.516892 0.613269
0.933866 0.734275
0.558123 0.671712
0.334117 0.652608
0.482711 0.670278
0.305307 0.490555
0.709799 0.739280
0.371288 0.652181
0.451399 0.548662
0.704245 0.713614
0.650685 0.819758
0.405805 0.815699
0.607990 0.848323
0.895810 0.766106
0.322581 0.525651
0.950377 0.737449
0.484542 0.501938
0.910855 0.738792
0.992431 0.771905
0.454237 0.574908
0.519944 0.833491
0.301309 0.424146
0.828028 0.748039
0.791375 0.622242
0.690878 0.586169
0.517380 0.705374
0.555864 0.852107
0.722526 0.697745
0.858303 0.770623
0.640095 0.559404
0.676626 0.824152
0.655873 0.701712
0.394543 0.705924
0.386120 0.644276
0.529221 0.716178
0.670522 0.640339
0.466506 0.646535
0.564623 0.878597
0.411634 0.696463
0.590869 0.736198
0.373119 0.808466
0.745354 0.689932
0.638752 0.799432
0.266488 0.487625
0.693350 0.845424
0.775048 0.636982
0.387158 0.787530
0.332652 0.641377
0.872433 0.741569
0.505081 0.744133
0.684500 0.671346
0.718589 0.657857
0.721274 0.645192
0.647206 0.763237
0.727561 0.670370
0.540910 0.800256
0.285409 0.520280
0.874416 0.790796
0.457259 0.589251
0.605914 0.845485
0.388012 0.620594
0.587085 0.797418
0.767449 0.773309
0.603229 0.752556
0.757469 0.756767
0.383343 0.728080
0.948515 0.808222
0.478164 0.811304
0.426862 0.745994
0.640187 0.871334
0.531938 0.702383
0.591021 0.654530
0.988220 0.777337
0.450941 0.572253
0.435591 0.836634
0.412030 0.853938
0.949400 0.761650
0.602466 0.680410
0.689199 0.852657
0.422620 0.520524
0.639027 0.692068
0.391247 0.839412
0.758843 0.629963
0.703146 0.847713
0.668600 0.604663
0.423322 0.471053
0.895718 0.666128
0.533128 0.645924
0.880337 0.753166
0.254128 0.405194
0.520280 0.743400
0.879238 0.769951
0.518326 0.826044
0.849849 0.653493
0.461806 0.554216
0.387280 0.628407
0.264046 0.491623
0.903409 0.766991
0.409711 0.662496
0.559099 0.574541
0.894192 0.783319
0.657064 0.853725
0.284402 0.542985
0.544511 0.801813
0.349193 0.496780
0.403607 0.861812
0.510941 0.512253
0.344646 0.572192
0.679586 0.730399
0.691702 0.599109
0.818354 0.737266
0.488693 0.900815
0.423261 0.490158
0.407270 0.741447
0.808405 0.699637
0.400311 0.598682
0.413465 0.658864
0.705649 0.856075
0.992676 0.793268
0.982879 0.789727
0.409986 0.750267
0.640004 0.563372
0.444685 0.806940
0.320353 0.623646
0.364330 0.472488
0.368267 0.517472
0.736015 0.813166
0.458846 0.503098
0.924284 0.765221
0.571856 0.538102
0.717978 0.659719
0.726402 0.815943
0.770501 0.705222
0.382855 0.654897
0.304605 0.487716
0.444960 0.667776
0.415754 0.849757
0.683065 0.641713
0.559435 0.553575
0.435987 0.831263
0.659658 0.654469
0.486709 0.717765
0.471572 0.778069
0.321299 0.535478
0.982391 0.778069
0.686605 0.612415
0.503342 0.548601
0.504105 0.800409
0.448317 0.622791
0.507614 0.811731
0.954802 0.752617
0.686239 0.756157
0.609210 0.852443
0.408734 0.645405
0.555376 0.840114
0.393536 0.817866
0.616138 0.676840
0.631397 0.559130
0.875423 0.654195
0.810968 0.707389
0.529801 0.516495
0.516587 0.872463
0.258705 0.468245
0.377850 0.574541
0.448775 0.659322
0.752647 0.832087
0.539354 0.882962
0.767296 0.645772
0.512680 0.536241
0.367565 0.670980
0.689444 0.679403
0.678793 0.858486
0.280892 0.448347
0.921110 0.783502
0.486465 0.768151
0.577013 0.548845
0.784845 0.737480
0.332804 0.664418
0.602680 0.825220
0.955565 0.782922
0.419843 0.808130
0.809870 0.633290
0.423200 0.526353
0.537919 0.820887
0.896237 0.670858
0.481674 0.747429
0.429243 0.604602
0.590503 0.767876
0.584368 0.686605
0.681570 0.849940
0.386578 0.721030
0.516800 0.697256
0.698935 0.594562
0.563005 0.756676
0.448012 0.667714
0.392590 0.533494
0.368755 0.451247
0.546312 0.528092
0.635609 0.712577
0.798975 0.708487
0.773247 0.654103
0.556352 0.816004
0.436079 0.725181
0.804193 0.708243
0.875820 0.719443
0.826655 0.723136
0.301035 0.488815
0.672658 0.697592
0.454573 0.898770
0.390637 0.699026
0.620777 0.573077
0.507462 0.773858
0.504837 0.656728
0.598956 0.546861
0.953948 0.750969
0.668020 0.587939
0.635853 0.576037
0.484329 0.837580
0.519211 0.661580
0.718406 0.596454
0.337687 0.701224
0.652730 0.725364
0.793268 0.727256
0.789727 0.827845
0.497238 0.700949
0.707297 0.808679
0.791345 0.777276
0.649525 0.816950
0.424635 0.818293
0.505875 0.714286
0.392010 0.873043
0.926908 0.801477
0.988708 0.736015
0.829066 0.724876
0.549242 0.879727
0.956847 0.805383
0.523942 0.802759
0.655202 0.565294
0.458144 0.494186
0.874355 0.717826
0.389386 0.807154
0.669790 0.865169
0.326914 0.611347
0.801935 0.818476
0.383160 0.600360
0.954375 0.742821
0.740532 0.631855
0.877895 0.682913
0.313944 0.618122
0.546709 0.611194
0.493027 0.671590
0.428663 0.845698
0.445814 0.880428
0.488174 0.622089
0.336680 0.514328
0.439558 0.758202
0.462508 0.798242
0.407910 0.613758
0.999634 0.718253
0.554094 0.877529
0.430647 0.770959
0.506119 0.543748
0.441420 0.589007
0.271432 0.468734
0.669301 0.830592
0.366680 0.502853
0.683828 0.692099
0.425764 0.549577
0.668813 0.801782
0.581439 0.800439
0.383343 0.539537
0.517014 0.660512
0.411054 0.807306
0.590869 0.763298
0.457961 0.616535
0.339335 0.580706
0.409894 0.527360
0.471847 0.747337
0.338939 0.557451
0.885159 0.752739
0.506302 0.561937
0.755181 0.661122
0.288522 0.463729
0.677480 0.819697
0.819239 0.710013
0.424909 0.756279
0.749443 0.663289
0.485977 0.654744
0.331187 0.660298
0.313028 0.618000
0.477645 0.863643
0.361492 0.584704
0.966948 0.750359
0.749382 0.791223
0.653371 0.843471
0.943419 0.769311
0.633839 0.603778
0.463027 0.690542
0.788781 0.786370
0.634999 0.793512
0.338572 0.596515
0.357311 0.759148
0.395886 0.796594
0.705710 0.654134
0.516709 0.563738
0.460341 0.564928
0.473006 0.835231
0.560289 0.653523
0.419202 0.849910
0.350352 0.447279
0.904447 0.761589
0.718802 0.603412
0.982208 0.766503
0.384899 0.724876
0.429090 0.855037
0.309244 0.561296
0.573412 0.634175
0.455061 0.599658
0.566424 0.683248
0.852077 0.662679
0.968749 0.799341
0.362743 0.609790
0.465651 0.602863
0.713309 0.620960
0.500778 0.802271
0.345561 0.490829
0.452651 0.643361
0.535783 0.886380
0.885006 0.678793
0.631764 0.596271
0.596118 0.797357
0.671438 0.725913
0.386120 0.531419
0.336467 0.498733
0.304697 0.572741
0.429701 0.763054
0.718619 0.629078
0.794122 0.696646
0.501175 0.539018
0.607746 0.744987
0.613544 0.825617
0.372173 0.666402
0.346416 0.667714
0.357494 0.701651
0.555925 0.596088
0.582934 0.692129
0.657247 0.846217
0.451979 0.590045
0.704611 0.824824
0.299326 0.427503
0.913938 0.755333
0.817042 0.805994
0.570788 0.710379
0.717612 0.755882
0.646107 0.585864
0.755181 0.776788
0.541093 0.629841
0.319315 0.571886
0.459578 0.686056
0.779138 0.701834
0.784448 0.806482
0.311167 0.544969
0.718650 0.716514
0.307566 0.449019
0.826014 0.635792
0.448653 0.794580
0.433790 0.592730
0.345714 0.647237
0.550462 0.631336
0.388867 0.860103
0.378277 0.582812
0.313547 0.529160
0.688681 0.849513
0.969390 0.690817
0.631123 0.828242
0.605090 0.600848
0.800562 0.650380
0.830378 0.652242
0.950011 0.719321
0.454268 0.815363
0.572314 0.870113
0.502518 0.832148
0.450148 0.678213
0.471297 0.593280
0.424177 0.739067
0.677725 0.793390
0.797418 0.807611
0.625172 0.863399
0.592975 0.554186
0.441481 0.690176
0.312143 0.437178
0.281411 0.522965
0.479629 0.499252
0.352672 0.553301
0.744255 0.684835
0.342021 0.636341
0.447157 0.551164
0.485397 0.628742
0.484878 0.854366
0.791070 0.678854
0.464949 0.600970
0.538133 0.618824
0.547838 0.685659
0.284005 0.549547
0.791284 0.644887
0.416883 0.847072
0.318522 0.553148
0.495132 0.640950
0.296335 0.472732
0.674215 0.601184
0.783105 0.817072
0.720359 0.601978
0.639515 0.842494
0.621601 0.792993
0.613086 0.632313
0.483840 0.761681
0.726615 0.683248
0.417554 0.908811
0.790063 0.796258
0.746727 0.749413
0.384594 0.552171
0.972045 0.756767
0.560930 0.710532
0.440657 0.699881
0.632527 0.812616
0.511673 0.676626
0.397168 0.750816
0.433668 0.764061
0.907071 0.797754
0.500137 0.769005
0.640309 0.595202
0.292001 0.494186
0.810144 0.781793
0.385907 0.470016
0.388134 0.633381
0.561907 0.873440
0.558153 0.782952
0.451460 0.854549
0.918638 0.689413
0.393567 0.662343
0.466536 0.729545
0.605670 0.555589
0.765404 0.795770
0.599475 0.753533
0.347087 0.644917
0.689749 0.819391
0.732597 0.697836
0.412885 0.507645
0.322245 0.579730
0.790338 0.833979
0.739555 0.757775
0.985748 0.773705
0.263588 0.423231
0.554827 0.651234
0.906796 0.815088
0.378613 0.642079
0.501267 0.843440
0.922239 0.693594
0.885189 0.707083
0.692495 0.788263
0.614063 0.793054
0.701163 0.684256
0.508683 0.843806
0.951445 0.745781
0.626270 0.610157
0.485031 0.552080
0.339915 0.707511
0.466567 0.614490
0.916379 0.756920
0.368236 0.696890
0.450819 0.547014
0.482315 0.763817
0.387585 0.542497
0.651418 0.816736
0.280923 0.456893
0.395245 0.821772
0.397015 0.868099
0.310678 0.609851
0.618763 0.876247
0.642537 0.644948
0.397534 0.551531
0.566576 0.553545
0.562304 0.567980
0.335673 0.590716
0.426618 0.505203
0.672079 0.570818
0.636036 0.564440
0.635792 0.868404
0.444990 0.547716
0.341319 0.494552
0.423872 0.507828
0.512833 0.679495
0.694113 0.859981
0.637226 0.581439
0.594592 0.563921
0.947569 0.733482
0.394818 0.638020
0.514878 0.779382
0.435072 0.515030
0.433058 0.888119
0.416364 0.881558
0.575518 0.738609
0.674764 0.745811
0.428846 0.902371
0.848079 0.652547
0.639973 0.747551
0.515305 0.530564
0.432539 0.886654
0.876186 0.796899
0.311838 0.494705
0.470138 0.571123
0.424177 0.631428
0.701346 0.813501
0.786493 0.677602
0.642048 0.686514
0.666585 0.826533
0.356273 0.463149
0.492843 0.731407
0.781487 0.770135
0.442000 0.505631
0.990967 0.708457
0.409680 0.728690
0.813135 0.795434
0.645161 0.606098
0.822962 0.695669
0.401898 0.680685
0.466842 0.869564
0.916807 0.739097
0.641774 0.842067
0.682608 0.763665
0.323466 0.644642
0.619251 0.587634
0.687613 0.858303
0.761437 0.708243
0.712180 0.766625
0.556841 0.542650
0.670980 0.575243
0.893399 0.724845
0.621845 0.741417
0.898801 0.737449
0.810480 0.827723
0.988403 0.772485
0.371349 0.480911
0.409619 0.719565
0.370983 0.473037
0.444227 0.568743
0.462447 0.787866
0.867641 0.733207
0.503006 0.550432
0.468062 0.644398
0.501144 0.753624
0.748039 0.799432
0.712699 0.754662
0.459456 0.857356
0.680807 0.619495
0.512406 0.792535
0.854122 0.819544
0.378948 0.508927
0.464339 0.841884
0.724357 0.693350
0.892483 0.722831
0.662008 0.729057
0.365276 0.571459
0.587634 0.622791
0.760735 0.643971
0.665365 0.683218
0.448592 0.851283
0.277413 0.481246
0.722129 0.782891
0.296365 0.549242
0.751305 0.706839
0.895291 0.673696
0.348064 0.559679
0.347209 0.666250
0.551653 0.726035
0.347942 0.671346
0.555406 0.729087
0.415693 0.538255
0.431440 0.851558
0.857295 0.715049
0.584246 0.748344
0.422498 0.695730
0.306894 0.607685
0.679128 0.672811
0.799432 0.814600
0.462966 0.570055
0.525956 0.716788
0.474197 0.638752
0.374676 0.465194
0.584979 0.718955
0.582781 0.849757
0.609210 0.648427
0.626087 0.724296
0.482376 0.498642
0.377300 0.773339
0.509018 0.651387
0.458815 0.881314
0.537736 0.642659
0.463698 0.813776
0.853298 0.814539
0.585009 0.592242
0.411878 0.807337
0.422620 0.577593
0.392926 0.758141
0.992126 0.748680
0.723502 0.787683
0.636647 0.830897
0.994446 0.768426
0.343333 0.700827
0.578173 0.678121
0.528428 0.624256
0.605182 0.731681
0.356090 0.514512
0.398206 0.715354
0.369823 0.725089
0.642262 0.832759
0.475417 0.612751
0.587725 0.630268
0.666250 0.570818
0.690939 0.735771
0.311197 0.580157
0.938810 0.783898
0.405072 0.598132
0.413282 0.557817
0.399915 0.846767
0.340251 0.630970
0.666524 0.605121
0.987884 0.777703
0.454665 0.572375
0.758995 0.779656
0.329752 0.489517
0.726890 0.637745
0.358379 0.697317
0.360149 0.555071
0.479904 0.889126
0.461165 0.577593
0.389386 0.752983
0.507340 0.888882
0.418256 0.572832
0.555925 0.846034
0.297678 0.592273
0.298563 0.542192
0.379955 0.453230
0.556627 0.843715
0.654653 0.599322
0.503281 0.838710
0.855007 0.742210
0.844447 0.738212
0.730644 0.604785
0.743675 0.841975
0.752434 0.717002
0.386181 0.641224
0.488235 0.890530
0.749657 0.823145
0.720511 0.788018
0.640095 0.581469
0.616657 0.768609
0.732383 0.751213
0.631001 0.565111
0.888455 0.762108
0.641041 0.819300
0.342570 0.579760
0.421857 0.799921
0.365551 0.731376
0.538194 0.664724
0.323160 0.499863
0.547533 0.746147
0.855159 0.674734
0.492538 0.560533
0.980895 0.724815
0.586230 0.664541
0.387616 0.756371
0.645253 0.605945
0.434828 0.559709
0.403424 0.859584
0.296823 0.528275
0.492752 0.790918
0.863643 0.773736
0.575976 0.607410
0.519517 0.673574
0.385937 0.767449
0.461257 0.581378
0.355693 0.515122
0.358409 0.562700
0.774621 0.735099
0.430830 0.745567
0.796533 0.668538
0.915464 0.719810
0.562731 0.591296
0.405255 0.494308
0.596149 0.680502
0.364391 0.552019
0.719504 0.641621
0.618580 0.708762
0.407697 0.768975
0.516343 0.659017
0.923399 0.791131
0.356731 0.668538
0.624897 0.637349
0.628559 0.766533
0.780053 0.735038
0.697470 0.719260
0.353282 0.463576
0.707572 0.833888
0.660329 0.757164
0.356883 0.736778
0.360851 0.550432
0.532456 0.538865
0.973937 0.799677
0.415845 0.517624
0.657002 0.844813
0.447890 0.720695
0.588244 0.739433
0.422742 0.742210
0.589160 0.828913
0.733360 0.837916
0.473189 0.792840
0.733360 0.811609
0.352000 0.524674
0.266610 0.443220
0.466750 0.840663
0.529435 0.840999
0.726524 0.811884
0.329844 0.632282
0.491562 0.898740
0.368145 0.449080
0.408460 0.675832
0.367321 0.471664
0.723380 0.696066
0.710410 0.674825
0.855922 0.703116
0.487197 0.821467
0.568926 0.875576
0.625477 0.670431
0.750481 0.697562
0.533311 0.525407
0.573931 0.670827
0.406293 0.828120
0.967528 0.757622
0.909421 0.707877
0.820856 0.725333
0.622425 0.773461
0.690023 0.690023
0.643635 0.756676
0.819819 0.681478
0.347514 0.638661
0.409650 0.801874
0.428236 0.745293
0.503220 0.609516
0.349895 0.486038
0.470779 0.492782
0.607593 0.839412
0.740593 0.836207
0.882809 0.697378
0.945799 0.683248
0.404950 0.671621
0.799280 0.736839
0.741325 0.689474
0.759239 0.783563
0.267373 0.495895
0.854701 0.808741
0.646992 0.565722
0.405011 0.912626
0.632344 0.693014
0.602100 0.580737
0.423139 0.604968
0.570482 0.867183
0.948790 0.784448
0.542344 0.621906
0.778741 0.752586
0.442732 0.835963
0.486526 0.556230
0.739952 0.813410
0.660543 0.703940
0.335398 0.440687
0.440291 0.843562
0.536149 0.605609
0.638813 0.850917
0.428083 0.554216
0.950713 0.701804
0.296060 0.441115
0.900174 0.725394
0.331980 0.474532
0.487381 0.629658
0.298563 0.453444
0.254280 0.445082
0.483108 0.844203
0.860805 0.821131
0.829096 0.633320
0.556566 0.631031
0.496139 0.700491
0.363689 0.451460
0.634388 0.586230
0.395642 0.510056
0.277810 0.411328
0.731529 0.593341
0.437391 0.592730
0.635945 0.763359
0.756127 0.714682
0.342296 0.507706
0.328440 0.438520
0.773400 0.632252
0.388440 0.851527
0.577502 0.623829
0.707999 0.708121
0.304483 0.505295
0.500046 0.661763
0.642262 0.740043
0.405164 0.868343
0.905972 0.727561
0.978454 0.772912
0.799707 0.816370
0.992462 0.734733
0.350047 0.516129
0.518296 0.887631
0.581622 0.793237
0.404279 0.742302
0.940306 0.783685
0.809259 0.651601
0.789666 0.824030
0.377667 0.528794
0.414655 0.521134
0.919645 0.757317
0.666799 0.757591
0.695456 0.582781
0.828822 0.828974
0.503464 0.699881
0.717673 0.655171
0.595202 0.876461
0.478225 0.859706
0.487930 0.801447
0.734642 0.836909
0.413800 0.589373
0.555315 0.530351
0.624897 0.806299
0.333293 0.659261
0.807917 0.771844
0.442671 0.663656
0.627430 0.676565
0.405866 0.902158
0.795526 0.785730
0.526261 0.778069
0.620716 0.666463
0.737236 0.665883
0.369823 0.590503
0.757469 0.775811
0.682943 0.730827
0.753105 0.785699
0.339122 0.701285
0.414472 0.650990
0.612079 0.599506
0.647633 0.664754
0.364452 0.585803
0.940458 0.734031
0.511490 0.767968
0.667501 0.750511
0.717490 0.815394
0.458571 0.493881
0.444563 0.781945
0.432356 0.663717
0.473464 0.890927
0.638081 0.590136
0.795862 0.625538
0.500992 0.837184
0.815577 0.829371
0.666768 0.766778
0.315226 0.586230
0.320078 0.462905
0.766533 0.698416
0.345805 0.616291
0.583392 0.639088
0.396496 0.580004
0.336772 0.464400
0.713767 0.719687
0.338572 0.521897
0.800104 0.759789
0.350475 0.731468
0.556627 0.687094
0.354717 0.509140
0.561266 0.721061
0.726859 0.699026
0.585620 0.882870
0.329356 0.517716
0.763268 0.693136
0.591937 0.797601
0.726798 0.674581
0.536515 0.635090
0.325266 0.568987
0.303110 0.427198
0.408918 0.901364
0.617603 0.874966
0.531175 0.758538
0.633656 0.731986
0.833491 0.767998
0.821253 0.668874
0.919523 0.811487
0.661550 0.713950
0.477248 0.866756
0.800317 0.779412
0.534043 0.837275
0.489212 0.871395
0.821497 0.796167
0.882290 0.682943
0.429609 0.867306
0.372387 0.589282
0.435652 0.600208
0.475967 0.532212
0.706931 0.760460
0.922849 0.742515
0.402295 0.527909
0.349956 0.644520
0.538652 0.620808
0.496292 0.499161
0.378887 0.654866
0.644276 0.590686
0.906095 0.795679
0.396435 0.785119
0.584979 0.552751
0.332591 0.587664
0.612751 0.583636
0.870174 0.760430
0.680654 0.598041
0.465712 0.816828
0.542192 0.649525
0.742698 0.705954
0.303323 0.568957
0.578448 0.531693
0.606647 0.866298
0.420759 0.890316
0.495254 0.887936
0.435377 0.817804
0.436781 0.566393
0.501572 0.694296
0.501267 0.683584
0.596362 0.659536
0.906217 0.705527
0.552599 0.786676
0.345408 0.594043
0.418287 0.540147
0.903439 0.716971
0.728202 0.835841
0.648549 0.567431
0.412397 0.714011
0.613239 0.844417
0.850948 0.764245
0.421186 0.682180
0.575549 0.696310
0.562212 0.526688
0.496384 0.790338
0.370708 0.605976
0.966369 0.698447
0.529862 0.618488
0.653706 0.770196
0.616138 0.860500
0.796655 0.751823
0.375744 0.485885
0.445540 0.674123
0.585223 0.642262
0.385601 0.669271
0.412305 0.685934
0.626057 0.636372
0.687704 0.788812
0.490036 0.822596
0.689383 0.742637
0.477126 0.645100
0.654988 0.833064
0.362621 0.607410
0.797418 0.829463
0.431562 0.490768
0.384320 0.490677
0.427046 0.718741
0.418348 0.906003
0.871334 0.701682
0.626667 0.662984
0.743370 0.789178
0.402387 0.612995
0.507187 0.525834
0.852351 0.661672
0.534715 0.609607
0.391552 0.594958
0.352062 0.571795
0.275674 0.431867
0.401776 0.616260
0.480636 0.572253
0.590564 0.558031
0.382855 0.843226
0.635609 0.722404
0.332804 0.638661
0.968780 0.749382
0.301981 0.482894
0.411481 0.569536
0.553056 0.834529
0.624195 0.626118
0.341075 0.656667
0.307657 0.510453
0.709372 0.826991
0.346385 0.716727
0.555803 0.594043
0.887417 0.728507
0.882626 0.727470
0.532090 0.697012
0.929380 0.759331
0.956572 0.780877
0.350200 0.613575
0.828516 0.674306
0.583666 0.789087
0.571245 0.573321
0.450667 0.679952
0.357036 0.606006
0.255257 0.420148
0.876278 0.673360
0.840754 0.764092
0.661397 0.722282
0.778344 0.780358
0.266793 0.484817
0.424909 0.797967
0.628101 0.682058
0.696188 0.660543
0.455153 0.872494
0.667837 0.827204
0.968841 0.703207
0.387555 0.667623
0.655660 0.747368
0.668477 0.754814
0.753014 0.735313
0.549333 0.684439
0.461135 0.838282
0.766686 0.739891
0.550096 0.671712
0.804590 0.684011
0.589801 0.669851
0.871181 0.769890
0.464522 0.850520
0.511948 0.793878
0.721671 0.798700
0.494186 0.564714
0.574206 0.542344
0.434919 0.856014
0.391064 0.852046
0.407025 0.732292
0.655934 0.635487
0.609638 0.742485
0.441237 0.821955
0.297708 0.515854
0.269845 0.470382
0.408429 0.576098
0.794183 0.619526
0.293588 0.488510
0.943358 0.779992
0.407300 0.902707
0.366436 0.490341
0.757073 0.669607
0.359142 0.641011
0.601184 0.872250
0.688101 0.798883
0.912198 0.803430
0.980468 0.715293
0.437391 0.534715
0.905087 0.774651
0.478744 0.638508
0.397717 0.517777
0.449660 0.535081
0.276803 0.416028
0.454512 0.527451
0.571612 0.551683
0.580615 0.598895
0.700125 0.745537
0.606342 0.818537
0.428938 0.814234
0.359569 0.498367
0.413984 0.498154
0.978423 0.742088
0.293588 0.452956
0.588031 0.850764
0.824732 0.737846
0.495560 0.523972
0.550462 0.818751
0.421400 0.538926
0.252205 0.405774
0.696585 0.799615
0.509110 0.655812
0.793725 0.704154
0.850154 0.763878
0.572130 0.572802
0.809412 0.809687
0.747307 0.810144
0.841273 0.678426
0.804956 0.685385
0.247780 0.430128
0.994446 0.787500
0.836207 0.665487
0.295572 0.476119
0.734245 0.601123
0.470595 0.544786
0.371044 0.557268
0.483963 0.880154
0.334178 0.641865
0.519211 0.699210
0.515885 0.817896
0.611988 0.781121
0.378552 0.746666
0.973449 0.760521
0.759514 0.794641
0.529344 0.550676
0.650624 0.581317
0.412641 0.827265
0.863399 0.704398
0.356578 0.760582
0.821863 0.821009
0.839076 0.815271
0.749351 0.658681
0.735466 0.664480
0.804621 0.624928
0.693869 0.625111
0.375561 0.644948
0.357982 0.682791
0.939085 0.747307
0.838893 0.642140
0.556902 0.552080
0.358867 0.761528
0.894864 0.687613
0.588885 0.780969
0.357463 0.565325
0.643147 0.800684
0.557756 0.635914
0.602344 0.553056
0.408002 0.584002
0.516617 0.540635
0.338084 0.711722
0.341197 0.683309
0.350810 0.481094
0.441542 0.571764
0.653737 0.576464
0.601856 0.667898
0.756493 0.770013
0.797723 0.648305
0.634114 0.764489
0.338755 0.477798
0.899289 0.765831
0.423750 0.528459
0.553362 0.607471
0.701956 0.635792
0.423475 0.912259
0.485702 0.864315
0.823603 0.673330
0.478805 0.901578
0.803491 0.668386
0.338389 0.514298
0.615680 0.694723
0.564928 0.834956
0.621265 0.759362
0.603381 0.592730
0.390912 0.677358
0.497269 0.881375
0.937071 0.712851
0.746574 0.645405
0.559801 0.783349
0.551958 0.644978
0.517594 0.696005
0.949217 0.704306
0.534074 0.848872
0.777093 0.805506
0.726676 0.592059
0.430311 0.911039
0.488052 0.691275
0.405622 0.854823
0.459181 0.541002
0.703452 0.666433
0.640828 0.610981
0.415937 0.507462
0.493057 0.767663
0.508194 0.569445
0.655904 0.740715
0.529832 0.648793
0.882595 0.778863
0.638600 0.694357
0.431898 0.739097
0.615650 0.587024
0.657979 0.663839
0.627308 0.713889
0.643422 0.775750
0.489456 0.814020
0.532273 0.714408
0.492477 0.753410
0.361919 0.581957
0.516861 0.605243
0.680837 0.583911
0.428846 0.761162
0.671377 0.742149
0.794122 0.730003
0.445723 0.560869
0.777032 0.810236
0.520554 0.564501
0.452132 0.666707
0.450117 0.754570
0.380535 0.474899
0.501114 0.693319
0.394116 0.690329
0.777215 0.822138
0.825953 0.685202
0.645222 0.780175
0.354961 0.613483
0.417432 0.903867
0.470809 0.714682
0.493759 0.823847
0.414228 0.583331
0.555254 0.616138
0.805475 0.670980
0.425123 0.676260
0.385846 0.461837
0.609363 0.846309
0.389416 0.653371
0.477096 0.852748
0.604175 0.726096
0.664541 0.646199
0.880886 0.676901
0.539201 0.803064
0.853786 0.819758
0.823420 0.704764
0.394971 0.597461
0.552660 0.793268
0.356609 0.628864
0.649739 0.862545
0.530595 0.818781
0.417066 0.492508
0.401776 0.541643
0.788965 0.657918
0.909055 0.724174
0.837764 0.663564
0.656697 0.854884
0.754784 0.733451
0.508499 0.541917
0.411573 0.771905
0.753136 0.816797
0.549150 0.650990
0.956633 0.693350
0.861202 0.827174
0.659322 0.780786
0.638447 0.672231
0.539903 0.559709
0.426710 0.914609
0.545488 0.586779
0.723258 0.701865
0.364391 0.473647
0.856136 0.718497
0.385022 0.617237
0.562853 0.736869
0.461379 0.788324
0.367260 0.453627
0.808771 0.832484
0.372662 0.632435
0.258034 0.454268
0.792688 0.807459
0.706839 0.735710
0.627918 0.584277
0.453566 0.489486
0.373699 0.475112
0.404645 0.819758
0.627186 0.597064
0.759941 0.687887
0.315043 0.479354
0.560930 0.803125
0.870449 0.815424
0.820887 0.737022
0.305857 0.563890
0.809473 0.635945
0.733665 0.839228
0.889126 0.786035
0.791467 0.678701
0.642476 0.585620
0.395917 0.642811
0.667531 0.774651
0.314249 0.533830
0.934660 0.696432
0.483840 0.767510
0.867916 0.736808
0.902127 0.785180
0.689749 0.849239
0.505051 0.862697
0.769951 0.763756
0.240364 0.400983
0.833888 0.650533
0.868618 0.758171
0.367779 0.626453
0.834071 0.690420
0.490829 0.722861
0.630207 0.725761
0.821802 0.824305
0.440260 0.893460
0.616413 0.742241
0.432447 0.890774
0.614124 0.640248
0.346385 0.536973
0.510331 0.856807
0.655416 0.637593
0.831538 0.764397
0.396680 0.640278
0.847530 0.648976
0.412183 0.888241
0.703543 0.725486
0.348094 0.529221
0.676992 0.638142
0.625752 0.735252
0.936033 0.730033
0.743828 0.647481
0.572283 0.553301
0.466689 0.711051
0.876919 0.738212
0.719199 0.625629
0.811121 0.721244
0.269173 0.504685
0.516984 0.752953
0.434126 0.556322
0.900601 0.704245
0.414258 0.815790
0.696310 0.822443
0.459029 0.494705
0.355144 0.697592
0.455123 0.780602
0.863948 0.746879
0.344951 0.704123
0.454451 0.643574
0.428236 0.644307
0.348033 0.650777
0.370525 0.565905
0.528916 0.554216
0.630940 0.780725
0.442000 0.579821
0.361095 0.478988
0.738456 0.698019
0.388958 0.455885
0.653768 0.574419
0.801691 0.831843
0.390515 0.680502
0.415601 0.604389
0.676931 0.634022
0.438734 0.481063
0.418470 0.669271
0.916868 0.739433
0.872188 0.730766
0.710288 0.628773
0.611896 0.794580
0.433241 0.773797
0.457137 0.596332
0.703452 0.695212
0.632344 0.845027
0.999573 0.704611
0.611194 0.726829
0.394177 0.626301
0.896847 0.676199
0.648122 0.626637
0.531968 0.851619
0.589282 0.715659
0.674795 0.595996
0.471175 0.748924
0.486862 0.553789
0.456679 0.603900
0.737297 0.611499
0.446455 0.865322
0.448256 0.848292
0.809595 0.794733
0.721519 0.783654
0.531968 0.873135
0.420972 0.574633
0.393689 0.609272
0.457808 0.594745
0.775079 0.824519
0.450789 0.896786
0.507889 0.658834
0.671255 0.757286
0.956694 0.761437
0.786218 0.835566
0.287271 0.512162
0.559191 0.682180
0.452773 0.757469
0.644917 0.773247
0.996094 0.717551
0.534837 0.872768
0.979949 0.751640
0.522263 0.847194
0.781091 0.746239
0.733268 0.637013
0.527970 0.551866
0.379559 0.728996
0.701285 0.650258
0.769524 0.748161
0.424390 0.682913
0.771752 0.777367
0.420423 0.690634
0.469344 0.524155
0.518937 0.554918
0.585833 0.770898
0.721397 0.782952
0.379040 0.715293
0.513688 0.562853
0.868587 0.693808
0.428144 0.790796
0.357677 0.578326
0.465651 0.881039
0.909726 0.701010
0.284585 0.457808
0.952513 0.682913
0.958068 0.772485
0.514817 0.815699
0.918973 0.802240
0.683126 0.778466
0.474990 0.562334
0.366649 0.628407
0.564928 0.675893
0.682852 0.613392
0.562151 0.782342
0.579363 0.687063
0.733268 0.604572
0.483261 0.584338
0.426954 0.654927
0.695669 0.828700
0.457045 0.594836
0.502945 0.545549
0.473495 0.728874
0.571001 0.662435
0.908933 0.817469
0.798242 0.763543
0.557237 0.583026
0.253792 0.420087
0.676687 0.841304
0.583056 0.706778
0.625172 0.848445
0.946806 0.679281
0.518479 0.545152
0.558519 0.646290
0.550493 0.815424
0.581500 0.547533
0.360790 0.617084
0.367870 0.557268
0.514847 0.809137
0.448347 0.521317
0.515122 0.637318
0.577471 0.644978
0.690054 0.820978
0.648366 0.806940
0.831721 0.790613
0.386486 0.648061
0.953673 0.710776
0.752953 0.626667
0.338267 0.632069
0.310373 0.551805
0.663076 0.567034
0.876278 0.744926
0.934111 0.768853
0.714286 0.680074
0.751976 0.847194
0.833613 0.739158
0.546709 0.587481
0.605884 0.676931
0.430830 0.750725
0.555132 0.735435
0.512162 0.845882
0.827601 0.781304
0.373241 0.681692
0.353435 0.636372
0.603748 0.542253
0.640187 0.687735
0.327708 0.496933
0.497208 0.855037
0.775750 0.807855
0.633412 0.648183
0.614460 0.749046
0.539720 0.666311
0.577532 0.811884
0.433424 0.689352
0.565538 0.593310
0.804102 0.631184
0.398602 0.845241
0.427503 0.735710
0.737388 0.721854
0.360607 0.655599
0.673605 0.800897
0.827082 0.744774
0.424787 0.733726
0.476760 0.613086
0.521348 0.572924
0.261086 0.482711
0.546709 0.834071
0.741020 0.850368
0.389264 0.593127
0.742180 0.602283
0.591540 0.676138
0.481643 0.738304
0.402173 0.889218
0.508957 0.852046
0.422834 0.535661
0.347056 0.493606
0.588610 0.571856
0.791742 0.841517
0.409253 0.519242
0.597003 0.875637
0.420942 0.750328
0.561510 0.716330
0.773583 0.837031
0.385235 0.783898
0.526688 0.893399
0.674734 0.830683
0.378246 0.807886
0.527879 0.767235
0.756829 0.830988
0.488662 0.634449
0.421125 0.789941
0.415418 0.862392
0.916227 0.744133
0.622211 0.870937
0.706961 0.766137
0.837886 0.728721
0.771264 0.757317
0.455336 0.877834
0.293710 0.504044
0.279031 0.534654
0.345378 0.723563
0.875729 0.817560
0.601032 0.691183
0.553392 0.674642
0.860561 0.680654
0.694449 0.619739
0.347575 0.580920
0.668538 0.807031
0.556658 0.609394
0.351543 0.618702
0.371990 0.755852
0.436537 0.850673
0.608386 0.599811
0.501999 0.894528
0.769646 0.671102
0.495560 0.541002
0.535905 0.549120
0.562548 0.633747
0.725730 0.686514
0.758385 0.651173
0.945311 0.734672
0.463240 0.515061
0.723655 0.620472
0.581835 0.772881
0.661214 0.627949
0.480422 0.863918
0.961608 0.708670
0.510422 0.608661
0.556169 0.818995
0.524522 0.858852
0.706473 0.591754
0.906949 0.683615
0.630360 0.682058
0.569292 0.700705
0.483474 0.882839
0.354320 0.464431
0.358776 0.505936
0.701224 0.720145
0.670492 0.571947
0.803430 0.641377
0.524430 0.570757
0.618946 0.713736
0.353435 0.554918
0.475295 0.620716
0.387524 0.574541
0.404645 0.471206
0.482833 0.498672
0.332163 0.493484
0.599231 0.647542
0.345714 0.525895
0.598773 0.803369
0.590289 0.577654
0.560198 0.723533
0.566240 0.543413
0.774712 0.726066
0.728996 0.852046
0.897610 0.699484
0.689322 0.576556
0.683218 0.826136
0.410321 0.769524
0.341227 0.501694
0.721610 0.754357
0.573321 0.750847
0.976043 0.690695
0.424238 0.481033
0.367840 0.547136
0.446516 0.529527
0.592242 0.616779
0.765923 0.743980
0.653127 0.566759
0.620014 0.748314
0.919614 0.759911
0.392926 0.526322
0.440199 0.548173
0.669698 0.751671
0.803522 0.691671
0.585040 0.664541
0.423139 0.595630
0.938353 0.754540
0.554521 0.789911
0.343913 0.672475
0.728782 0.790277
0.816889 0.673757
0.584704 0.708731
0.429792 0.893948
0.271798 0.414594
0.551103 0.618519
0.428938 0.862941
0.371014 0.720695
0.365154 0.776482
0.660939 0.582293
0.993377 0.792840
0.975219 0.733879
0.558000 0.755913
0.387829 0.841395
0.392956 0.575274
0.295907 0.494797
0.510239 0.779260
0.754784 0.691061
0.341990 0.543535
0.534989 0.576525
0.491592 0.865078
0.973266 0.766564
0.426557 0.486587
0.460921 0.845637
0.707602 0.654897
0.968810 0.793817
0.746086 0.613422
0.509690 0.556780
0.333506 0.439497
0.696890 0.740501
0.553697 0.882504
0.493759 0.649678
0.530320 0.655141
0.939665 0.707205
0.472762 0.580401
0.544267 0.841243
0.492935 0.514878
0.912931 0.682394
0.521714 0.554430
0.511216 0.643635
0.368450 0.704093
0.724509 0.729026
0.560961 0.851711
0.509781 0.876797
0.566271 0.725059
0.668935 0.634022
0.601276 0.709006
0.537095 0.605243
0.457442 0.784387
0.676504 0.752464
0.278787 0.432478
0.753563 0.848323
0.399976 0.520249
0.917478 0.786523
0.337596 0.556413
0.680837 0.776635
0.973113 0.740165
0.758721 0.620563
0.609699 0.605518
0.479934 0.503555
0.550859 0.788415
0.280374 0.503464
0.823603 0.793878
0.508530 0.888424
0.636616 0.853114
0.763207 0.706687
0.492019 0.761803
0.358043 0.682394
0.303293 0.478652
0.614460 0.671926
0.546800 0.646931
0.609424 0.549608
0.586688 0.584338
0.730155 0.702017
0.798120 0.659352
0.531755 0.628193
0.431440 0.550218
0.682943 0.649281
0.786279 0.746696
0.580218 0.688742
0.745293 0.688742
0.386670 0.786309
0.872402 0.807672
0.791559 0.820551
0.528123 0.577715
0.603595 0.753929
0.649373 0.657552
0.473037 0.755882
0.470901 0.880978
0.831324 0.699759
0.475478 0.783532
0.959044 0.685446
0.781060 0.769280
0.534623 0.630146
0.445357 0.851741
0.473251 0.732292
0.635395 0.826777
0.455977 0.517197
0.649007 0.699362
0.356548 0.572253
0.377117 0.828578
0.423872 0.548357
0.400159 0.707083
0.732261 0.714774
0.613147 0.711753
0.540178 0.666097
0.406232 0.582690
0.406873 0.660939
0.759270 0.812525
0.668813 0.753929
0.423902 0.720420
0.461653 0.604328
0.588549 0.785363
0.416395 0.479934
0.649037 0.585681
0.485580 0.593219
0.495041 0.886105
0.905850 0.709067
0.485000 0.533097
0.309519 0.427808
0.342784 0.500900
0.522019 0.683370
0.476302 0.781182
0.366985 0.598590
0.483413 0.799646
0.528123 0.870602
0.543596 0.773675
0.934629 0.679769
0.396802 0.780786
0.457137 0.666799
0.543931 0.781732
0.674245 0.756432
0.828242 0.696768
0.497269 0.650349
0.667165 0.835536
0.626179 0.606983
0.693442 0.837764
0.482650 0.614704
0.384655 0.697317
0.428114 0.736137
0.358104 0.603229
0.841243 0.773034
0.615497 0.574084
0.607410 0.696066
0.468093 0.893063
0.330149 0.577837
0.573473 0.623920
0.423566 0.908933
0.817255 0.764885
0.442579 0.568468
0.408673 0.585894
0.440504 0.903378
0.907102 0.805170
0.670492 0.802881
0.402692 0.859615
0.479629 0.875484
0.340587 0.646962
0.812616 0.626057
0.336711 0.461226
0.378582 0.741295
0.683279 0.696371
0.384442 0.833613
0.622272 0.643880
0.433454 0.501541
0.917051 0.700156
0.541520 0.867550
0.630879 0.763268
0.646046 0.844874
0.447920 0.518815
0.287484 0.546983
0.681356 0.636891
0.798151 0.771447
0.791437 0.798151
0.419385 0.607410
0.467574 0.556169
0.875576 0.778619
0.663167 0.771416
0.818567 0.793237
0.453902 0.603412
0.783624 0.700064
0.418195 0.782128
0.697684 0.721946
0.297769 0.487136
0.674368 0.760582
0.658467 0.564043
0.527482 0.545396
0.420698 0.546098
0.589282 0.631306
0.761864 0.723258
0.474563 0.658834
0.685873 0.767052
0.420240 0.487075
0.543474 0.799615
0.475112 0.760918
0.767266 0.787408
0.884610 0.727683
0.590625 0.657094
0.377697 0.761803
0.575793 0.690329
0.303842 0.432020
0.299448 0.590045
0.720542 0.798334
0.790643 0.719169
0.395123 0.592059
0.685141 0.687826
0.293680 0.494064
0.833430 0.804437
0.918271 0.807520
0.397595 0.664235
0.445997 0.870449
0.309122 0.438368
0.466292 0.714225
0.501907 0.562670
0.875576 0.677358
0.630116 0.684347
0.415937 0.845698
0.993316 0.746117
0.616230 0.623127
0.396466 0.533372
0.605274 0.601032
0.385876 0.653462
0.365947 0.665242
0.792199 0.764275
0.609699 0.663320
0.470260 0.696493
0.282601 0.476485
0.778863 0.730003
0.445143 0.755058
0.450545 0.839595
0.868221 0.819544
0.777306 0.795068
0.533647 0.872768
0.327067 0.665548
0.897885 0.677755
0.864345 0.797235
0.460555 0.891781
0.784478 0.726676
0.883663 0.730552
0.540483 0.748741
0.739921 0.832026
0.993286 0.711936
0.742698 0.693228
0.324259 0.664998
0.696158 0.745628
0.875759 0.691336
0.624104 0.775231
0.587268 0.549760
0.713218 0.631001
0.357677 0.670858
0.847987 0.784478
0.395703 0.662740
