500
0.083346 0.157231
0.219520 0.828791
0.168737 0.477218
0.073244 0.004700
0.588794 0.895993
0.136662 0.083102
0.589801 0.058535
0.105258 0.847865
0.135166 0.083529
0.557543 0.376995
0.097964 0.185614
0.305277 0.895749
0.924680 0.072695
0.357982 0.149327
0.827479 0.155522
0.026734 0.518326
0.213599 0.660268
0.095401 0.846889
0.774743 0.885372
0.048067 0.044435
0.196997 0.028871
0.021516 0.007843
0.368480 0.190588
0.923948 0.889981
0.698325 0.040071
0.555651 0.362468
0.453230 0.432051
0.888150 0.404065
0.157323 0.645405
0.485000 0.261269
0.483047 0.258644
0.783288 0.224830
0.644581 0.280496
0.802026 0.105228
0.624989 0.179418
0.469405 0.356182
0.075655 0.328013
0.187811 0.710471
0.037904 0.061190
0.248329 0.388226
0.948332 0.578387
0.508469 0.502792
0.929350 0.631733
0.447218 0.126713
0.527970 0.051454
0.159398 0.758599
0.384808 0.050630
0.471938 0.295022
0.035127 0.276070
0.401288 0.285714
0.939726 0.293649
0.070620 0.363628
0.692434 0.343822
0.192511 0.588763
0.019959 0.026124
0.129154 0.892605
0.267006 0.579211
0.551317 0.490432
0.862056 0.414289
0.012146 0.333201
0.912595 0.299570
0.620075 0.990936
0.050813 0.345470
0.497391 0.324290
0.165349 0.625629
0.948363 0.408216
0.628742 0.014039
0.421827 0.014557
0.044618 0.115055
0.165685 0.497147
0.007660 0.385296
0.411145 0.989898
0.387799 0.982604
0.759941 0.460982
0.603687 0.902371
0.932920 0.240791
0.080844 0.882351
0.174474 0.723624
0.754082 0.265175
0.515671 0.138981
0.466445 0.426405
0.792261 0.930631
0.417707 0.022736
0.189978 0.697897
0.775567 0.347209
0.891568 0.960662
0.707144 0.926176
0.434187 0.293283
0.241096 0.494949
0.843715 0.833247
0.157262 0.607440
0.589373 0.348888
0.346507 0.848689
0.755821 0.094668
0.455733 0.235023
0.823054 0.241920
0.055116 0.049959
0.109836 0.112888
0.532273 0.495804
0.918424 0.276833
0.124943 0.903653
0.818690 0.159642
0.860561 0.140660
0.989196 0.364849
0.010865 0.643757
0.861843 0.868587
0.052370 0.853542
0.214301 0.771783
0.978607 0.868618
0.723258 0.916898
0.568621 0.899442
0.597339 0.287606
0.799829 0.208777
0.560442 0.023347
0.820856 0.150243
0.654073 0.193487
0.342112 0.337107
0.304361 0.221198
0.250496 0.723533
0.407147 0.336772
0.240547 0.048494
0.775353 0.517167
0.901242 0.291086
0.883663 0.154912
0.687796 0.068392
0.431776 0.997223
0.320078 0.836543
0.611469 0.029145
0.096103 0.799921
0.855220 0.297891
0.947386 0.031648
0.537553 0.028291
0.176733 0.431471
0.380963 0.449477
0.818781 0.509354
0.973388 0.680593
0.275430 0.017762
0.721885 0.886196
0.853969 0.196814
0.044343 0.529252
0.524979 0.088473
0.952055 0.528611
0.605884 0.064577
0.568834 0.078494
0.991516 0.898587
0.822626 0.864315
0.135929 0.335643
0.701102 0.257302
0.491958 0.995636
0.352000 0.075076
0.380383 0.345134
0.396313 0.144200
0.482894 0.359844
0.629688 0.879330
0.169225 0.034211
0.181738 0.171331
0.427076 0.923338
0.333201 0.840754
0.307382 0.837611
0.262612 0.022187
0.894833 0.556841
0.029450 0.840663
0.404889 0.163396
0.564623 0.525742
0.019837 0.681875
0.932279 0.963469
0.547533 0.187872
0.641102 0.186316
0.927549 0.611957
0.218848 0.764794
0.485488 0.372448
0.690939 0.917844
0.828211 0.409528
0.971862 0.134922
0.288400 0.821223
0.978973 0.529649
0.311136 0.005188
0.002380 0.737144
0.169286 0.003418
0.746818 0.915555
0.303934 0.681051
0.744713 0.003388
0.274453 0.631825
0.612049 0.322459
0.313608 0.245857
0.462844 0.945677
0.280557 0.745537
0.344523 0.251106
0.804743 0.975616
0.038087 0.357158
0.788537 0.531236
0.084719 0.903195
0.039888 0.267190
0.932371 0.617878
0.117222 0.242409
0.267800 0.249428
0.634632 0.878018
0.843501 0.867397
0.512772 0.491409
0.113193 0.167974
0.963256 0.038026
0.913938 0.039735
0.739280 0.897366
0.689810 0.902493
0.824091 0.891659
0.158116 0.552232
0.056764 0.543291
0.258492 0.771691
0.206519 0.626789
0.747612 0.071993
0.043794 0.777154
0.679128 0.022248
0.280526 0.837672
0.086062 0.334666
0.846980 0.316660
0.045595 0.471633
0.774438 0.365062
0.173132 0.466964
0.165258 0.529649
0.962584 0.874325
0.641774 0.928495
0.509598 0.316965
0.119114 0.910459
0.831355 0.019501
0.596057 0.962371
0.812464 0.980224
0.036195 0.572649
0.203162 0.032929
0.556780 0.914151
0.983703 0.177313
0.942381 0.472121
0.319834 0.230842
0.340007 0.372082
0.038423 0.727836
0.165960 0.117313
0.611927 0.144078
0.813623 0.565264
0.855342 0.372936
0.087832 0.346568
0.281838 0.259926
0.836390 0.144841
0.034852 0.833735
0.408490 0.171941
0.712851 0.213050
0.993591 0.358715
0.992431 0.856441
0.611255 0.880154
0.252174 0.763421
0.090243 0.501724
0.028840 0.056917
0.962249 0.324076
0.365947 0.275674
0.729820 0.011017
0.854732 0.604968
0.980560 0.064150
0.414289 0.365154
0.596179 0.889950
0.043794 0.340587
0.629139 0.376843
0.756279 0.331889
0.218726 0.950987
0.374493 0.348064
0.879818 0.872158
0.371075 0.413648
0.059389 0.578478
0.853023 0.007385
0.271798 0.623402
0.651143 0.269112
0.587420 0.305216
0.550859 0.241401
0.513901 0.284555
0.846248 0.125492
0.138462 0.816309
0.980956 0.953581
0.727470 0.521378
0.719932 0.101779
0.949889 0.370830
0.398022 0.058992
0.509934 0.370769
0.101962 0.603656
0.879513 0.135685
0.892331 0.858913
0.313761 0.193426
0.397107 0.031129
0.379376 0.205023
0.560625 0.476180
0.675527 0.908414
0.818506 0.167730
0.095035 0.791314
0.536668 0.191748
0.013489 0.511032
0.658864 0.207739
0.343181 0.812738
0.218451 0.533464
0.997223 0.023713
0.596271 0.039369
0.330912 0.159703
0.731986 0.169012
0.834620 0.461928
0.545183 0.387524
0.120823 0.029969
0.805017 0.983734
0.402600 0.381909
0.793329 0.445570
0.840907 0.281961
0.528336 0.228370
0.866787 0.067537
0.622669 0.468947
0.943693 0.333720
0.655873 0.907559
0.913633 0.865383
0.389416 0.017945
0.027131 0.056703
0.071566 0.391491
0.812433 0.485305
0.926847 0.920377
0.389172 0.923215
0.133915 0.660634
0.312326 0.036317
0.203345 0.055818
0.826044 0.868130
0.177282 0.962432
0.912168 0.319071
0.315653 0.216285
0.715751 0.495529
0.174871 0.021699
0.503677 0.458785
0.485549 0.943388
0.812586 0.406018
0.942778 0.813807
0.860775 0.125889
0.963469 0.824152
0.440687 0.222663
0.892026 0.361126
0.453383 0.384289
0.127232 0.110080
0.751793 0.125767
0.397168 0.031312
0.398511 0.143712
0.900540 0.554857
0.612079 0.496414
0.825282 0.943358
0.624409 0.927885
0.119663 0.311502
0.713034 0.240883
0.969451 0.819575
0.745415 0.288553
0.948668 0.845271
0.750999 0.415510
0.936399 0.376843
0.021027 0.277078
0.545701 0.368267
0.127964 0.470717
0.164342 0.655782
0.751183 0.396069
0.247749 0.094638
0.564440 0.974853
0.231208 0.658895
0.154210 0.892575
0.857265 0.322001
0.657277 0.544572
0.214789 0.494797
0.061831 0.584460
0.510910 0.252022
0.956938 0.088260
0.363720 0.805780
0.104892 0.112674
0.998077 0.443281
0.820490 0.999023
0.687033 0.990967
0.515671 0.239814
0.723807 0.388012
0.290597 0.666280
0.481765 0.129032
0.641652 0.033052
0.623585 0.299509
0.328471 0.195685
0.524949 0.423566
0.530931 0.911924
0.821436 0.950621
0.444533 0.454451
0.040986 0.658620
0.495895 0.948302
0.094302 0.458632
0.300638 0.081606
0.352336 0.808191
0.017640 0.988678
0.139622 0.873165
0.217017 0.469008
0.857753 0.057649
0.458754 0.455397
0.867824 0.503433
0.695425 0.866482
0.752281 0.358348
0.868343 0.497879
0.198645 0.624531
0.415571 0.136753
0.997803 0.406751
0.247566 0.532151
0.031831 0.960356
0.928922 0.151250
0.429579 0.269723
0.690176 0.207312
0.017212 0.913022
0.520249 0.501755
0.586474 0.427595
0.705832 0.028565
0.930174 0.099826
0.015961 0.346934
0.424970 0.447188
0.310465 0.957518
0.725303 0.537065
0.531053 0.436537
0.031892 0.888028
0.160192 0.020631
0.342021 0.369915
0.778924 0.852199
0.056490 0.193518
0.151616 0.120457
0.745628 0.243324
0.225837 0.565844
0.040040 0.564074
0.349010 0.171789
0.681417 0.104923
0.554979 0.273751
0.422132 0.124821
0.887265 0.546709
0.695059 0.918729
0.592547 0.395489
0.093081 0.954009
0.980987 0.199499
0.760369 0.584216
0.626087 0.362194
0.863002 0.849727
0.072115 0.407483
0.242836 0.164953
0.756157 0.483749
0.454176 0.480209
0.043886 0.676901
0.064150 0.432783
0.927366 0.536424
0.248573 0.540574
0.740226 0.331797
0.232978 0.259072
0.219825 0.036348
0.542650 0.499374
0.672506 0.112461
0.146489 0.786889
0.725791 0.566790
0.178564 0.024537
0.232917 0.719993
0.368938 0.251259
0.137883 0.314127
0.239937 0.994018
0.175329 0.405805
0.576037 0.425275
0.463149 0.096103
0.947233 0.674673
0.557817 0.488754
0.124210 0.924589
0.928220 0.628742
0.117008 0.210089
0.774133 0.500961
0.717338 0.416242
0.159856 0.255074
0.949553 0.550493
0.321268 0.908567
0.085849 0.322001
0.053163 0.809809
0.191870 0.493881
0.837184 0.250130
0.610065 0.452101
0.505844 0.069430
0.311075 0.968169
0.813349 0.441237
0.728721 0.868007
0.239784 0.344096
0.218818 0.566179
0.863155 0.872768
0.214728 0.161229
0.272713 0.694174
0.948424 0.829951
0.771752 0.339091
0.046541 0.258431
0.179785 0.447188
0.942717 0.886776
0.291696 0.279214
0.613361 0.157292
0.676870 0.135990
0.836695 0.040284
0.926420 0.284585
0.138432 0.357524
0.160741 0.462752
0.777886 0.375469
0.739067 0.391278
0.322855 0.874722
0.645833 0.153447
0.364452 0.439253
0.862514 0.836909
0.120273 0.333628
