500
0.765404 0.836116
0.836879 0.680624
0.475509 0.782037
0.584521 0.759789
0.605945 0.724082
0.371929 0.741111
0.715201 0.706137
0.466109 0.729606
0.583758 0.762658
0.475784 0.664602
0.345561 0.590442
0.393231 0.727226
0.602863 0.860469
0.346049 0.676229
0.743492 0.702750
0.985534 0.716422
0.763573 0.829218
0.756951 0.748314
0.458357 0.532975
0.422926 0.727683
0.975951 0.729087
0.694937 0.579974
0.879971 0.717063
0.683370 0.747490
0.505295 0.647694
0.590533 0.854549
0.586138 0.778344
0.754906 0.665181
0.532548 0.886074
0.451064 0.735252
0.461074 0.642842
0.414716 0.901730
0.401868 0.629383
0.577898 0.703696
0.922147 0.759758
0.471084 0.508988
0.752770 0.771996
0.693930 0.721702
0.392865 0.576220
0.412000 0.789880
0.645070 0.758934
0.732536 0.799341
0.480056 0.566546
0.411512 0.611225
0.410504 0.753685
0.570299 0.733940
0.295083 0.479507
0.405438 0.624104
0.428602 0.644887
0.457533 0.683554
0.532090 0.785974
0.885037 0.747551
0.476272 0.527848
0.587878 0.870113
0.704550 0.746727
0.451827 0.534471
0.621998 0.729057
0.894162 0.765618
0.711051 0.608722
0.976226 0.732963
0.692740 0.781549
0.361278 0.599750
0.388256 0.858119
0.735405 0.632862
0.543931 0.744591
0.456618 0.828883
0.329234 0.628620
0.544572 0.686972
0.414014 0.662343
0.432386 0.523423
0.467177 0.734397
0.460250 0.892972
0.662984 0.796503
0.484664 0.582263
0.342906 0.630573
0.400220 0.850398
0.720298 0.833491
0.990265 0.773247
0.435896 0.600543
0.317392 0.577715
0.725883 0.820185
0.956389 0.767388
0.504624 0.817713
0.867794 0.658528
0.730399 0.792047
0.501267 0.682882
0.735069 0.712790
0.406964 0.728904
0.526353 0.624317
0.626118 0.807093
0.536699 0.649403
0.384198 0.760247
0.511368 0.589099
0.499863 0.892941
0.614856 0.587329
0.429456 0.896359
0.559618 0.637196
0.574877 0.812525
0.614399 0.625172
0.740684 0.743187
0.511887 0.793786
0.797082 0.738029
0.825098 0.756676
0.326670 0.520371
0.720786 0.680136
0.398938 0.884945
0.743706 0.705985
0.497360 0.897549
0.420789 0.672170
0.266121 0.473403
0.398328 0.661275
0.803858 0.659108
0.569140 0.688498
0.445509 0.836024
0.281686 0.468947
0.471908 0.686300
0.954985 0.701956
0.666128 0.567858
0.774468 0.792169
0.542467 0.616565
0.741905 0.831843
0.263314 0.438795
0.591571 0.646931
0.803919 0.625080
0.405835 0.809229
0.735862 0.734855
0.711783 0.589862
0.540239 0.715598
0.307505 0.445296
0.413526 0.699850
0.501083 0.729637
0.808832 0.791711
0.420484 0.562822
0.542405 0.580828
0.547472 0.884487
0.664907 0.777917
0.726096 0.660268
0.463576 0.718680
0.306589 0.536454
0.753410 0.757286
0.780480 0.688253
0.435133 0.779321
0.510117 0.617481
0.322306 0.463424
0.605487 0.814997
0.432569 0.480514
0.674001 0.784051
0.969634 0.799219
0.655995 0.638234
0.708487 0.690634
0.513443 0.556383
0.554155 0.750481
0.827082 0.631428
0.898618 0.681326
0.767571 0.623341
0.378338 0.599414
0.497726 0.809565
0.575213 0.826777
0.970977 0.708365
0.898068 0.736381
0.322550 0.570299
0.389050 0.660054
0.380444 0.503769
0.286477 0.477218
0.424482 0.859767
0.513627 0.525651
0.973388 0.796625
0.600085 0.657857
0.731162 0.805475
0.574633 0.775781
0.951842 0.805963
0.369488 0.756401
0.567553 0.591632
0.676534 0.842189
0.925871 0.745079
0.538377 0.539415
0.557054 0.817438
0.730857 0.618458
0.832179 0.730094
0.286386 0.542467
0.473342 0.661245
0.422926 0.860347
0.395367 0.559374
0.342112 0.501724
0.630207 0.784753
0.521714 0.775842
0.478774 0.892575
0.526994 0.642750
0.559679 0.679952
0.445479 0.641499
0.467360 0.728477
0.445479 0.659383
0.414075 0.467421
0.645039 0.855129
0.470199 0.869961
0.720389 0.691031
0.376263 0.805750
0.731285 0.804529
0.304605 0.594501
0.741783 0.639393
0.907773 0.694174
0.556810 0.717063
0.561693 0.714164
0.451308 0.594165
0.376659 0.487350
0.456435 0.504685
0.835810 0.828486
0.338206 0.539964
0.971068 0.739006
0.387982 0.636860
0.640156 0.868313
0.423811 0.791131
0.359905 0.462081
0.654714 0.685232
0.376141 0.736717
0.512711 0.638386
0.851833 0.769646
0.646413 0.703146
0.267556 0.455092
0.580554 0.572802
0.727287 0.758232
0.568987 0.866420
0.770074 0.632405
0.490219 0.701559
0.657552 0.680410
0.370983 0.692434
0.509079 0.626484
0.403333 0.810236
0.513565 0.846278
0.668355 0.722068
0.762749 0.672048
0.570757 0.877438
0.600696 0.653371
0.768761 0.785028
0.645436 0.789850
0.711142 0.775964
0.807703 0.747673
0.427534 0.742759
0.361736 0.447096
0.477432 0.626789
0.542924 0.565844
0.391491 0.840297
0.389904 0.533006
0.478072 0.758995
0.455489 0.885525
0.377361 0.751213
0.365886 0.535386
0.325205 0.639454
0.395337 0.548997
0.428510 0.699393
0.524705 0.754418
0.736778 0.766900
0.636891 0.595416
0.541459 0.614826
0.660146 0.840754
0.821711 0.634236
0.808008 0.717917
0.399213 0.508286
0.316721 0.586261
0.779687 0.789514
0.613453 0.794885
0.525285 0.708487
0.549089 0.806696
0.913602 0.743004
0.546129 0.656850
0.347453 0.582202
0.388318 0.834040
0.391522 0.772851
0.902158 0.816858
0.722892 0.693442
0.893643 0.805902
0.513413 0.791833
0.703207 0.624928
0.776971 0.658650
0.870937 0.700735
0.523331 0.524339
0.536393 0.869594
0.607196 0.873806
0.346080 0.598590
0.261208 0.411023
0.939512 0.693350
0.509537 0.878140
0.557482 0.815943
0.585192 0.582049
0.780053 0.764489
0.805261 0.713553
0.645009 0.859249
0.428388 0.536424
0.893399 0.819269
0.822810 0.761315
0.285989 0.547380
0.643208 0.850795
0.545061 0.755821
0.464858 0.842463
0.713340 0.618519
0.631642 0.655599
0.430342 0.885647
0.783837 0.714377
0.858028 0.718741
0.466384 0.878323
0.905972 0.681051
0.641041 0.682241
0.421125 0.773400
0.399060 0.717215
0.417951 0.915830
0.463546 0.676473
0.761956 0.692526
0.815302 0.691458
0.866329 0.821833
0.344523 0.619984
0.729179 0.696158
0.767296 0.778924
0.601489 0.801233
0.633808 0.722800
0.548753 0.733177
0.820276 0.645680
0.455214 0.847377
0.588336 0.844996
0.504074 0.658986
0.448866 0.834254
0.734428 0.705161
0.491409 0.677664
0.667867 0.568072
0.628193 0.844478
0.528489 0.781884
0.692770 0.684805
0.821375 0.713797
0.414991 0.492996
0.446486 0.853694
0.501205 0.685202
0.359996 0.751183
0.455702 0.799524
0.674520 0.674459
0.686514 0.700095
0.927610 0.720481
0.349345 0.658406
0.630787 0.868770
0.854030 0.644002
0.541887 0.650075
0.792016 0.737877
0.672140 0.669973
0.457411 0.742729
0.801569 0.746055
0.581622 0.728355
0.808466 0.655232
0.552507 0.795038
0.487320 0.775628
0.720389 0.720023
0.625752 0.722861
0.620624 0.792230
0.574847 0.706076
0.610279 0.739799
0.768029 0.796350
0.527482 0.799585
0.739189 0.816340
0.699881 0.770714
0.520829 0.795984
0.802149 0.631031
0.985595 0.766747
0.458937 0.857021
0.419538 0.490616
0.965300 0.797723
0.766411 0.711661
0.593341 0.707175
0.659780 0.854305
0.682333 0.732719
0.542192 0.707053
0.751549 0.840052
0.841365 0.755242
0.605182 0.745109
0.363201 0.574480
0.706290 0.626728
0.386090 0.638173
0.603015 0.809229
0.589801 0.862453
0.736290 0.644246
0.714927 0.608142
0.569994 0.882534
0.400006 0.481887
0.880764 0.724937
0.382031 0.691702
0.701804 0.792230
0.344157 0.683370
0.589892 0.553514
0.595843 0.754631
0.352886 0.503555
0.690115 0.615070
0.872433 0.816645
0.415510 0.477004
0.795312 0.759087
0.551500 0.788354
0.436110 0.794763
0.985107 0.758721
0.946013 0.703055
0.445418 0.767083
0.646779 0.578661
0.617115 0.610523
0.653523 0.584948
0.288736 0.534898
0.534898 0.523698
0.782006 0.680380
0.368389 0.719810
0.356975 0.525834
0.423261 0.655263
0.364299 0.509476
0.476180 0.851039
0.582751 0.646626
0.287179 0.431684
0.802576 0.729087
0.566729 0.580859
0.620045 0.572222
0.933531 0.707419
0.319102 0.501358
0.369182 0.526780
0.863674 0.654958
0.486679 0.902188
0.892331 0.770043
0.418256 0.652394
0.844691 0.790429
0.435438 0.661946
0.541948 0.793298
0.368603 0.668416
0.400708 0.687399
0.484970 0.556413
0.616260 0.758751
0.880764 0.687399
0.485244 0.552934
0.648030 0.856044
0.990570 0.775658
0.477706 0.612934
0.576861 0.618671
0.641133 0.869869
0.413495 0.509049
0.752037 0.838496
0.656056 0.581317
0.909879 0.746544
0.665456 0.590747
0.402936 0.756432
0.550584 0.718772
0.383557 0.740471
0.559343 0.611316
0.502670 0.566607
0.752007 0.661428
0.330668 0.634968
0.830988 0.765526
0.298227 0.591021
0.325999 0.668294
0.487259 0.496048
0.566607 0.870540
0.571551 0.736167
0.798853 0.835475
0.628315 0.786157
0.719199 0.628285
0.505295 0.550157
0.378430 0.483627
0.317454 0.592029
0.411542 0.907834
0.537370 0.762566
0.482650 0.573046
0.618397 0.794122
0.360576 0.492416
0.427015 0.601642
0.280404 0.414563
0.371715 0.635884
0.605487 0.549760
0.816645 0.759392
0.496261 0.780023
0.328898 0.686300
0.620899 0.739647
0.828333 0.697012
0.732841 0.760277
0.705405 0.664815
0.869350 0.661519
0.321085 0.638936
0.674062 0.753349
0.332163 0.649831
0.395154 0.548845
0.605670 0.587909
0.707877 0.716086
0.691916 0.670461
0.969848 0.788018
0.384869 0.666280
0.903470 0.815516
0.897732 0.808710
0.751885 0.759545
0.865749 0.813074
0.575915 0.589434
0.677267 0.676809
0.642445 0.641621
0.378826 0.463363
0.465102 0.903043
0.604572 0.853542
0.801538 0.655568
0.754753 0.754326
0.581591 0.659383
0.693625 0.591784
0.348155 0.622272
0.693411 0.857875
0.945158 0.767205
0.375805 0.684530
